# transform file /out/sourcedata/freesurfer/sub-v1s19x0051295_ses-1/mri/transforms/cc_up.lta
# created by oesteban on Thu Mar 12 13:48:36 2026

type      = 0 # LINEAR_VOX_TO_VOX
nxforms   = 1
mean      = 120.0000 92.0000 134.0000
sigma     = 10000.0000
1 4 4
9.912738800048828e-01 -1.208105757832527e-01 -5.273337289690971e-02 2.475233078002930e+01 
1.206399947404861e-01 9.926755428314209e-01 -6.417756434530020e-03 3.988117599487305e+01 
5.312246456742287e-02 4.656612317965880e-10 9.985879659652710e-01 -4.196779251098633e+00 
0.000000000000000e+00 0.000000000000000e+00 0.000000000000000e+00 1.000000000000000e+00 
src volume info
valid = 1  # volume info valid
filename = /out/sourcedata/freesurfer/sub-v1s19x0051295_ses-1/mri/norm.mgz
volume = 256 256 256
voxelsize = 1.000000000000000e+00 1.000000000000000e+00 1.000000000000000e+00
xras   = -1.000000000000000e+00 0.000000000000000e+00 0.000000000000000e+00
yras   = 0.000000000000000e+00 0.000000000000000e+00 -1.000000000000000e+00
zras   = 0.000000000000000e+00 1.000000000000000e+00 0.000000000000000e+00
cras   = -3.515228271484375e+00 -2.031959533691406e+00 -2.632406616210938e+01
dst volume info
valid = 1  # volume info valid
filename = /out/sourcedata/freesurfer/sub-v1s19x0051295_ses-1/mri/norm.mgz
volume = 256 256 256
voxelsize = 1.000000000000000e+00 1.000000000000000e+00 1.000000000000000e+00
xras   = -1.000000000000000e+00 0.000000000000000e+00 0.000000000000000e+00
yras   = 0.000000000000000e+00 0.000000000000000e+00 -1.000000000000000e+00
zras   = 0.000000000000000e+00 1.000000000000000e+00 0.000000000000000e+00
cras   = -3.515228271484375e+00 -2.031959533691406e+00 -2.632406616210938e+01
