# transform file transforms/talairach.lta
# created by oesteban on Thu Mar 12 12:46:44 2026

type      = 0 # LINEAR_VOX_TO_VOX
nxforms   = 1
mean      = 121.0000 92.0000 134.0000
sigma     = 10000.0000
1 4 4
1.064523220062256e+00 -1.792237311601639e-01 -4.409107565879822e-02 1.712030220031738e+01 
1.336007565259933e-01 1.081557154655457e+00 -1.646432429552078e-01 2.447491455078125e+01 
7.912978529930115e-02 1.916475594043732e-01 1.022146344184875e+00 -5.812240600585938e+01 
0.000000000000000e+00 0.000000000000000e+00 0.000000000000000e+00 1.000000000000000e+00 
src volume info
valid = 1  # volume info valid
filename = nu.mgz
volume = 256 256 256
voxelsize = 1.000000000000000e+00 1.000000000000000e+00 1.000000000000000e+00
xras   = -1.000000000000000e+00 0.000000000000000e+00 0.000000000000000e+00
yras   = 0.000000000000000e+00 0.000000000000000e+00 -1.000000000000000e+00
zras   = 0.000000000000000e+00 1.000000000000000e+00 0.000000000000000e+00
cras   = -3.515228271484375e+00 -2.031959533691406e+00 -2.632406616210938e+01
dst volume info
valid = 1  # volume info valid
filename = /opt/freesurfer/average/RB_all_2020-01-02.gca
volume = 256 256 256
voxelsize = 1.000000000000000e+00 1.000000000000000e+00 1.000000000000000e+00
xras   = -1.000000000000000e+00 0.000000000000000e+00 0.000000000000000e+00
yras   = 0.000000000000000e+00 0.000000000000000e+00 -1.000000000000000e+00
zras   = 0.000000000000000e+00 1.000000000000000e+00 0.000000000000000e+00
cras   = 0.000000000000000e+00 0.000000000000000e+00 0.000000000000000e+00
