# transform file /out/sourcedata/freesurfer/sub-v1s19x0051294_ses-1/mri/transforms/cc_up.lta
# created by oesteban on Thu Mar 12 14:18:34 2026

type      = 0 # LINEAR_VOX_TO_VOX
nxforms   = 1
mean      = 129.0000 115.0000 124.0000
sigma     = 10000.0000
1 4 4
9.958035945892334e-01 -2.716194652020931e-02 8.739253133535385e-02 -8.589594841003418e+00 
2.705794759094715e-02 9.996311068534851e-01 2.374627394601703e-03 2.222377204895020e+01 
-8.742478489875793e-02 0.000000000000000e+00 9.961711168289185e-01 3.793061065673828e+01 
0.000000000000000e+00 0.000000000000000e+00 0.000000000000000e+00 1.000000000000000e+00 
src volume info
valid = 1  # volume info valid
filename = /out/sourcedata/freesurfer/sub-v1s19x0051294_ses-1/mri/norm.mgz
volume = 256 256 256
voxelsize = 1.000000000000000e+00 1.000000000000000e+00 1.000000000000000e+00
xras   = -1.000000000000000e+00 0.000000000000000e+00 0.000000000000000e+00
yras   = 0.000000000000000e+00 0.000000000000000e+00 -1.000000000000000e+00
zras   = 0.000000000000000e+00 1.000000000000000e+00 0.000000000000000e+00
cras   = 3.021156311035156e+00 5.231986999511719e+00 1.250120544433594e+01
dst volume info
valid = 1  # volume info valid
filename = /out/sourcedata/freesurfer/sub-v1s19x0051294_ses-1/mri/norm.mgz
volume = 256 256 256
voxelsize = 1.000000000000000e+00 1.000000000000000e+00 1.000000000000000e+00
xras   = -1.000000000000000e+00 0.000000000000000e+00 0.000000000000000e+00
yras   = 0.000000000000000e+00 0.000000000000000e+00 -1.000000000000000e+00
zras   = 0.000000000000000e+00 1.000000000000000e+00 0.000000000000000e+00
cras   = 3.021156311035156e+00 5.231986999511719e+00 1.250120544433594e+01
