# transform file /out/sourcedata/freesurfer/sub-v1s19x0051297_ses-1/mri/transforms/cc_up.lta
# created by oesteban on Thu Mar 12 14:03:56 2026

type      = 0 # LINEAR_VOX_TO_VOX
nxforms   = 1
mean      = 135.0000 95.0000 121.0000
sigma     = 10000.0000
1 4 4
9.809681773185730e-01 -1.124743223190308e-01 -1.582747846841812e-01 2.384326171875000e+01 
1.110383123159409e-01 9.936546087265015e-01 -1.791553013026714e-02 4.386363601684570e+01 
1.592855155467987e-01 0.000000000000000e+00 9.872325062751770e-01 -4.747509956359863e-01 
0.000000000000000e+00 0.000000000000000e+00 0.000000000000000e+00 1.000000000000000e+00 
src volume info
valid = 1  # volume info valid
filename = /out/sourcedata/freesurfer/sub-v1s19x0051297_ses-1/mri/norm.mgz
volume = 256 256 256
voxelsize = 1.000000000000000e+00 1.000000000000000e+00 1.000000000000000e+00
xras   = -1.000000000000000e+00 0.000000000000000e+00 3.725290298461914e-09
yras   = 0.000000000000000e+00 0.000000000000000e+00 -1.000000000000000e+00
zras   = 0.000000000000000e+00 1.000000000000000e+00 0.000000000000000e+00
cras   = 1.273751831054688e+01 2.339177703857422e+01 -1.233654022216797e+01
dst volume info
valid = 1  # volume info valid
filename = /out/sourcedata/freesurfer/sub-v1s19x0051297_ses-1/mri/norm.mgz
volume = 256 256 256
voxelsize = 1.000000000000000e+00 1.000000000000000e+00 1.000000000000000e+00
xras   = -1.000000000000000e+00 0.000000000000000e+00 3.725290298461914e-09
yras   = 0.000000000000000e+00 0.000000000000000e+00 -1.000000000000000e+00
zras   = 0.000000000000000e+00 1.000000000000000e+00 0.000000000000000e+00
cras   = 1.273751831054688e+01 2.339177703857422e+01 -1.233654022216797e+01
