#Insight Transform File V1.0
#Transform 0
Transform: AffineTransform_float_3_3
Parameters: 0.999999 -0.000181368 0.000815197 0.00017243 0.999937 0.0111688 -0.000817548 -0.0111681 0.999938 -0.0263885 0.0668395 0.143475
FixedParameters: 0 0 0

#Transform 1
Transform: AffineTransform_float_3_3
Parameters: 0.999999 0.000338959 0.00127182 -0.000351059 0.999952 0.00978349 -0.00126851 -0.00978462 0.999951 -0.0628987 0.102191 0.120158
FixedParameters: 0 0 0

#Transform 2
Transform: AffineTransform_float_3_3
Parameters: 0.999997 0.00129192 0.00207668 -0.00131566 0.999935 0.0113082 -0.0020622 -0.0113105 0.999934 -0.0022489 0.116417 0.115037
FixedParameters: 0 0 0

#Transform 3
Transform: AffineTransform_float_3_3
Parameters: 0.999995 0.000700145 0.0031182 -0.000735347 0.999936 0.0112577 -0.00310952 -0.0112593 0.999931 -0.00207944 0.0905776 0.151535
FixedParameters: 0 0 0

#Transform 4
Transform: AffineTransform_float_3_3
Parameters: 0.999997 8.8792e-05 0.00276172 -0.000109865 0.999972 0.00754129 -0.00276063 -0.00754155 0.999968 -0.00240782 0.112631 0.12265
FixedParameters: 0 0 0

#Transform 5
Transform: AffineTransform_float_3_3
Parameters: 0.999993 0.000115253 0.0037797 -0.000144255 0.999971 0.00759357 -0.00377806 -0.00759443 0.999964 -0.0238895 0.0971171 0.23114
FixedParameters: 0 0 0

#Transform 6
Transform: AffineTransform_float_3_3
Parameters: 0.999999 -1.35446e-06 0.00116878 -6.20925e-06 0.999978 0.00654307 -0.00116841 -0.00654235 0.999978 -0.0736322 0.0850577 0.139564
FixedParameters: 0 0 0

#Transform 7
Transform: AffineTransform_float_3_3
Parameters: 0.999999 6.56752e-05 0.00162117 -7.44611e-05 0.999983 0.00570002 -0.00162072 -0.00570015 0.999983 -0.0677923 0.0454361 0.184102
FixedParameters: 0 0 0

#Transform 8
Transform: AffineTransform_float_3_3
Parameters: 0.999996 -0.000647733 0.00268732 0.000645902 0.999999 0.000415447 -0.00268782 -0.000413502 0.999997 0.0047813 -0.0413224 0.249591
FixedParameters: 0 0 0

#Transform 9
Transform: AffineTransform_float_3_3
Parameters: 0.999993 -0.00358658 0.000990267 0.00360383 0.999833 -0.0179155 -0.000926019 0.0179191 0.999839 -0.110687 -0.16812 0.0348312
FixedParameters: 0 0 0

#Transform 10
Transform: AffineTransform_float_3_3
Parameters: 0.999991 -0.0032331 -0.00298584 0.00320711 0.999958 -0.00856843 0.00301435 0.00855968 0.999959 -0.0162546 -0.159397 -0.0383024
FixedParameters: 0 0 0

#Transform 11
Transform: AffineTransform_float_3_3
Parameters: 0.999971 -0.00309709 -0.0069743 0.00306661 0.999985 -0.00434184 0.00698722 0.00432071 0.999967 -0.138568 -0.00460015 0.132452
FixedParameters: 0 0 0

#Transform 12
Transform: AffineTransform_float_3_3
Parameters: 0.999992 -0.000444479 -0.00391521 0.000437054 0.999998 -0.00190301 0.00391585 0.00190202 0.99999 -0.0756508 0.0630767 0.0865637
FixedParameters: 0 0 0

#Transform 13
Transform: AffineTransform_float_3_3
Parameters: 0.999986 0.000517889 -0.00519529 -0.000548185 0.999983 -0.00586006 0.00519283 0.00586292 0.999969 -0.0118492 0.0358465 -0.0100221
FixedParameters: 0 0 0

#Transform 14
Transform: AffineTransform_float_3_3
Parameters: 0.999991 -2.20135e-05 -0.00419624 -1.09152e-05 0.999968 -0.00799168 0.00419652 0.00799148 0.999959 -0.0609965 -0.00122711 0.023343
FixedParameters: 0 0 0

#Transform 15
Transform: AffineTransform_float_3_3
Parameters: 0.999994 -9.67497e-05 -0.00350571 7.29897e-05 0.999976 -0.00692197 0.00350577 0.00692118 0.99997 -0.0334108 -0.0319426 0.0839824
FixedParameters: 0 0 0

#Transform 16
Transform: AffineTransform_float_3_3
Parameters: 0.999998 -0.00125041 -0.00126821 0.00124058 0.999966 -0.00810767 0.00127782 0.00810591 0.999966 0.0233996 -0.0159053 0.0771167
FixedParameters: 0 0 0

#Transform 17
Transform: AffineTransform_float_3_3
Parameters: 0.999998 -0.0014399 -0.00123364 0.00142964 0.999968 -0.00786383 0.00124432 0.00786219 0.999969 0.0252055 -0.00414171 0.069229
FixedParameters: 0 0 0

#Transform 18
Transform: AffineTransform_float_3_3
Parameters: 0.999999 -0.00099381 -0.000908245 0.000985686 0.999967 -0.00808326 0.000916378 0.00808188 0.999968 0.0167118 0.0110709 0.0634175
FixedParameters: 0 0 0

#Transform 19
Transform: AffineTransform_float_3_3
Parameters: 1 -0.000444257 -0.000189166 0.000443439 0.999987 -0.00496125 0.000190855 0.00496114 0.999987 0.0622615 -0.041689 0.12831
FixedParameters: 0 0 0

#Transform 20
Transform: AffineTransform_float_3_3
Parameters: 1 0.000274029 0.00105523 -0.000270646 0.999996 -0.00287142 -0.00105544 0.00287137 0.999996 0.00554046 0.0127557 0.0323585
FixedParameters: 0 0 0

#Transform 21
Transform: AffineTransform_float_3_3
Parameters: 0.999999 -0.00163069 0.000301778 0.00163163 0.999995 -0.00300298 -0.000296634 0.0030038 0.999995 0.10196 0.000383051 0.104425
FixedParameters: 0 0 0

#Transform 22
Transform: AffineTransform_float_3_3
Parameters: 0.999999 -0.000969347 0.000430858 0.000970658 0.999995 -0.00317114 -0.000428278 0.00317108 0.999995 0.10838 -0.00968556 0.110286
FixedParameters: 0 0 0

#Transform 23
Transform: AffineTransform_float_3_3
Parameters: 0.999978 -0.00272672 0.0061548 0.00278833 0.999946 -0.0100391 -0.00612729 0.0100567 0.999931 0.279713 -0.127054 0.270352
FixedParameters: 0 0 0

#Transform 24
Transform: AffineTransform_float_3_3
Parameters: 0.999988 -0.00233733 0.00431089 0.00237402 0.999961 -0.00854906 -0.00429019 0.0085592 0.999954 0.165015 0.0291494 0.199207
FixedParameters: 0 0 0

#Transform 25
Transform: AffineTransform_float_3_3
Parameters: 0.999994 -0.00246981 -0.00228371 0.00248914 0.999957 0.00886806 0.00226145 -0.00887366 0.999958 0.0613457 0.146664 0.0582068
FixedParameters: 0 0 0

#Transform 26
Transform: AffineTransform_float_3_3
Parameters: 0.99997 -0.00322747 -0.0070607 0.00337574 0.999771 0.0211134 0.00699146 -0.0211363 0.999752 0.0113927 0.231226 0.167278
FixedParameters: 0 0 0

#Transform 27
Transform: AffineTransform_float_3_3
Parameters: 0.999969 -0.00507443 -0.00599976 0.00519255 0.99979 0.0198271 0.00589809 -0.0198579 0.999785 0.0317417 0.206976 0.111032
FixedParameters: 0 0 0

#Transform 28
Transform: AffineTransform_float_3_3
Parameters: 0.999929 -0.0076952 -0.00911636 0.00801129 0.999348 0.0352165 0.00883895 -0.0352876 0.999338 0.0692376 0.421296 0.148207
FixedParameters: 0 0 0

#Transform 29
Transform: AffineTransform_float_3_3
Parameters: 0.999965 -0.00418507 -0.00725188 0.00439771 0.999555 0.0295137 0.00712568 -0.0295445 0.999538 0.0128366 0.359983 0.0985082
FixedParameters: 0 0 0

#Transform 30
Transform: AffineTransform_float_3_3
Parameters: 0.999959 -0.00536142 -0.00734436 0.00566887 0.999082 0.0424463 0.00710998 -0.0424864 0.999072 0.0559598 0.540464 0.0378122
FixedParameters: 0 0 0

#Transform 31
Transform: AffineTransform_float_3_3
Parameters: 0.999999 -1.71597e-05 -0.00148829 5.38078e-05 0.999699 0.0245068 0.00148737 -0.0245067 0.999699 -0.108051 0.290381 -0.0992389
FixedParameters: 0 0 0

#Transform 32
Transform: AffineTransform_float_3_3
Parameters: 0.999994 -0.0011399 -0.00319258 0.00120543 0.999789 0.0204986 0.00316873 -0.0205024 0.999784 -0.0477431 0.268534 -0.118889
FixedParameters: 0 0 0

#Transform 33
Transform: AffineTransform_float_3_3
Parameters: 0.999995 -0.000999774 -0.00281072 0.00103878 0.999904 0.0138596 0.00279657 -0.0138619 0.9999 -0.0259586 0.130836 -0.16631
FixedParameters: 0 0 0

#Transform 34
Transform: AffineTransform_float_3_3
Parameters: 0.999988 0.00257259 -0.00404682 -0.00253271 0.99995 0.00974746 0.00407134 -0.00973645 0.999945 -0.164069 0.157719 -0.300552
FixedParameters: 0 0 0

#Transform 35
Transform: AffineTransform_float_3_3
Parameters: 0.999984 0.00352783 -0.00443962 -0.00348578 0.99995 0.00946019 0.00447244 -0.00944414 0.999946 -0.176183 0.154559 -0.376053
FixedParameters: 0 0 0

#Transform 36
Transform: AffineTransform_float_3_3
Parameters: 0.99999 0.00239335 -0.00390978 -0.00235365 0.999945 0.0103058 0.00393432 -0.0102963 0.999939 -0.141084 0.145146 -0.390355
FixedParameters: 0 0 0

#Transform 37
Transform: AffineTransform_float_3_3
Parameters: 0.999989 0.00241398 -0.00404154 -0.00237617 0.999953 0.00938471 0.00406375 -0.00937487 0.999948 -0.161762 0.114377 -0.38587
FixedParameters: 0 0 0

#Transform 38
Transform: AffineTransform_float_3_3
Parameters: 0.999982 0.00311129 -0.00514826 -0.00307521 0.999971 0.00697259 0.00517013 -0.00695734 0.999963 -0.220579 0.077666 -0.410124
FixedParameters: 0 0 0

#Transform 39
Transform: AffineTransform_float_3_3
Parameters: 0.999985 0.00334729 -0.00446294 -0.00333831 0.999992 0.00214697 0.00446989 -0.0021326 0.999988 -0.191267 0.0726106 -0.464396
FixedParameters: 0 0 0

#Transform 40
Transform: AffineTransform_float_3_3
Parameters: 0.999981 0.00348343 -0.00508653 -0.00347218 0.999991 0.00220752 0.00509419 -0.00218916 0.999984 -0.213476 0.0743685 -0.512679
FixedParameters: 0 0 0

#Transform 41
Transform: AffineTransform_float_3_3
Parameters: 0.999981 0.00351885 -0.0050263 -0.00351456 0.999993 0.0008009 0.00502927 -0.000783234 0.999987 -0.21514 0.0323951 -0.52074
FixedParameters: 0 0 0

#Transform 42
Transform: AffineTransform_float_3_3
Parameters: 0.999986 0.00307753 -0.00444329 -0.00307987 0.999995 -0.000458484 0.00444182 0.000472351 0.999989 -0.168483 0.0617365 -0.527553
FixedParameters: 0 0 0

#Transform 43
Transform: AffineTransform_float_3_3
Parameters: 0.999986 0.00236686 -0.00469391 -0.00234687 0.999989 0.00425501 0.00470395 -0.00424361 0.99998 -0.17955 0.0743669 -0.368169
FixedParameters: 0 0 0

#Transform 44
Transform: AffineTransform_float_3_3
Parameters: 0.999981 0.00240133 -0.00569747 -0.00239618 0.999997 0.000961027 0.00569949 -0.000946789 0.999983 -0.229688 0.0566004 -0.545536
FixedParameters: 0 0 0

#Transform 45
Transform: AffineTransform_float_3_3
Parameters: 0.999976 0.00195483 -0.00667427 -0.00196498 0.999997 -0.00149869 0.00667145 0.00151226 0.999977 -0.255712 0.0506871 -0.531764
FixedParameters: 0 0 0

#Transform 46
Transform: AffineTransform_float_3_3
Parameters: 0.999965 0.00154765 -0.00821827 -0.00150687 0.999986 0.00499372 0.00822539 -0.00498115 0.999953 -0.246636 0.0663398 -0.378622
FixedParameters: 0 0 0

#Transform 47
Transform: AffineTransform_float_3_3
Parameters: 0.999975 0.00110056 -0.00687662 -0.00107954 0.999995 0.00305864 0.00687975 -0.00305052 0.999972 -0.17607 0.0493963 -0.448662
FixedParameters: 0 0 0

#Transform 48
Transform: AffineTransform_float_3_3
Parameters: 0.999952 0.000800158 -0.00979657 -0.00064435 0.999873 0.015942 0.0098074 -0.0159349 0.999825 -0.166154 0.200897 -0.41506
FixedParameters: 0 0 0

#Transform 49
Transform: AffineTransform_float_3_3
Parameters: 0.99995 0.000622882 -0.0100239 -0.000478312 0.999896 0.0144016 0.0100314 -0.0143967 0.999846 -0.193275 0.12785 -0.595768
FixedParameters: 0 0 0

#Transform 50
Transform: AffineTransform_float_3_3
Parameters: 0.999975 -7.25047e-05 -0.00698528 0.000146405 0.999945 0.0105583 0.00698428 -0.0105586 0.99992 -0.103533 0.143069 -0.628388
FixedParameters: 0 0 0

#Transform 51
Transform: AffineTransform_float_3_3
Parameters: 0.999962 0.0019274 -0.0085779 -0.0018437 0.999951 0.00970645 0.00859566 -0.0096896 0.999916 -0.188253 0.173447 -0.568747
FixedParameters: 0 0 0

#Transform 52
Transform: AffineTransform_float_3_3
Parameters: 0.999972 0.00224691 -0.00718478 -0.00222329 0.999992 0.00333283 0.00719179 -0.00331724 0.999969 -0.197536 -0.0261724 -0.278891
FixedParameters: 0 0 0

#Transform 53
Transform: AffineTransform_float_3_3
Parameters: 0.999996 0.00256044 0.000911088 -0.00255437 0.999976 -0.00643803 -0.00092785 0.00643503 0.999979 -0.0245059 -0.0214979 -0.0454951
FixedParameters: 0 0 0

#Transform 54
Transform: AffineTransform_float_3_3
Parameters: 1 0.000404536 0.000529068 -0.000397909 0.999921 -0.0125625 -0.000534263 0.0125622 0.999921 0.0572438 -0.0209994 -0.109419
FixedParameters: 0 0 0

#Transform 55
Transform: AffineTransform_float_3_3
Parameters: 0.999968 -0.00179606 0.00787503 0.00208263 0.999333 -0.0364711 -0.00780533 0.0364854 0.999304 -0.106932 -0.528067 -0.372746
FixedParameters: 0 0 0

#Transform 56
Transform: AffineTransform_float_3_3
Parameters: 0.999892 0.000760332 -0.0146816 -0.000429052 0.999746 0.0225504 0.0146952 -0.0225416 0.999638 -0.211512 0.535969 -0.245129
FixedParameters: 0 0 0

#Transform 57
Transform: AffineTransform_float_3_3
Parameters: 0.999989 0.00253013 -0.00410027 -0.00250527 0.999978 0.00612675 0.00411607 -0.00611588 0.999973 -0.0514155 0.0224003 0.162672
FixedParameters: 0 0 0

#Transform 58
Transform: AffineTransform_float_3_3
Parameters: 0.999995 0.00147577 -0.00269535 -0.00147098 0.999997 0.00159714 0.00269732 -0.00159327 0.999996 -0.0330575 0.109841 0.218383
FixedParameters: 0 0 0

#Transform 59
Transform: AffineTransform_float_3_3
Parameters: 0.999996 -0.000198827 -0.00308293 0.000202815 0.999999 0.00126553 0.00308288 -0.00126653 0.999994 0.0294666 0.0871796 0.0512519
FixedParameters: 0 0 0

#Transform 60
Transform: AffineTransform_float_3_3
Parameters: 0.999993 -0.000153985 -0.00359495 0.000162073 0.999997 0.00242799 0.00359414 -0.00242867 0.999991 0.0605963 0.0513702 0.114781
FixedParameters: 0 0 0

#Transform 61
Transform: AffineTransform_float_3_3
Parameters: 0.99999 0.000891457 -0.0043065 -0.000876163 0.999994 0.00331455 0.00430943 -0.00331055 0.999985 -0.0601286 0.0376172 -0.134897
FixedParameters: 0 0 0

#Transform 62
Transform: AffineTransform_float_3_3
Parameters: 0.999988 0.00166432 0.00465 -0.0016527 0.999995 -0.0025773 -0.00465424 0.00256994 0.999985 0.205687 0.00952448 0.340511
FixedParameters: 0 0 0

#Transform 63
Transform: AffineTransform_float_3_3
Parameters: 0.999955 -0.00113951 0.00946017 0.00119736 0.99998 -0.00614412 -0.00945266 0.0061555 0.999936 0.278739 -0.0256158 0.150551
FixedParameters: 0 0 0

#Transform 64
Transform: AffineTransform_float_3_3
Parameters: 0.999987 -0.000211269 0.0049747 0.000184204 0.999985 0.00545455 -0.00497597 -0.00545422 0.999973 0.15905 0.0722937 -0.0623634
FixedParameters: 0 0 0

#Transform 65
Transform: AffineTransform_float_3_3
Parameters: 0.999996 0.000835602 0.0026648 -0.00084722 0.999991 0.00437643 -0.00266061 -0.00437867 0.999986 0.151796 0.0487376 0.0482551
FixedParameters: 0 0 0

#Transform 66
Transform: AffineTransform_float_3_3
Parameters: 0.999975 0.00131585 0.00692596 -0.00133928 0.999993 0.00333646 -0.00692159 -0.00334538 0.99997 0.22579 -0.00261053 -0.0810597
FixedParameters: 0 0 0

#Transform 67
Transform: AffineTransform_float_3_3
Parameters: 0.999967 -0.000208341 0.00817371 0.000140747 0.999966 0.00821997 -0.00817478 -0.00821894 0.999933 0.268362 0.0582065 -0.169809
FixedParameters: 0 0 0

#Transform 68
Transform: AffineTransform_float_3_3
Parameters: 0.999985 -0.000403406 0.00551248 0.000347944 0.999951 0.00998294 -0.00551575 -0.00998079 0.999935 0.239916 0.109227 -0.179342
FixedParameters: 0 0 0

#Transform 69
Transform: AffineTransform_float_3_3
Parameters: 0.999984 -0.000596042 0.00569833 0.000546084 0.999962 0.00871664 -0.00570394 -0.00871266 0.999946 0.24624 0.137295 -0.270266
FixedParameters: 0 0 0

#Transform 70
Transform: AffineTransform_float_3_3
Parameters: 0.999989 0.000302325 0.00474328 -0.000344387 0.99996 0.0089438 -0.00474013 -0.00894504 0.999949 0.216065 0.0969885 -0.178193
FixedParameters: 0 0 0

#Transform 71
Transform: AffineTransform_float_3_3
Parameters: 0.999989 0.000547071 0.00470666 -0.000562542 0.999994 0.00325339 -0.00470433 -0.00325634 0.999983 0.158675 0.0822559 0.202743
FixedParameters: 0 0 0

#Transform 72
Transform: AffineTransform_float_3_3
Parameters: 0.99997 0.000427873 0.00780639 -0.000339004 0.999934 -0.0114634 -0.00781011 0.0114601 0.999904 0.210368 -0.0751135 0.107946
FixedParameters: 0 0 0

#Transform 73
Transform: AffineTransform_float_3_3
Parameters: 0.99999 -0.00133283 -0.00440119 0.00138366 0.999932 0.0115559 0.00438573 -0.0115621 0.999923 0.098779 0.316197 -0.26142
FixedParameters: 0 0 0

#Transform 74
Transform: AffineTransform_float_3_3
Parameters: 0.999988 -0.000462046 -0.00472361 0.000539632 0.999866 0.0163651 0.0047161 -0.0163676 0.999855 0.0659674 0.214607 -0.213258
FixedParameters: 0 0 0

#Transform 75
Transform: AffineTransform_float_3_3
Parameters: 0.999992 -9.07394e-05 -0.00381179 0.000146262 0.999894 0.0145206 0.00380973 -0.0145207 0.999888 0.0522696 0.175019 -0.242884
FixedParameters: 0 0 0

#Transform 76
Transform: AffineTransform_float_3_3
Parameters: 0.999996 -0.000277433 -0.00261541 0.000312884 0.999906 0.0136902 0.00261107 -0.0136913 0.999903 0.0515738 0.135645 -0.139749
FixedParameters: 0 0 0

#Transform 77
Transform: AffineTransform_float_3_3
Parameters: 1 -0.000156126 -0.00105395 0.000167313 0.999945 0.0105165 0.00105285 -0.010516 0.999944 0.0754757 0.161499 -0.441572
FixedParameters: 0 0 0

#Transform 78
Transform: AffineTransform_float_3_3
Parameters: 1 -0.000828734 0.000865852 0.000817045 0.999907 0.0136142 -0.000877025 -0.013613 0.999907 0.157091 0.248184 -0.677918
FixedParameters: 0 0 0

#Transform 79
Transform: AffineTransform_float_3_3
Parameters: 0.999994 -0.00134059 0.00339401 0.0012915 0.999895 0.0144317 -0.00341311 -0.0144269 0.99989 0.284922 0.248822 -1.2195
FixedParameters: 0 0 0

#Transform 80
Transform: AffineTransform_float_3_3
Parameters: 0.999999 -0.000690728 0.0012712 0.000677844 0.999951 0.00987532 -0.00127826 -0.0098735 0.99995 0.20065 0.192131 -0.852638
FixedParameters: 0 0 0

#Transform 81
Transform: AffineTransform_float_3_3
Parameters: 0.999999 0.000778762 0.000552735 -0.000782611 0.999979 0.00645672 -0.000547954 -0.00645737 0.999979 0.217175 0.267819 -0.934667
FixedParameters: 0 0 0

#Transform 82
Transform: AffineTransform_float_3_3
Parameters: 0.999999 -0.000804127 0.000956492 0.000783931 0.999792 0.0203758 -0.000973246 -0.0203745 0.999791 0.241896 0.411308 -0.821017
FixedParameters: 0 0 0

#Transform 83
Transform: AffineTransform_float_3_3
Parameters: 0.999996 -0.00139813 0.00247646 0.00132591 0.999574 0.0291484 -0.00251621 -0.0291446 0.999573 0.316788 0.709275 -0.631894
FixedParameters: 0 0 0

#Transform 84
Transform: AffineTransform_float_3_3
Parameters: 0.999989 0.00117945 -0.00463222 -0.00114594 0.999973 0.00713408 0.00464 -0.00712866 0.999964 0.0977408 2.69776 -2.6094
FixedParameters: 0 0 0

#Transform 85
Transform: AffineTransform_float_3_3
Parameters: 0.999988 -0.000831916 -0.00493666 0.000600182 0.998909 -0.0466939 0.00496939 0.0466904 0.998897 -0.196801 -0.0844005 -0.0583371
FixedParameters: 0 0 0

#Transform 86
Transform: AffineTransform_float_3_3
Parameters: 0.999941 -0.0107733 0.00138084 0.0108593 0.99438 -0.10531 -0.000238801 0.105319 0.994439 -0.366538 -1.20021 -1.01405
FixedParameters: 0 0 0

#Transform 87
Transform: AffineTransform_float_3_3
Parameters: 0.99893 -0.004653 -0.0460138 0.00517218 0.999924 0.0111693 0.0459578 -0.0113954 0.998879 -0.921817 0.725501 0.0676254
FixedParameters: 0 0 0

#Transform 88
Transform: AffineTransform_float_3_3
Parameters: 0.999934 -0.000150934 -0.011496 0.000199476 0.999991 0.00421978 0.0114951 -0.00422147 0.999925 -0.416968 0.00622894 1.30616
FixedParameters: 0 0 0

#Transform 89
Transform: AffineTransform_float_3_3
Parameters: 0.999969 -0.00505037 0.00615715 0.00519786 0.999693 -0.0242453 -0.00603315 0.0242762 0.999687 -0.0439386 -0.44939 1.55829
FixedParameters: 0 0 0

#Transform 90
Transform: AffineTransform_float_3_3
Parameters: 0.999995 -0.00141524 0.00298631 0.00141081 0.999997 0.00171131 -0.00298881 -0.00170671 0.999994 -0.0639363 0.24585 1.27572
FixedParameters: 0 0 0

#Transform 91
Transform: AffineTransform_float_3_3
Parameters: 0.999998 -0.00180138 -0.00099119 0.00180556 0.999989 0.00442837 0.000983092 -0.00443123 0.99999 -0.107915 0.302118 0.869821
FixedParameters: 0 0 0

#Transform 92
Transform: AffineTransform_float_3_3
Parameters: 0.999997 0.000117766 -0.0026035 -0.000123879 0.999997 -0.00223772 0.00260269 0.00223798 0.999994 -0.0548232 0.312682 0.737361
FixedParameters: 0 0 0

#Transform 93
Transform: AffineTransform_float_3_3
Parameters: 0.999993 0.00175181 -0.00334843 -0.00180942 0.99985 -0.0171973 0.00331769 0.0172028 0.999846 0.160395 1.59934 0.170067
FixedParameters: 0 0 0

#Transform 94
Transform: AffineTransform_float_3_3
Parameters: 0.999457 0.0090824 -0.0316708 -0.010467 0.998983 -0.0438455 0.0312408 0.0441535 0.998536 -0.882055 0.2052 0.161227
FixedParameters: 0 0 0

#Transform 95
Transform: AffineTransform_float_3_3
Parameters: 0.999775 0.00291026 -0.0210113 -0.00367573 0.999326 -0.0365348 0.0208911 0.0366037 0.999112 -0.684972 0.072005 0.505803
FixedParameters: 0 0 0

#Transform 96
Transform: AffineTransform_float_3_3
Parameters: 0.999886 -0.000375708 -0.0151216 -0.000347477 0.998856 -0.0478258 0.015122 0.0478255 0.998741 -0.225015 -0.111863 0.517756
FixedParameters: 0 0 0

#Transform 97
Transform: AffineTransform_float_3_3
Parameters: 0.999753 0.00469316 -0.0217147 -0.00552232 0.999252 -0.0382678 0.0215185 0.0383783 0.999031 -0.478441 0.0198405 0.53197
FixedParameters: 0 0 0

#Transform 98
Transform: AffineTransform_float_3_3
Parameters: 0.999661 0.00255524 -0.0259002 -0.00314563 0.999736 -0.0227614 0.0258354 0.0228346 0.999405 -0.59809 0.155807 0.386587
FixedParameters: 0 0 0

#Transform 99
Transform: AffineTransform_float_3_3
Parameters: 0.999829 0.0036163 -0.0181539 -0.00416918 0.999525 -0.0305292 0.0180349 0.0306005 0.999369 -0.54998 0.0851291 0.42053
FixedParameters: 0 0 0

#Transform 100
Transform: AffineTransform_float_3_3
Parameters: 0.99997 0.00271455 -0.00730314 -0.00297128 0.99937 -0.0353672 0.00720281 0.0353882 0.999348 -0.259777 0.177105 0.328037
FixedParameters: 0 0 0

#Transform 101
Transform: AffineTransform_float_3_3
Parameters: 0.999986 0.00229766 -0.00474609 -0.0024936 0.999131 -0.0416055 0.00464588 0.0416166 0.999123 -0.151836 -0.0230029 0.358049
FixedParameters: 0 0 0

#Transform 102
Transform: AffineTransform_float_3_3
Parameters: 0.999855 -0.00054647 -0.0169891 -0.000417619 0.998394 -0.0566467 0.0169927 0.0566451 0.99825 -0.438277 -0.0992031 -0.0458203
FixedParameters: 0 0 0

#Transform 103
Transform: AffineTransform_float_3_3
Parameters: 0.99987 0.00206381 -0.0159643 -0.00277423 0.999 -0.0446244 0.0158555 0.0446626 0.998876 -0.455674 -0.0188158 0.0512709
FixedParameters: 0 0 0

#Transform 104
Transform: AffineTransform_float_3_3
Parameters: 0.999989 -0.00109228 -0.00463269 0.000969342 0.999651 -0.0263923 0.00465966 0.026387 0.999641 -0.187853 0.23199 0.193716
FixedParameters: 0 0 0

#Transform 105
Transform: AffineTransform_float_3_3
Parameters: 0.999997 -0.00185215 -0.00132797 0.00179636 0.999153 -0.0411111 0.00140312 0.0411086 0.999154 -0.117252 0.0710864 0.169651
FixedParameters: 0 0 0

#Transform 106
Transform: AffineTransform_float_3_3
Parameters: 0.999786 -0.00362411 -0.0203698 0.00245816 0.998371 -0.0569995 0.0205427 0.0569376 0.998167 -0.536729 -0.283547 -0.489843
FixedParameters: 0 0 0

#Transform 107
Transform: AffineTransform_float_3_3
Parameters: 0.999301 -0.00225045 -0.037301 -0.000806602 0.996654 -0.0817386 0.03736 0.0817109 0.995956 -1.06878 -0.566552 -1.36261
FixedParameters: 0 0 0

#Transform 108
Transform: AffineTransform_float_3_3
Parameters: 0.999411 0.00386667 -0.0340847 -0.00587853 0.998234 -0.0591087 0.0337968 0.0592745 0.997669 -0.797376 -0.343149 -0.329032
FixedParameters: 0 0 0

#Transform 109
Transform: AffineTransform_float_3_3
Parameters: 0.999665 0.00451761 -0.0254806 -0.00589729 0.998506 -0.0543155 0.0251963 0.0544483 0.998198 -0.772158 0.0899136 -0.192078
FixedParameters: 0 0 0

#Transform 110
Transform: AffineTransform_float_3_3
Parameters: 0.999821 0.00649285 -0.0177799 -0.00739824 0.998653 -0.0513494 0.0174224 0.0514722 0.998522 -0.62313 -0.103785 0.033864
FixedParameters: 0 0 0

#Transform 111
Transform: AffineTransform_float_3_3
Parameters: 0.999693 0.0128111 -0.0211744 -0.01344 0.999466 -0.0298212 0.0207808 0.030097 0.999331 -0.389253 0.781194 -1.71554
FixedParameters: 0 0 0

#Transform 112
Transform: AffineTransform_float_3_3
Parameters: 0.999946 0.00634497 -0.00824356 -0.00684037 0.998081 -0.0615415 0.00783748 0.061595 0.99807 -0.361923 -0.352372 0.0360079
FixedParameters: 0 0 0

#Transform 113
Transform: AffineTransform_float_3_3
Parameters: 0.999972 0.00712514 -0.00231041 -0.0072607 0.997819 -0.0656062 0.00183822 0.0656207 0.997843 -0.26502 -0.257562 0.213932
FixedParameters: 0 0 0

#Transform 114
Transform: AffineTransform_float_3_3
Parameters: 0.999974 0.00474348 0.00540148 -0.00439126 0.99798 -0.0633675 -0.0056915 0.0633427 0.997975 0.0421375 -0.0894687 0.0821638
FixedParameters: 0 0 0

#Transform 115
Transform: AffineTransform_float_3_3
Parameters: 0.999921 0.000155174 0.0125191 0.000238554 0.999507 -0.031406 -0.0125182 0.0314068 0.999428 0.0825123 -0.0483386 0.411611
FixedParameters: 0 0 0

#Transform 116
Transform: AffineTransform_float_3_3
Parameters: 0.999949 0.00463513 0.0090145 -0.00431051 0.999352 -0.0357262 -0.00917394 0.0356852 0.999321 -0.0329589 0.306236 -0.225521
FixedParameters: 0 0 0

#Transform 117
Transform: AffineTransform_float_3_3
Parameters: 0.999927 0.011909 0.00191943 -0.0118278 0.999218 -0.0377269 -0.00236689 0.0377012 0.999286 -0.300513 0.310639 -0.673067
FixedParameters: 0 0 0

#Transform 118
Transform: AffineTransform_float_3_3
Parameters: 0.999987 0.00345434 0.00377211 -0.00337326 0.999767 -0.0212981 -0.00384498 0.0212848 0.999766 -0.0954777 0.41797 -0.685672
FixedParameters: 0 0 0

#Transform 119
Transform: AffineTransform_float_3_3
Parameters: 0.999978 0.00456615 0.00476333 -0.00444358 0.999665 -0.0255012 -0.00487784 0.0254797 0.999664 -0.141736 0.302459 -0.546803
FixedParameters: 0 0 0
