# transform file /out/sourcedata/freesurfer/sub-v1s19x0051302_ses-1/mri/transforms/cc_up.lta
# created by oesteban on Thu Mar 12 13:56:48 2026

type      = 0 # LINEAR_VOX_TO_VOX
nxforms   = 1
mean      = 124.0000 115.0000 128.0000
sigma     = 10000.0000
1 4 4
9.996033906936646e-01 -1.548836007714272e-02 2.352225035429001e-02 1.240477204322815e+00 
1.548407319933176e-02 9.998801350593567e-01 3.643647651188076e-04 2.200850105285645e+01 
-2.352507412433624e-02 -2.910383045673370e-11 9.997233748435974e-01 4.009498596191406e+00 
0.000000000000000e+00 0.000000000000000e+00 0.000000000000000e+00 1.000000000000000e+00 
src volume info
valid = 1  # volume info valid
filename = /out/sourcedata/freesurfer/sub-v1s19x0051302_ses-1/mri/norm.mgz
volume = 256 256 256
voxelsize = 1.000000000000000e+00 1.000000000000000e+00 1.000000000000000e+00
xras   = -1.000000000000000e+00 0.000000000000000e+00 0.000000000000000e+00
yras   = 0.000000000000000e+00 0.000000000000000e+00 -1.000000000000000e+00
zras   = 0.000000000000000e+00 1.000000000000000e+00 0.000000000000000e+00
cras   = -3.032112121582031e+00 1.491720581054688e+01 2.218644714355469e+01
dst volume info
valid = 1  # volume info valid
filename = /out/sourcedata/freesurfer/sub-v1s19x0051302_ses-1/mri/norm.mgz
volume = 256 256 256
voxelsize = 1.000000000000000e+00 1.000000000000000e+00 1.000000000000000e+00
xras   = -1.000000000000000e+00 0.000000000000000e+00 0.000000000000000e+00
yras   = 0.000000000000000e+00 0.000000000000000e+00 -1.000000000000000e+00
zras   = 0.000000000000000e+00 1.000000000000000e+00 0.000000000000000e+00
cras   = -3.032112121582031e+00 1.491720581054688e+01 2.218644714355469e+01
