# transform file /out/sourcedata/freesurfer/sub-v1s19x0051314_ses-1/mri/transforms/cc_up.lta
# created by oesteban on Thu Mar 12 15:27:57 2026

type      = 0 # LINEAR_VOX_TO_VOX
nxforms   = 1
mean      = 129.0000 149.0000 113.0000
sigma     = 10000.0000
1 4 4
9.864631891250610e-01 -4.286304861307144e-02 1.582819819450378e-01 -9.719464302062988e+00 
4.232171177864075e-02 9.990809559822083e-01 6.790688727051020e-03 -1.103085422515869e+01 
-1.584275811910629e-01 0.000000000000000e+00 9.873706102371216e-01 4.367768859863281e+01 
0.000000000000000e+00 0.000000000000000e+00 0.000000000000000e+00 1.000000000000000e+00 
src volume info
valid = 1  # volume info valid
filename = /out/sourcedata/freesurfer/sub-v1s19x0051314_ses-1/mri/norm.mgz
volume = 256 256 256
voxelsize = 1.000000000000000e+00 1.000000000000000e+00 1.000000000000000e+00
xras   = -1.000000000000000e+00 0.000000000000000e+00 0.000000000000000e+00
yras   = 0.000000000000000e+00 0.000000000000000e+00 -9.999999403953552e-01
zras   = 0.000000000000000e+00 1.000000000000000e+00 0.000000000000000e+00
cras   = 7.315032958984375e+00 1.128523254394531e+01 5.806434631347656e+00
dst volume info
valid = 1  # volume info valid
filename = /out/sourcedata/freesurfer/sub-v1s19x0051314_ses-1/mri/norm.mgz
volume = 256 256 256
voxelsize = 1.000000000000000e+00 1.000000000000000e+00 1.000000000000000e+00
xras   = -1.000000000000000e+00 0.000000000000000e+00 0.000000000000000e+00
yras   = 0.000000000000000e+00 0.000000000000000e+00 -9.999999403953552e-01
zras   = 0.000000000000000e+00 1.000000000000000e+00 0.000000000000000e+00
cras   = 7.315032958984375e+00 1.128523254394531e+01 5.806434631347656e+00
