# transform file /out/sourcedata/freesurfer/sub-v1s19x0051317_ses-1/mri/transforms/cc_up.lta
# created by oesteban on Thu Mar 12 15:30:04 2026

type      = 0 # LINEAR_VOX_TO_VOX
nxforms   = 1
mean      = 129.0000 139.0000 120.0000
sigma     = 10000.0000
1 4 4
9.978517293930054e-01 -4.078492894768715e-02 -5.127061158418655e-02 1.073454952239990e+01 
4.073119908571243e-02 9.991680383682251e-01 -2.092809416353703e-03 1.152571201324463e+00 
5.131330341100693e-02 0.000000000000000e+00 9.986826777458191e-01 1.462417030334473e+01 
0.000000000000000e+00 0.000000000000000e+00 0.000000000000000e+00 1.000000000000000e+00 
src volume info
valid = 1  # volume info valid
filename = /out/sourcedata/freesurfer/sub-v1s19x0051317_ses-1/mri/norm.mgz
volume = 256 256 256
voxelsize = 1.000000000000000e+00 1.000000000000000e+00 1.000000000000000e+00
xras   = -1.000000000000000e+00 0.000000000000000e+00 -1.862645149230957e-09
yras   = 1.862645149230957e-09 0.000000000000000e+00 -1.000000000000000e+00
zras   = 0.000000000000000e+00 1.000000000000000e+00 0.000000000000000e+00
cras   = 3.041999816894531e+00 7.653282165527344e+00 8.856460571289062e+00
dst volume info
valid = 1  # volume info valid
filename = /out/sourcedata/freesurfer/sub-v1s19x0051317_ses-1/mri/norm.mgz
volume = 256 256 256
voxelsize = 1.000000000000000e+00 1.000000000000000e+00 1.000000000000000e+00
xras   = -1.000000000000000e+00 0.000000000000000e+00 -1.862645149230957e-09
yras   = 1.862645149230957e-09 0.000000000000000e+00 -1.000000000000000e+00
zras   = 0.000000000000000e+00 1.000000000000000e+00 0.000000000000000e+00
cras   = 3.041999816894531e+00 7.653282165527344e+00 8.856460571289062e+00
