# transform file transforms/talairach.lta
# created by oesteban on Thu Mar 12 14:15:57 2026

type      = 0 # LINEAR_VOX_TO_VOX
nxforms   = 1
mean      = 127.0000 141.0000 120.0000
sigma     = 10000.0000
1 4 4
9.893931150436401e-01 -6.078518927097321e-02 -4.511200636625290e-02 1.243907070159912e+01 
5.599297210574150e-02 1.127396583557129e+00 9.433736652135849e-02 -5.270038986206055e+01 
3.920533508062363e-02 -1.244226023554802e-01 1.045181155204773e+00 2.155103683471680e-01 
0.000000000000000e+00 0.000000000000000e+00 0.000000000000000e+00 1.000000000000000e+00 
src volume info
valid = 1  # volume info valid
filename = nu.mgz
volume = 256 256 256
voxelsize = 1.000000000000000e+00 1.000000000000000e+00 1.000000000000000e+00
xras   = -1.000000000000000e+00 0.000000000000000e+00 -1.862645149230957e-09
yras   = 1.862645149230957e-09 0.000000000000000e+00 -1.000000000000000e+00
zras   = 0.000000000000000e+00 1.000000000000000e+00 0.000000000000000e+00
cras   = 3.041999816894531e+00 7.653282165527344e+00 8.856460571289062e+00
dst volume info
valid = 1  # volume info valid
filename = /opt/freesurfer/average/RB_all_2020-01-02.gca
volume = 256 256 256
voxelsize = 1.000000000000000e+00 1.000000000000000e+00 1.000000000000000e+00
xras   = -1.000000000000000e+00 0.000000000000000e+00 0.000000000000000e+00
yras   = 0.000000000000000e+00 0.000000000000000e+00 -1.000000000000000e+00
zras   = 0.000000000000000e+00 1.000000000000000e+00 0.000000000000000e+00
cras   = 0.000000000000000e+00 0.000000000000000e+00 0.000000000000000e+00
