# transform file /out/sourcedata/freesurfer/sub-v1s19x0051301_ses-1/mri/transforms/cc_up.lta
# created by oesteban on Thu Mar 12 14:23:07 2026

type      = 0 # LINEAR_VOX_TO_VOX
nxforms   = 1
mean      = 128.0000 123.0000 123.0000
sigma     = 10000.0000
1 4 4
9.944579601287842e-01 -1.042158901691437e-01 -1.387226209044456e-02 1.402143001556396e+01 
1.042057573795319e-01 9.945546984672546e-01 -1.453625620342791e-03 1.048169708251953e+01 
1.394821424037218e-02 0.000000000000000e+00 9.999027252197266e-01 7.236282348632812e+00 
0.000000000000000e+00 0.000000000000000e+00 0.000000000000000e+00 1.000000000000000e+00 
src volume info
valid = 1  # volume info valid
filename = /out/sourcedata/freesurfer/sub-v1s19x0051301_ses-1/mri/norm.mgz
volume = 256 256 256
voxelsize = 1.000000000000000e+00 1.000000000000000e+00 1.000000000000000e+00
xras   = -1.000000000000000e+00 0.000000000000000e+00 0.000000000000000e+00
yras   = 0.000000000000000e+00 0.000000000000000e+00 -1.000000119209290e+00
zras   = 0.000000000000000e+00 1.000000000000000e+00 0.000000000000000e+00
cras   = 4.888648986816406e+00 1.600013732910156e+00 4.599166870117188e+00
dst volume info
valid = 1  # volume info valid
filename = /out/sourcedata/freesurfer/sub-v1s19x0051301_ses-1/mri/norm.mgz
volume = 256 256 256
voxelsize = 1.000000000000000e+00 1.000000000000000e+00 1.000000000000000e+00
xras   = -1.000000000000000e+00 0.000000000000000e+00 0.000000000000000e+00
yras   = 0.000000000000000e+00 0.000000000000000e+00 -1.000000119209290e+00
zras   = 0.000000000000000e+00 1.000000000000000e+00 0.000000000000000e+00
cras   = 4.888648986816406e+00 1.600013732910156e+00 4.599166870117188e+00
