#Insight Transform File V1.0
#Transform 0
Transform: AffineTransform_float_3_3
Parameters: 1 -0.000816372 0.000434043 0.000813204 0.999987 0.00512032 -0.00043787 -0.00512039 0.999987 0.00713118 0.127773 0.0252247
FixedParameters: 0 0 0

#Transform 1
Transform: AffineTransform_float_3_3
Parameters: 0.999999 -0.000647504 0.000345577 0.000646321 0.999993 0.00361775 -0.000347797 -0.00361809 0.999993 0.00142221 0.0996484 -0.0966063
FixedParameters: 0 0 0

#Transform 2
Transform: AffineTransform_float_3_3
Parameters: 1 -0.00086583 0.000464397 0.000865203 0.999998 0.00169385 -0.000465569 -0.00169385 0.999998 0.0100392 0.0863808 -0.151136
FixedParameters: 0 0 0

#Transform 3
Transform: AffineTransform_float_3_3
Parameters: 1 -0.000919878 0.000395691 0.000918378 0.999999 0.00080191 -0.000396661 -0.000802026 0.999999 0.00412299 0.0751647 -0.165158
FixedParameters: 0 0 0

#Transform 4
Transform: AffineTransform_float_3_3
Parameters: 1 -0.000670327 -0.000173748 0.000670449 0.999998 0.0015697 0.000172968 -0.00156992 0.999999 0.00714325 0.0793833 -0.142087
FixedParameters: 0 0 0

#Transform 5
Transform: AffineTransform_float_3_3
Parameters: 1 -0.000229917 0.000123396 0.000229563 0.999999 0.00136663 -0.000124054 -0.00136658 0.999999 0.0126862 0.0685322 -0.119704
FixedParameters: 0 0 0

#Transform 6
Transform: AffineTransform_float_3_3
Parameters: 1 -8.10402e-05 -0.000279982 8.1786e-05 0.999999 0.00136114 0.000279731 -0.00136119 0.999999 -0.00045743 0.0576009 -0.120947
FixedParameters: 0 0 0

#Transform 7
Transform: AffineTransform_float_3_3
Parameters: 1 -0.000456463 -0.000406465 0.000456676 0.999999 0.00136555 0.000405662 -0.00136593 0.999999 5.70925e-05 0.0807647 -0.111567
FixedParameters: 0 0 0

#Transform 8
Transform: AffineTransform_float_3_3
Parameters: 1 -6.501e-05 -0.000430407 6.5547e-05 0.999998 0.00166472 0.000430634 -0.00166479 0.999998 -0.0022625 0.0862545 -0.0969576
FixedParameters: 0 0 0

#Transform 9
Transform: AffineTransform_float_3_3
Parameters: 1 0.000127862 7.5491e-05 -0.000128092 0.999999 0.00141689 -7.51581e-05 -0.00141691 0.999999 0.0164227 0.0957791 0.022499
FixedParameters: 0 0 0

#Transform 10
Transform: AffineTransform_float_3_3
Parameters: 0.999999 0.000193413 0.000862495 -0.000193281 1 -0.000351185 -0.00086351 0.000350837 0.999999 0.0236101 0.0515181 -0.0447125
FixedParameters: 0 0 0

#Transform 11
Transform: AffineTransform_float_3_3
Parameters: 1 -4.15342e-05 2.2359e-05 4.15267e-05 1 0.000167822 -2.23729e-05 -0.00016782 1 0.0150533 0.055111 -0.0723857
FixedParameters: 0 0 0

#Transform 12
Transform: AffineTransform_float_3_3
Parameters: 0.999999 -0.000108352 -0.00083066 0.000109093 1 0.000985006 0.00083089 -0.000985196 0.999999 0.00189671 0.078816 -0.0678213
FixedParameters: 0 0 0

#Transform 13
Transform: AffineTransform_float_3_3
Parameters: 0.999999 0.000581926 -0.001202 -0.000581873 1 0.000572283 0.00120228 -0.000572292 0.999999 -0.0226045 0.0546535 -0.0812896
FixedParameters: 0 0 0

#Transform 14
Transform: AffineTransform_float_3_3
Parameters: 0.999997 0.000497763 -0.00211772 -0.000494696 0.999999 0.0010335 0.00211832 -0.00103307 0.999998 -0.0438059 0.0649608 -0.0405575
FixedParameters: 0 0 0

#Transform 15
Transform: AffineTransform_float_3_3
Parameters: 0.999999 0.000504734 -0.00139285 -0.000502345 0.999998 0.00182473 0.00139383 -0.00182447 0.999998 -0.0326951 0.113681 -0.0161487
FixedParameters: 0 0 0

#Transform 16
Transform: AffineTransform_float_3_3
Parameters: 0.999999 0.00064749 -0.00115748 -0.00064456 0.999996 0.00265342 0.00115912 -0.00265254 0.999996 -0.0174889 0.133801 0.0152712
FixedParameters: 0 0 0

#Transform 17
Transform: AffineTransform_float_3_3
Parameters: 0.999999 0.000626007 -0.00110165 -0.000621545 0.999993 0.00371787 0.00110353 -0.00371796 0.999993 -0.00626383 0.18038 0.0175692
FixedParameters: 0 0 0

#Transform 18
Transform: AffineTransform_float_3_3
Parameters: 0.999999 0.000258356 -0.000824295 -0.000255346 0.999996 0.00298319 0.000824393 -0.00298281 0.999995 -0.00951262 0.126292 0.120234
FixedParameters: 0 0 0

#Transform 19
Transform: AffineTransform_float_3_3
Parameters: 1 0.000533243 -0.000401703 -0.000532289 0.999998 0.00181531 0.000402698 -0.0018149 0.999999 -0.00119613 0.0970176 0.0788244
FixedParameters: 0 0 0

#Transform 20
Transform: AffineTransform_float_3_3
Parameters: 1 0.000143687 0.000312219 -0.000143101 0.999999 -0.000937808 -0.000312488 0.000937719 0.999999 -0.000644718 -0.0177504 -0.0272216
FixedParameters: 0 0 0

#Transform 21
Transform: AffineTransform_float_3_3
Parameters: 1 -0.000387112 0.000418253 0.000387727 0.999999 -0.00131992 -0.00041814 0.00132023 0.999999 0.00657528 0.0224873 0.0290676
FixedParameters: 0 0 0

#Transform 22
Transform: AffineTransform_float_3_3
Parameters: 1 -0.000541762 0.000146293 0.000541774 0.999999 -0.00171936 -0.00014534 0.00171867 0.999998 0.00661448 0.0332707 0.0260688
FixedParameters: 0 0 0

#Transform 23
Transform: AffineTransform_float_3_3
Parameters: 1 -0.000483513 0.000424953 0.000484717 0.999999 -0.00143839 -0.00042359 0.00143881 0.999999 0.0145306 0.0429759 0.0611891
FixedParameters: 0 0 0

#Transform 24
Transform: AffineTransform_float_3_3
Parameters: 1 -0.000464278 0.000517073 0.000463981 1 -0.000170737 -0.000517794 0.000171204 1 0.0219923 0.0492281 0.0999791
FixedParameters: 0 0 0

#Transform 25
Transform: AffineTransform_float_3_3
Parameters: 1 0.000251869 0.000501532 -0.000251354 1 0.000364207 -0.000501822 -0.00036445 1 0.027108 0.0666914 0.128213
FixedParameters: 0 0 0

#Transform 26
Transform: AffineTransform_float_3_3
Parameters: 1 0.000550866 0.000341112 -0.000551669 0.999999 0.00172659 -0.000340622 -0.00172697 0.999999 0.0197439 0.10247 0.164804
FixedParameters: 0 0 0

#Transform 27
Transform: AffineTransform_float_3_3
Parameters: 1 0.000649349 -0.000213707 -0.000648348 0.999997 0.00267891 0.000214838 -0.00267811 0.999996 0.00473572 0.0986011 0.208559
FixedParameters: 0 0 0

#Transform 28
Transform: AffineTransform_float_3_3
Parameters: 1 0.000610904 -0.000120563 -0.000610398 0.999997 0.00262874 0.000121459 -0.0026289 0.999996 0.0161793 0.0968684 0.203176
FixedParameters: 0 0 0

#Transform 29
Transform: AffineTransform_float_3_3
Parameters: 1 0.000418634 -0.000507179 -0.000417125 0.999994 0.00338039 0.000508539 -0.00338 0.999994 0.0251497 0.125805 0.192544
FixedParameters: 0 0 0

#Transform 30
Transform: AffineTransform_float_3_3
Parameters: 0.999999 0.000382359 -0.000729903 -0.00037878 0.999992 0.00412533 0.000730609 -0.00412482 0.999991 0.0234014 0.129704 0.198853
FixedParameters: 0 0 0

#Transform 31
Transform: AffineTransform_float_3_3
Parameters: 0.999999 8.78918e-05 -0.000856453 -8.45485e-05 0.999994 0.00359942 0.000856054 -0.00359932 0.999993 0.00857153 0.121142 0.179148
FixedParameters: 0 0 0

#Transform 32
Transform: AffineTransform_float_3_3
Parameters: 1 -0.000379973 -0.00110075 0.00038557 0.999989 0.00461709 0.00109929 -0.00461799 0.999989 0.00870506 0.141824 0.17816
FixedParameters: 0 0 0

#Transform 33
Transform: AffineTransform_float_3_3
Parameters: 1 -0.000383841 -0.00109872 0.000388905 0.999991 0.00437513 0.00109745 -0.00437602 0.99999 -0.00882632 0.119891 0.165883
FixedParameters: 0 0 0

#Transform 34
Transform: AffineTransform_float_3_3
Parameters: 0.999999 -0.000442039 -0.000723285 0.000445377 0.99999 0.00455132 0.000721703 -0.0045506 0.999989 0.00341472 0.106962 0.183897
FixedParameters: 0 0 0

#Transform 35
Transform: AffineTransform_float_3_3
Parameters: 1 -0.000451281 -0.000338651 0.000452652 0.999992 0.00415046 0.000336459 -0.00415077 0.999992 0.031307 0.110573 0.186208
FixedParameters: 0 0 0

#Transform 36
Transform: AffineTransform_float_3_3
Parameters: 0.999999 -0.000468206 -0.000846421 0.00047258 0.99999 0.00448245 0.000844683 -0.00448327 0.999989 0.0238635 0.125942 0.207931
FixedParameters: 0 0 0

#Transform 37
Transform: AffineTransform_float_3_3
Parameters: 0.999999 0.000374478 -0.000930749 -0.000369958 0.999991 0.00421291 0.000931925 -0.00421228 0.99999 0.0280451 0.124699 0.208575
FixedParameters: 0 0 0

#Transform 38
Transform: AffineTransform_float_3_3
Parameters: 0.999999 0.000497332 -0.00116186 -0.000492581 0.999992 0.00404943 0.00116353 -0.00404836 0.999991 0.0236285 0.137546 0.205478
FixedParameters: 0 0 0

#Transform 39
Transform: AffineTransform_float_3_3
Parameters: 0.999996 0.000156758 -0.00267373 -0.000120214 0.999908 0.013524 0.00267624 -0.0135238 0.999905 -0.00773749 0.323407 0.2843
FixedParameters: 0 0 0

#Transform 40
Transform: AffineTransform_float_3_3
Parameters: 0.999999 0.000868711 -0.00116736 -0.000856939 0.999951 0.0098243 0.00117604 -0.00982305 0.999951 0.00685396 0.260721 0.256287
FixedParameters: 0 0 0

#Transform 41
Transform: AffineTransform_float_3_3
Parameters: 0.999999 0.000924814 -0.00163645 -0.000908922 0.999952 0.00976676 0.0016454 -0.00976543 0.99995 0.00283573 0.277082 0.241355
FixedParameters: 0 0 0

#Transform 42
Transform: AffineTransform_float_3_3
Parameters: 0.999998 0.000583747 -0.00171226 -0.000566806 0.999951 0.00990318 0.00171732 -0.00990205 0.999949 0.00312495 0.314999 0.266955
FixedParameters: 0 0 0

#Transform 43
Transform: AffineTransform_float_3_3
Parameters: 0.999997 0.000964161 -0.00209112 -0.000941829 0.99994 0.0109384 0.00210194 -0.0109368 0.999938 -0.00231603 0.245065 0.33799
FixedParameters: 0 0 0

#Transform 44
Transform: AffineTransform_float_3_3
Parameters: 0.999998 0.000998405 -0.00180167 -0.000981388 0.999957 0.00915818 0.00181098 -0.00915601 0.999957 0.0034493 0.215216 0.285597
FixedParameters: 0 0 0

#Transform 45
Transform: AffineTransform_float_3_3
Parameters: 0.999998 0.000674508 -0.00163578 -0.000664418 0.999984 0.00578498 0.00163969 -0.0057835 0.999982 0.00441208 0.149509 0.239386
FixedParameters: 0 0 0

#Transform 46
Transform: AffineTransform_float_3_3
Parameters: 0.999999 0.000775469 -0.00169195 -0.000768761 0.999991 0.00414858 0.00169523 -0.00414748 0.99999 0.00420615 0.128462 0.193215
FixedParameters: 0 0 0

#Transform 47
Transform: AffineTransform_float_3_3
Parameters: 0.999999 0.000797553 -0.00160643 -0.000792797 0.999995 0.00332679 0.00160909 -0.00332573 0.999993 0.00450679 0.135259 0.20021
FixedParameters: 0 0 0

#Transform 48
Transform: AffineTransform_float_3_3
Parameters: 0.999997 0.00118033 -0.00190852 -0.00117264 0.999992 0.00382093 0.00191305 -0.00381851 0.999991 -0.02506 0.132676 0.222752
FixedParameters: 0 0 0

#Transform 49
Transform: AffineTransform_float_3_3
Parameters: 0.999997 0.000843296 -0.00228045 -0.000833184 0.99999 0.00451015 0.00228535 -0.0045076 0.999987 -0.0152293 0.133735 0.243098
FixedParameters: 0 0 0

#Transform 50
Transform: AffineTransform_float_3_3
Parameters: 0.999998 0.000951746 -0.0018081 -0.000942716 0.999987 0.00504455 0.00181312 -0.00504267 0.999985 -0.0282767 0.136733 0.249048
FixedParameters: 0 0 0

#Transform 51
Transform: AffineTransform_float_3_3
Parameters: 0.999997 0.0010855 -0.00188049 -0.00107798 0.99999 0.00443843 0.00188561 -0.00443646 0.999989 -0.032167 0.132802 0.238126
FixedParameters: 0 0 0

#Transform 52
Transform: AffineTransform_float_3_3
Parameters: 0.999997 0.00132067 -0.00183332 -0.00130953 0.999984 0.00557444 0.00184112 -0.00557257 0.999983 -0.0252078 0.160157 0.285547
FixedParameters: 0 0 0

#Transform 53
Transform: AffineTransform_float_3_3
Parameters: 0.999997 0.00143564 -0.00173506 -0.00142607 0.999984 0.00542855 0.00174376 -0.00542653 0.999984 -0.0313188 0.134555 0.263752
FixedParameters: 0 0 0

#Transform 54
Transform: AffineTransform_float_3_3
Parameters: 0.999996 0.00166926 -0.00207131 -0.00165741 0.999984 0.00532055 0.00208043 -0.00531718 0.999984 -0.0451711 0.148509 0.295261
FixedParameters: 0 0 0

#Transform 55
Transform: AffineTransform_float_3_3
Parameters: 0.999998 0.00152499 -0.00178228 -0.0015141 0.999984 0.00554409 0.00179094 -0.00554163 0.999983 -0.0361045 0.15929 0.27631
FixedParameters: 0 0 0

#Transform 56
Transform: AffineTransform_float_3_3
Parameters: 0.999997 0.00145991 -0.00195755 -0.00144807 0.999982 0.00586583 0.00196643 -0.00586312 0.999981 -0.0424896 0.168503 0.29702
FixedParameters: 0 0 0

#Transform 57
Transform: AffineTransform_float_3_3
Parameters: 0.999997 0.00166485 -0.00219932 -0.00165144 0.999981 0.00610766 0.0022092 -0.0061034 0.999979 -0.0506131 0.182856 0.286467
FixedParameters: 0 0 0

#Transform 58
Transform: AffineTransform_float_3_3
Parameters: 0.999994 0.00227764 -0.00268624 -0.00226092 0.999976 0.00646071 0.00270082 -0.00645441 0.999975 -0.0586672 0.180963 0.28876
FixedParameters: 0 0 0

#Transform 59
Transform: AffineTransform_float_3_3
Parameters: 0.999994 0.00192997 -0.00276293 -0.00191341 0.999981 0.00590708 0.00277448 -0.00590203 0.999979 -0.0657171 0.170237 0.274238
FixedParameters: 0 0 0

#Transform 60
Transform: AffineTransform_float_3_3
Parameters: 0.99999 0.00131958 -0.00421281 -0.00129325 0.99998 0.00629496 0.00422147 -0.00628936 0.999971 -0.065767 0.234983 0.152868
FixedParameters: 0 0 0

#Transform 61
Transform: AffineTransform_float_3_3
Parameters: 0.999989 0.00121203 -0.00442032 -0.00118601 0.999981 0.0060583 0.00442758 -0.00605283 0.999972 -0.0572669 0.241098 0.184427
FixedParameters: 0 0 0

#Transform 62
Transform: AffineTransform_float_3_3
Parameters: 0.999985 0.00169844 -0.00519888 -0.00166624 0.99998 0.00613156 0.00520884 -0.0061237 0.999968 -0.0633076 0.217338 0.211723
FixedParameters: 0 0 0

#Transform 63
Transform: AffineTransform_float_3_3
Parameters: 0.999984 0.00162084 -0.00535901 -0.00158561 0.999978 0.00644375 0.00536897 -0.00643539 0.999965 -0.065055 0.229137 0.230044
FixedParameters: 0 0 0

#Transform 64
Transform: AffineTransform_float_3_3
Parameters: 0.999963 0.00216053 -0.00834529 -0.00206038 0.999926 0.0120049 0.00837062 -0.0119878 0.999893 -0.0886573 0.427399 -0.0584732
FixedParameters: 0 0 0

#Transform 65
Transform: AffineTransform_float_3_3
Parameters: 0.999961 0.00180061 -0.00866972 -0.00169386 0.999923 0.0123191 0.00869195 -0.0123042 0.999886 -0.0950337 0.510874 -0.103105
FixedParameters: 0 0 0

#Transform 66
Transform: AffineTransform_float_3_3
Parameters: 0.999961 0.00122406 -0.00880811 -0.00115243 0.999966 0.00818249 0.00881811 -0.00817221 0.999928 -0.152184 0.308307 -0.0721105
FixedParameters: 0 0 0

#Transform 67
Transform: AffineTransform_float_3_3
Parameters: 0.999974 0.00178366 -0.00705083 -0.00172068 0.999959 0.00887676 0.00706665 -0.00886348 0.999936 -0.120761 0.385262 -0.0940946
FixedParameters: 0 0 0

#Transform 68
Transform: AffineTransform_float_3_3
Parameters: 0.999991 0.00150756 -0.00396896 -0.00147695 0.999969 0.00775608 0.0039806 -0.00775 0.999961 -0.052193 0.406293 -0.143166
FixedParameters: 0 0 0

#Transform 69
Transform: AffineTransform_float_3_3
Parameters: 0.999996 0.00150462 -0.00235228 -0.00149067 0.999981 0.00600691 0.00236039 -0.00600346 0.999979 -0.0482943 0.349238 -0.0809098
FixedParameters: 0 0 0

#Transform 70
Transform: AffineTransform_float_3_3
Parameters: 0.999982 0.0017707 -0.00566135 -0.00172847 0.999971 0.00743998 0.00567405 -0.00743023 0.999956 -0.0911196 0.367046 0.029649
FixedParameters: 0 0 0

#Transform 71
Transform: AffineTransform_float_3_3
Parameters: 0.99998 0.00264997 -0.0057972 -0.00259887 0.999957 0.00886703 0.00582059 -0.00885129 0.999944 -0.048786 0.225776 0.324788
FixedParameters: 0 0 0

#Transform 72
Transform: AffineTransform_float_3_3
Parameters: 0.999985 0.00215681 -0.00505379 -0.0021327 0.999987 0.00470074 0.00506375 -0.00468968 0.999976 -0.0505051 0.178532 0.230044
FixedParameters: 0 0 0

#Transform 73
Transform: AffineTransform_float_3_3
Parameters: 0.999982 0.00232827 -0.00560148 -0.00230215 0.999986 0.00473381 0.00561284 -0.00472075 0.999973 -0.0628949 0.172675 0.218476
FixedParameters: 0 0 0

#Transform 74
Transform: AffineTransform_float_3_3
Parameters: 0.999983 0.00220676 -0.00529083 -0.00218307 0.999987 0.00452829 0.00530098 -0.00451679 0.999976 -0.0548682 0.153189 0.236244
FixedParameters: 0 0 0

#Transform 75
Transform: AffineTransform_float_3_3
Parameters: 0.999982 0.00219624 -0.00554032 -0.00217039 0.999986 0.00472159 0.00555124 -0.00470887 0.999973 -0.0735162 0.15852 0.262471
FixedParameters: 0 0 0

#Transform 76
Transform: AffineTransform_float_3_3
Parameters: 0.999985 0.00227521 -0.00489999 -0.00225301 0.999987 0.00456202 0.00490996 -0.00455127 0.999978 -0.0931736 0.157226 0.261129
FixedParameters: 0 0 0

#Transform 77
Transform: AffineTransform_float_3_3
Parameters: 0.999988 0.00243962 -0.00425827 -0.0024204 0.999987 0.00448287 0.00426974 -0.00447274 0.999981 -0.0885324 0.157798 0.262459
FixedParameters: 0 0 0

#Transform 78
Transform: AffineTransform_float_3_3
Parameters: 0.999989 0.00239939 -0.00400576 -0.0023819 0.999989 0.00421324 0.00401644 -0.00420351 0.999983 -0.0860896 0.151401 0.253039
FixedParameters: 0 0 0

#Transform 79
Transform: AffineTransform_float_3_3
Parameters: 0.99999 0.00243514 -0.00361716 -0.00241967 0.999988 0.00414779 0.00362687 -0.00413908 0.999985 -0.0834875 0.145693 0.27208
FixedParameters: 0 0 0

#Transform 80
Transform: AffineTransform_float_3_3
Parameters: 0.999993 0.00240755 -0.00296528 -0.00239329 0.999986 0.00480017 0.00297645 -0.00479314 0.999984 -0.0606844 0.177631 0.282653
FixedParameters: 0 0 0

#Transform 81
Transform: AffineTransform_float_3_3
Parameters: 0.999993 0.00281159 -0.00253783 -0.00279806 0.999981 0.00540477 0.00255263 -0.00539748 0.999982 -0.0474246 0.189553 0.322368
FixedParameters: 0 0 0

#Transform 82
Transform: AffineTransform_float_3_3
Parameters: 0.999994 0.00252377 -0.00238482 -0.00251094 0.999982 0.0054086 0.00239828 -0.00540268 0.999982 -0.0483836 0.181938 0.306339
FixedParameters: 0 0 0

#Transform 83
Transform: AffineTransform_float_3_3
Parameters: 0.999994 0.0026126 -0.0021089 -0.00260057 0.999982 0.00551878 0.0021229 -0.00551331 0.999983 -0.0462793 0.175734 0.286572
FixedParameters: 0 0 0

#Transform 84
Transform: AffineTransform_float_3_3
Parameters: 0.999996 0.00239551 -0.00162134 -0.00238808 0.999988 0.00433035 0.00163177 -0.00432664 0.99999 -0.0246954 0.157143 0.308854
FixedParameters: 0 0 0

#Transform 85
Transform: AffineTransform_float_3_3
Parameters: 0.999996 0.00239683 -0.00163116 -0.0023887 0.999986 0.00466631 0.0016423 -0.00466256 0.999988 -0.0376081 0.142157 0.342535
FixedParameters: 0 0 0

#Transform 86
Transform: AffineTransform_float_3_3
Parameters: 0.999997 0.00242672 -0.00129132 -0.00242137 0.999988 0.00429153 0.00130141 -0.00428876 0.99999 -0.0395237 0.169989 0.343771
FixedParameters: 0 0 0

#Transform 87
Transform: AffineTransform_float_3_3
Parameters: 0.999996 0.00253577 -0.00137469 -0.00252898 0.999985 0.00490767 0.00138698 -0.00490422 0.999987 -0.0334031 0.161079 0.339541
FixedParameters: 0 0 0

#Transform 88
Transform: AffineTransform_float_3_3
Parameters: 0.999994 0.00267782 -0.00220758 -0.00266039 0.999966 0.00778569 0.00222786 -0.00777954 0.999967 -0.0322257 0.205889 0.405961
FixedParameters: 0 0 0

#Transform 89
Transform: AffineTransform_float_3_3
Parameters: 0.999995 0.00257999 -0.00193915 -0.00256617 0.99997 0.00733133 0.00195786 -0.00732694 0.999971 -0.0218434 0.204317 0.384518
FixedParameters: 0 0 0

#Transform 90
Transform: AffineTransform_float_3_3
Parameters: 0.999997 0.00233109 -0.000973739 -0.00232399 0.999968 0.00772627 0.000992592 -0.0077239 0.999969 0.00146421 0.235533 0.377409
FixedParameters: 0 0 0

#Transform 91
Transform: AffineTransform_float_3_3
Parameters: 0.999997 0.00239228 -0.000816928 -0.0023876 0.999976 0.00656415 0.000832716 -0.00656238 0.999978 -0.00323922 0.193037 0.383598
FixedParameters: 0 0 0

#Transform 92
Transform: AffineTransform_float_3_3
Parameters: 0.999998 0.00221529 -0.000781294 -0.00221128 0.999983 0.00547372 0.000792784 -0.00547236 0.999984 0.0161006 0.184103 0.359318
FixedParameters: 0 0 0

#Transform 93
Transform: AffineTransform_float_3_3
Parameters: 0.999998 0.00203106 -0.000447185 -0.00202981 0.999993 0.00318244 0.000452918 -0.00318182 0.999995 0.00220413 0.131609 0.313279
FixedParameters: 0 0 0

#Transform 94
Transform: AffineTransform_float_3_3
Parameters: 0.999999 0.00189256 5.64845e-05 -0.00189241 0.999992 0.00377781 -4.95242e-05 -0.0037778 0.999993 0.0227059 0.141788 0.339407
FixedParameters: 0 0 0

#Transform 95
Transform: AffineTransform_float_3_3
Parameters: 0.999999 0.00148041 0.00047899 -0.00148175 0.999993 0.00349434 -0.000473345 -0.00349521 0.999994 0.00142988 0.125256 0.336294
FixedParameters: 0 0 0

#Transform 96
Transform: AffineTransform_float_3_3
Parameters: 0.999998 0.0018342 0.000648703 -0.00183565 0.999994 0.00298408 -0.000643745 -0.00298452 0.999996 0.0105586 0.127697 0.332466
FixedParameters: 0 0 0

#Transform 97
Transform: AffineTransform_float_3_3
Parameters: 0.999998 0.00183243 0.000649483 -0.00183409 0.999994 0.00285789 -0.000643619 -0.00285972 0.999996 0.0335455 0.122586 0.347289
FixedParameters: 0 0 0

#Transform 98
Transform: AffineTransform_float_3_3
Parameters: 0.999996 0.00223895 0.00140958 -0.00224282 0.999993 0.00285657 -0.00140371 -0.0028601 0.999995 0.0348683 0.128382 0.401839
FixedParameters: 0 0 0

#Transform 99
Transform: AffineTransform_float_3_3
Parameters: 0.999996 0.00202249 0.00171833 -0.00202739 0.999993 0.00303339 -0.0017126 -0.0030367 0.999994 0.0469222 0.136362 0.372924
FixedParameters: 0 0 0

#Transform 100
Transform: AffineTransform_float_3_3
Parameters: 0.999996 0.00182777 0.00180886 -0.00183291 0.999994 0.0030772 -0.00180327 -0.00308016 0.999994 0.0609273 0.141323 0.369676
FixedParameters: 0 0 0

#Transform 101
Transform: AffineTransform_float_3_3
Parameters: 0.999995 0.00186736 0.00254835 -0.00187407 0.999994 0.00259206 -0.00254339 -0.0025968 0.999993 0.0815075 0.124793 0.353269
FixedParameters: 0 0 0

#Transform 102
Transform: AffineTransform_float_3_3
Parameters: 0.999994 0.00217872 0.00249248 -0.00218428 0.999996 0.0021418 -0.00248827 -0.0021468 0.999995 0.0864309 0.125363 0.34236
FixedParameters: 0 0 0

#Transform 103
Transform: AffineTransform_float_3_3
Parameters: 0.999994 0.00225252 0.00245305 -0.0022585 0.999995 0.0022633 -0.00244798 -0.00226849 0.999994 0.0711807 0.112284 0.380064
FixedParameters: 0 0 0

#Transform 104
Transform: AffineTransform_float_3_3
Parameters: 0.999995 0.00218328 0.00249037 -0.00218886 0.999994 0.00250799 -0.00248546 -0.00251354 0.999993 0.06929 0.122905 0.372549
FixedParameters: 0 0 0

#Transform 105
Transform: AffineTransform_float_3_3
Parameters: 0.999997 0.00229061 0.00139253 -0.00229591 0.99999 0.00385653 -0.00138366 -0.00385956 0.999991 0.0313951 0.161509 0.34585
FixedParameters: 0 0 0

#Transform 106
Transform: AffineTransform_float_3_3
Parameters: 0.999996 0.00264905 -0.00098654 -0.00264074 0.99996 0.00857546 0.00100926 -0.00857327 0.999963 0.000477444 0.254763 0.562512
FixedParameters: 0 0 0

#Transform 107
Transform: AffineTransform_float_3_3
Parameters: 0.999995 0.00285446 -0.00103246 -0.00284506 0.999956 0.00900619 0.00105792 -0.00900281 0.999959 -0.0233234 0.143716 0.683807
FixedParameters: 0 0 0

#Transform 108
Transform: AffineTransform_float_3_3
Parameters: 0.999997 0.00254453 0.00106459 -0.00255075 0.99998 0.00577719 -0.00104917 -0.00577956 0.999982 -0.037708 0.0961057 0.530047
FixedParameters: 0 0 0

#Transform 109
Transform: AffineTransform_float_3_3
Parameters: 0.999996 0.00221263 0.0020697 -0.0022217 0.999986 0.0046729 -0.00205941 -0.00467754 0.999987 -0.0148935 0.102982 0.469807
FixedParameters: 0 0 0

#Transform 110
Transform: AffineTransform_float_3_3
Parameters: 0.999996 0.00222715 0.00210914 -0.00223572 0.999988 0.00426341 -0.00210001 -0.00426913 0.999989 -0.0145016 0.128445 0.440566
FixedParameters: 0 0 0

#Transform 111
Transform: AffineTransform_float_3_3
Parameters: 0.999994 0.00182677 0.00312826 -0.00184006 0.999989 0.0042172 -0.00312014 -0.00422351 0.999986 -0.0117927 0.153871 0.425291
FixedParameters: 0 0 0

#Transform 112
Transform: AffineTransform_float_3_3
Parameters: 0.999993 0.00219014 0.00290755 -0.00220368 0.999987 0.00462597 -0.00289822 -0.0046325 0.999985 -0.00793951 0.158151 0.45098
FixedParameters: 0 0 0

#Transform 113
Transform: AffineTransform_float_3_3
Parameters: 0.999994 0.0026131 0.00257115 -0.00262425 0.999987 0.00450575 -0.00255887 -0.00451271 0.999986 -0.0129733 0.155156 0.470279
FixedParameters: 0 0 0

#Transform 114
Transform: AffineTransform_float_3_3
Parameters: 0.999992 0.00227286 0.00307958 -0.00228467 0.999989 0.00402683 -0.00307078 -0.00403378 0.999987 -0.00685737 0.154775 0.446401
FixedParameters: 0 0 0

#Transform 115
Transform: AffineTransform_float_3_3
Parameters: 0.999991 0.00184762 0.00375977 -0.00186211 0.99999 0.00385114 -0.00375239 -0.00385795 0.999985 -0.0252138 0.150428 0.430924
FixedParameters: 0 0 0

#Transform 116
Transform: AffineTransform_float_3_3
Parameters: 0.999989 0.00207508 0.00418813 -0.00209132 0.999991 0.00377025 -0.0041798 -0.00377888 0.999984 -0.0230693 0.166207 0.430868
FixedParameters: 0 0 0

#Transform 117
Transform: AffineTransform_float_3_3
Parameters: 0.999991 0.0022704 0.00365479 -0.00229256 0.99998 0.00594245 -0.00364092 -0.00595082 0.999976 -0.0446898 0.214524 0.436808
FixedParameters: 0 0 0

#Transform 118
Transform: AffineTransform_float_3_3
Parameters: 0.999985 0.00228481 0.00501194 -0.00232072 0.999972 0.00720426 -0.00499585 -0.00721547 0.999961 -0.0639091 0.226696 0.466564
FixedParameters: 0 0 0

#Transform 119
Transform: AffineTransform_float_3_3
Parameters: 0.999996 0.00218999 0.00218437 -0.0022161 0.999928 0.0118516 -0.00215871 -0.011856 0.999927 -0.029789 0.334071 0.479303
FixedParameters: 0 0 0
