#Insight Transform File V1.0
#Transform 0
Transform: AffineTransform_float_3_3
Parameters: 0.999999 0.0001967 -0.000713551 -0.000196089 0.999999 0.000735776 0.000712943 -0.000736081 0.999999 0.00379414 -0.0646291 -0.0774189
FixedParameters: 0 0 0

#Transform 1
Transform: AffineTransform_float_3_3
Parameters: 1 0.000170127 -0.000699312 -0.000170214 1 0.000927697 0.000699156 -0.000927509 1 0.00455145 -0.0383674 -0.128715
FixedParameters: 0 0 0

#Transform 2
Transform: AffineTransform_float_3_3
Parameters: 1 0.000244535 -0.000566681 -0.000244294 1 0.00101867 0.000567587 -0.00101842 1 -0.00368038 -0.0440008 -0.102128
FixedParameters: 0 0 0

#Transform 3
Transform: AffineTransform_float_3_3
Parameters: 1 0.000116228 -0.000671179 -0.000115923 1 -0.000428999 0.000670608 0.000429175 0.999999 0.00175697 -0.0210305 -0.0578868
FixedParameters: 0 0 0

#Transform 4
Transform: AffineTransform_float_3_3
Parameters: 1 -1.58353e-06 -0.000159071 1.40029e-06 1 -0.000575969 0.000159073 0.000575968 1 -0.0115093 -0.0222045 -0.0337927
FixedParameters: 0 0 0

#Transform 5
Transform: AffineTransform_float_3_3
Parameters: 1 -0.000107119 -0.000565192 0.000107332 1 0.000188976 0.000565151 -0.000189097 1 -0.00143716 -0.0468637 -0.0600277
FixedParameters: 0 0 0

#Transform 6
Transform: AffineTransform_float_3_3
Parameters: 1 -0.000499412 0.000140019 0.000499476 1 -0.000229145 -0.00013979 0.000229285 1 -0.0196326 -0.0273706 -0.0687824
FixedParameters: 0 0 0

#Transform 7
Transform: AffineTransform_float_3_3
Parameters: 1 -0.000468583 0.000196098 0.000468665 1 -0.000208137 -0.000195903 0.00020832 1 -0.0050153 -0.0397966 -0.0398028
FixedParameters: 0 0 0

#Transform 8
Transform: AffineTransform_float_3_3
Parameters: 1 -2.87447e-05 -0.000111633 2.87085e-05 1 -0.000162071 0.000111642 0.000162064 1 0.00741181 -0.0151594 -0.120722
FixedParameters: 0 0 0

#Transform 9
Transform: AffineTransform_float_3_3
Parameters: 1 1.62358e-05 -0.000135657 -1.62113e-05 1 9.02888e-05 0.00013566 -9.02844e-05 1 0.00895505 -0.0202949 -0.0681925
FixedParameters: 0 0 0

#Transform 10
Transform: AffineTransform_float_3_3
Parameters: 1 0.000311305 -0.000293245 -0.000311181 1 0.000211612 0.000293377 -0.000211429 1 0.013842 -0.0229965 -0.0687454
FixedParameters: 0 0 0

#Transform 11
Transform: AffineTransform_float_3_3
Parameters: 1 4.34595e-07 -0.000127249 -5.39802e-07 1 -0.000413397 0.000127249 0.000413397 1 0.0086961 0.0102871 -0.0761989
FixedParameters: 0 0 0

#Transform 12
Transform: AffineTransform_float_3_3
Parameters: 1 0.000147859 0.000109212 -0.000147883 1 0.000110258 -0.000109179 -0.00011029 1 0.00357764 -0.0193475 -0.068668
FixedParameters: 0 0 0

#Transform 13
Transform: AffineTransform_float_3_3
Parameters: 1 2.60844e-05 -0.000140887 -2.59706e-05 1 0.000404093 0.000140908 -0.000404086 1 0.00911685 -0.0406115 -0.0625475
FixedParameters: 0 0 0

#Transform 14
Transform: AffineTransform_float_3_3
Parameters: 1 5.81833e-05 -5.26321e-05 -5.81801e-05 1 3.03273e-05 5.26357e-05 -3.03212e-05 1 0.0061022 0.000468998 -0.0452441
FixedParameters: 0 0 0

#Transform 15
Transform: AffineTransform_float_3_3
Parameters: 1 2.74648e-05 -0.000141619 -2.73378e-05 1 0.000448066 0.000141644 -0.000448058 1 -0.00512915 -0.0358857 -0.0422258
FixedParameters: 0 0 0

#Transform 16
Transform: AffineTransform_float_3_3
Parameters: 1 5.767e-05 -4.32985e-05 -5.76793e-05 1 -0.000106587 4.32862e-05 0.000106592 1 -0.0111961 -0.0232822 -0.0220637
FixedParameters: 0 0 0

#Transform 17
Transform: AffineTransform_float_3_3
Parameters: 1 -0.000241378 1.99725e-06 0.000241378 1 8.57574e-06 -2.0014e-06 -8.57477e-06 1 -0.00593746 -0.00682886 -0.0467005
FixedParameters: 0 0 0

#Transform 18
Transform: AffineTransform_float_3_3
Parameters: 1 8.27142e-06 -0.000131422 -8.31441e-06 1 -0.000163553 0.000131419 0.000163555 1 0.00460698 -0.0203452 -0.0623831
FixedParameters: 0 0 0

#Transform 19
Transform: AffineTransform_float_3_3
Parameters: 1 5.16851e-05 -8.20185e-05 -5.16426e-05 1 0.000259185 8.20452e-05 -0.000259176 1 -0.00402365 -0.00162059 -0.0556622
FixedParameters: 0 0 0

#Transform 20
Transform: AffineTransform_float_3_3
Parameters: 1 1.06856e-05 -0.000132706 -1.07086e-05 1 -8.6601e-05 0.000132704 8.66039e-05 1 -0.000193849 0.000857285 -0.000919006
FixedParameters: 0 0 0

#Transform 21
Transform: AffineTransform_float_3_3
Parameters: 1 4.66295e-05 -5.32822e-05 -4.66559e-05 1 -0.000248498 5.3259e-05 0.000248503 1 0.00774741 -0.0175326 0.0121576
FixedParameters: 0 0 0

#Transform 22
Transform: AffineTransform_float_3_3
Parameters: 0.999999 0.000629122 0.000542456 -0.000628903 1 -0.000202054 -0.00054271 0.000201372 1 -0.0276504 -0.0298404 0.0177721
FixedParameters: 0 0 0

#Transform 23
Transform: AffineTransform_float_3_3
Parameters: 1 8.96774e-06 0.000438725 -9.10414e-06 0.999999 -0.000849512 -0.00043827 0.000849484 0.999999 -0.0104756 0.0240118 0.0225082
FixedParameters: 0 0 0

#Transform 24
Transform: AffineTransform_float_3_3
Parameters: 1 -0.000129053 0.000393538 0.00012975 0.999999 -0.000885899 -0.000393309 0.000886001 0.999999 -0.0104964 -0.000472464 -0.0148508
FixedParameters: 0 0 0

#Transform 25
Transform: AffineTransform_float_3_3
Parameters: 1 -0.000296706 0.000103375 0.000296918 0.999999 -0.00119073 -0.000102731 0.00119079 1 0.00378685 0.0142375 -0.0425488
FixedParameters: 0 0 0

#Transform 26
Transform: AffineTransform_float_3_3
Parameters: 1 -0.000285802 9.74539e-05 0.000285966 0.999999 -0.000840951 -9.6973e-05 0.000841006 0.999999 0.00397444 -0.00173388 -0.0398463
FixedParameters: 0 0 0

#Transform 27
Transform: AffineTransform_float_3_3
Parameters: 1 -0.000300718 0.000105571 0.000300962 0.999999 -0.00131965 -0.00010484 0.00131971 0.999999 0.00304343 0.0174721 -0.0203538
FixedParameters: 0 0 0

#Transform 28
Transform: AffineTransform_float_3_3
Parameters: 1 -0.00023492 0.00019158 0.000234768 0.999999 -0.000828956 -0.00019207 0.000829016 0.999999 0.00237579 -0.0104885 -0.0503836
FixedParameters: 0 0 0

#Transform 29
Transform: AffineTransform_float_3_3
Parameters: 1 -0.000281042 9.48541e-05 0.000281172 0.999999 -0.000688048 -9.44673e-05 0.000688101 1 0.00419241 -0.00699381 -0.0440437
FixedParameters: 0 0 0

#Transform 30
Transform: AffineTransform_float_3_3
Parameters: 1 -0.000354804 0.000134656 0.000354712 0.999999 -0.0015276 -0.000134514 0.00152767 0.999999 0.00230932 0.0335188 -0.0294883
FixedParameters: 0 0 0

#Transform 31
Transform: AffineTransform_float_3_3
Parameters: 1 -0.000295307 0.00010261 0.000295508 1 -0.00114576 -0.000101995 0.00114582 1 0.00334494 0.0370688 -0.040854
FixedParameters: 0 0 0

#Transform 32
Transform: AffineTransform_float_3_3
Parameters: 1 -0.000664289 0.000300294 0.000664445 0.999999 -0.00109876 -0.000299776 0.00109912 1 -0.00247331 0.0306303 -0.0475003
FixedParameters: 0 0 0

#Transform 33
Transform: AffineTransform_float_3_3
Parameters: 1 -0.000405696 7.32746e-05 0.000406713 1 -0.00115678 -7.28682e-05 0.00115686 1 0.00434715 0.0180469 -0.0529527
FixedParameters: 0 0 0

#Transform 34
Transform: AffineTransform_float_3_3
Parameters: 1 -0.000282246 -4.05581e-05 0.000282173 0.999999 -0.000890438 4.10606e-05 0.000890415 0.999999 0.00717892 0.00936232 -0.0397457
FixedParameters: 0 0 0

#Transform 35
Transform: AffineTransform_float_3_3
Parameters: 1 -0.000233925 -9.7053e-05 0.000234547 1 -0.00116505 9.70653e-05 0.00116502 1 0.00370028 0.00552029 -0.0287101
FixedParameters: 0 0 0

#Transform 36
Transform: AffineTransform_float_3_3
Parameters: 1 -0.000167609 3.42046e-05 0.000167662 0.999999 -0.00126499 -3.38429e-05 0.001265 0.999999 0.00566628 0.0298094 -0.0399885
FixedParameters: 0 0 0

#Transform 37
Transform: AffineTransform_float_3_3
Parameters: 1 -0.000269152 -0.000128003 0.000269583 0.999998 -0.00162577 0.000128345 0.00162572 0.999998 0.00411479 0.0466752 -0.055293
FixedParameters: 0 0 0

#Transform 38
Transform: AffineTransform_float_3_3
Parameters: 1 -0.000233285 -4.7383e-05 0.000233928 0.999999 -0.00180864 4.76323e-05 0.00180863 0.999999 0.00155371 0.0343695 -0.0714879
FixedParameters: 0 0 0

#Transform 39
Transform: AffineTransform_float_3_3
Parameters: 1 -0.000570615 0.000250881 0.000571204 0.999997 -0.00231633 -0.000249303 0.00231658 0.999998 -0.00714582 0.0813557 -0.135324
FixedParameters: 0 0 0

#Transform 40
Transform: AffineTransform_float_3_3
Parameters: 1 -0.000356696 0.000135933 0.000356756 0.999997 -0.00232503 -0.000135341 0.00232509 0.999998 -0.0184293 0.0738897 -0.0992189
FixedParameters: 0 0 0

#Transform 41
Transform: AffineTransform_float_3_3
Parameters: 1 -0.000287243 9.85458e-05 0.000287572 0.999998 -0.00201963 -9.75097e-05 0.00201968 0.999998 -0.0141152 0.0517915 -0.0597206
FixedParameters: 0 0 0

#Transform 42
Transform: AffineTransform_float_3_3
Parameters: 1 -0.000323243 0.000117957 0.000323221 0.999997 -0.00232638 -0.00011752 0.00232642 0.999998 -0.0190528 0.0635816 -0.0541523
FixedParameters: 0 0 0

#Transform 43
Transform: AffineTransform_float_3_3
Parameters: 1 -0.000110978 0.000683785 0.000112771 0.999998 -0.0020053 -0.00068299 0.00200543 0.999998 -0.0321159 0.0659725 -0.0481127
FixedParameters: 0 0 0

#Transform 44
Transform: AffineTransform_float_3_3
Parameters: 1 -0.000150495 0.000136476 0.000151162 0.999995 -0.00293984 -0.000135839 0.00293988 0.999995 -0.0193426 0.0772298 -0.0336448
FixedParameters: 0 0 0

#Transform 45
Transform: AffineTransform_float_3_3
Parameters: 1 -0.000197043 -8.0459e-05 0.000196765 0.999999 -0.00151216 8.09921e-05 0.00151213 0.999999 -0.0145847 0.0846257 -0.0524508
FixedParameters: 0 0 0

#Transform 46
Transform: AffineTransform_float_3_3
Parameters: 1 -0.000218264 6.15466e-05 0.000218464 0.999997 -0.00218252 -6.07182e-05 0.00218254 0.999997 -0.0178209 0.0644166 -0.0402013
FixedParameters: 0 0 0

#Transform 47
Transform: AffineTransform_float_3_3
Parameters: 1 -0.000409208 -0.000570334 0.000408532 0.999998 -0.00207927 0.000570968 0.00207884 0.999997 -0.00424831 0.0501327 -0.0118434
FixedParameters: 0 0 0

#Transform 48
Transform: AffineTransform_float_3_3
Parameters: 1 0.000238334 0.000210214 -0.000238527 0.999999 -0.00179312 -0.000210723 0.001793 0.999999 -0.0210519 0.113908 -0.0257328
FixedParameters: 0 0 0

#Transform 49
Transform: AffineTransform_float_3_3
Parameters: 1 6.0038e-05 0.000361546 -5.86001e-05 0.999997 -0.00203689 -0.00036193 0.00203629 0.999998 -0.0252728 0.0787303 -0.00562832
FixedParameters: 0 0 0

#Transform 50
Transform: AffineTransform_float_3_3
Parameters: 1 -2.11935e-06 0.000394797 3.07316e-06 0.999999 -0.00125011 -0.000394853 0.00125012 0.999999 -0.0274188 0.037411 0.0398372
FixedParameters: 0 0 0

#Transform 51
Transform: AffineTransform_float_3_3
Parameters: 1 -8.45062e-05 -0.000180526 8.4103e-05 1 -0.00102404 0.000180636 0.00102401 1 -0.0141084 0.0385 0.0375647
FixedParameters: 0 0 0

#Transform 52
Transform: AffineTransform_float_3_3
Parameters: 1 0.000210257 -0.000338581 -0.000211244 0.999999 -0.00141004 0.000337924 0.00141018 0.999999 -0.00856585 0.0519571 0.0162979
FixedParameters: 0 0 0

#Transform 53
Transform: AffineTransform_float_3_3
Parameters: 1 0.000213349 -0.000340343 -0.000213639 0.999998 -0.0016753 0.000339095 0.00167546 0.999998 -0.00767621 0.0805579 -0.0206987
FixedParameters: 0 0 0

#Transform 54
Transform: AffineTransform_float_3_3
Parameters: 0.999999 0.000588741 -0.000541665 -0.000590005 0.999999 -0.0015715 0.00054063 0.00157133 0.999998 -0.00127487 0.077013 -0.0254568
FixedParameters: 0 0 0

#Transform 55
Transform: AffineTransform_float_3_3
Parameters: 1 0.000398075 -2.39146e-05 -0.000398166 0.999999 -0.00121658 2.28835e-05 0.00121659 1 -0.0155357 0.0605608 0.0150799
FixedParameters: 0 0 0

#Transform 56
Transform: AffineTransform_float_3_3
Parameters: 1 5.45547e-05 -0.000547806 -5.60204e-05 0.999999 -0.00130765 0.000547599 0.00130771 0.999999 0.000927737 0.0539382 0.0127864
FixedParameters: 0 0 0

#Transform 57
Transform: AffineTransform_float_3_3
Parameters: 1 7.96451e-05 -0.000295736 -7.90494e-05 1 -0.00122113 0.000295889 0.00122123 0.999999 -0.0108513 0.106865 0.0096176
FixedParameters: 0 0 0

#Transform 58
Transform: AffineTransform_float_3_3
Parameters: 1 7.5469e-05 -0.000558731 -7.61954e-05 1 -0.000650054 0.000558632 0.000650139 0.999999 -0.00460695 0.0279858 0.0419022
FixedParameters: 0 0 0

#Transform 59
Transform: AffineTransform_float_3_3
Parameters: 1 0.0001856 -0.00021527 -0.000186203 0.999999 -0.00132418 0.000214715 0.00132426 0.999999 -0.00714595 0.0833165 0.0653911
FixedParameters: 0 0 0

#Transform 60
Transform: AffineTransform_float_3_3
Parameters: 1 0.000173166 -5.19644e-05 -0.000172835 1 -0.00101489 5.24306e-05 0.00101493 1 -0.0105642 0.0562542 0.080294
FixedParameters: 0 0 0

#Transform 61
Transform: AffineTransform_float_3_3
Parameters: 1 7.74438e-05 -0.000199121 -7.77345e-05 0.999999 -0.000730186 0.000199007 0.000730217 0.999999 -0.00474064 0.0421891 0.120847
FixedParameters: 0 0 0

#Transform 62
Transform: AffineTransform_float_3_3
Parameters: 1 0.000362915 -0.000323265 -0.000363004 1 -0.000136694 0.000323165 0.000136928 1 -0.00124955 0.0332446 0.127826
FixedParameters: 0 0 0

#Transform 63
Transform: AffineTransform_float_3_3
Parameters: 1 0.000283457 -0.000509563 -0.00028309 1 0.000360021 0.000509767 -0.000359733 1 0.00225166 0.0295347 0.0988414
FixedParameters: 0 0 0

#Transform 64
Transform: AffineTransform_float_3_3
Parameters: 0.999999 0.000183136 -0.000697458 -0.000182634 1 0.000360005 0.00069759 -0.000359749 0.999999 0.00713499 0.0250127 0.0555885
FixedParameters: 0 0 0

#Transform 65
Transform: AffineTransform_float_3_3
Parameters: 1 -0.000198287 -0.000493823 0.000198447 1 0.000161958 0.000493758 -0.000162154 1 -0.00200507 0.031643 0.101474
FixedParameters: 0 0 0

#Transform 66
Transform: AffineTransform_float_3_3
Parameters: 1 -0.00010958 -0.000343923 0.000109838 1 0.000374885 0.000343841 -0.00037496 1 -0.00270152 -0.000467736 0.0962416
FixedParameters: 0 0 0

#Transform 67
Transform: AffineTransform_float_3_3
Parameters: 1 7.90051e-05 -0.000132868 -7.93765e-05 1 0.000372547 0.000132047 -0.000372555 1 -0.0165806 0.00804447 0.0916058
FixedParameters: 0 0 0

#Transform 68
Transform: AffineTransform_float_3_3
Parameters: 1 -8.12194e-05 -0.000274059 8.13038e-05 1 0.000154039 0.000274034 -0.000154084 1 -0.000462511 0.0260555 0.104709
FixedParameters: 0 0 0

#Transform 69
Transform: AffineTransform_float_3_3
Parameters: 1 1.32194e-05 -8.52985e-05 -1.32202e-05 1 -4.83786e-06 8.52984e-05 4.84012e-06 1 -0.00971107 0.0223053 0.109427
FixedParameters: 0 0 0

#Transform 70
Transform: AffineTransform_float_3_3
Parameters: 1 4.8848e-05 -0.000132688 -4.88588e-05 1 -4.07583e-05 0.000132684 4.07712e-05 1 0.00628617 0.0286466 0.111748
FixedParameters: 0 0 0

#Transform 71
Transform: AffineTransform_float_3_3
Parameters: 1 1.9864e-05 -0.000375877 -2.04416e-05 0.999999 -0.000768374 0.000375846 0.000768389 0.999999 -0.0061506 0.0274319 0.0746719
FixedParameters: 0 0 0

#Transform 72
Transform: AffineTransform_float_3_3
Parameters: 1 0.000113706 -0.00010201 -0.000114196 0.999998 -0.00208055 0.000101411 0.00208057 0.999998 -0.0150656 0.0489655 0.113183
FixedParameters: 0 0 0

#Transform 73
Transform: AffineTransform_float_3_3
Parameters: 1 0.000168735 -8.13077e-05 -0.000168895 0.999999 -0.000988229 8.09741e-05 0.000988257 0.999999 -0.0180262 0.0178418 0.127758
FixedParameters: 0 0 0

#Transform 74
Transform: AffineTransform_float_3_3
Parameters: 1 -0.000188662 -0.000394793 0.000187795 0.999997 -0.00213011 0.000394999 0.00212998 0.999997 0.000378199 0.0790704 -0.0338523
FixedParameters: 0 0 0

#Transform 75
Transform: AffineTransform_float_3_3
Parameters: 1 0.000177683 -8.64529e-05 -0.000177659 0.999997 -0.00219433 8.64281e-05 0.00219439 0.999997 -0.0144738 0.107132 -0.00913908
FixedParameters: 0 0 0

#Transform 76
Transform: AffineTransform_float_3_3
Parameters: 1 5.18344e-05 -1.87622e-05 -5.19241e-05 0.999999 -0.00151088 1.85431e-05 0.00151088 0.999999 -0.0181244 0.0676168 0.0503133
FixedParameters: 0 0 0

#Transform 77
Transform: AffineTransform_float_3_3
Parameters: 1 6.65098e-05 -2.65951e-05 -6.65983e-05 1 -0.00104117 2.63941e-05 0.00104117 1 -0.0188542 0.0479453 0.0842651
FixedParameters: 0 0 0

#Transform 78
Transform: AffineTransform_float_3_3
Parameters: 1 -0.000157609 -7.10018e-05 0.000157479 0.999999 -0.000913851 7.12898e-05 0.000913829 0.999999 -0.0132451 0.0627582 0.112145
FixedParameters: 0 0 0

#Transform 79
Transform: AffineTransform_float_3_3
Parameters: 1 -0.000304704 0.00017227 0.000305027 1 -0.00103721 -0.0001717 0.00103731 1 -0.0168038 0.0598854 0.123595
FixedParameters: 0 0 0

#Transform 80
Transform: AffineTransform_float_3_3
Parameters: 1 -0.00031947 0.000180194 0.000319821 1 -0.000973987 -0.000179572 0.00097327 0.999999 -0.0206266 0.0602277 0.141812
FixedParameters: 0 0 0

#Transform 81
Transform: AffineTransform_float_3_3
Parameters: 1 -0.000309688 0.000174805 0.000309898 1 -0.000601737 -0.000174432 0.000601845 1 -0.0268236 0.0373473 0.136029
FixedParameters: 0 0 0

#Transform 82
Transform: AffineTransform_float_3_3
Parameters: 1 -9.53065e-05 -0.000499942 9.56032e-05 1 0.00121134 0.000500119 -0.00121146 0.999999 -0.010376 0.0366069 0.121178
FixedParameters: 0 0 0

#Transform 83
Transform: AffineTransform_float_3_3
Parameters: 1 2.48426e-05 -0.000201458 -2.47431e-05 1 0.000247024 0.00020147 -0.000247014 1 -0.0100217 0.0516422 0.109933
FixedParameters: 0 0 0

#Transform 84
Transform: AffineTransform_float_3_3
Parameters: 1 0.000107608 -0.000167201 -0.000107056 0.999999 0.00184803 0.000167473 -0.001848 0.999999 -0.0177255 0.00578079 0.135094
FixedParameters: 0 0 0

#Transform 85
Transform: AffineTransform_float_3_3
Parameters: 1 0.000110585 -0.000421536 -0.000110436 0.999999 0.00126034 0.000422223 -0.00126026 0.999999 -0.00246878 0.0311601 0.123211
FixedParameters: 0 0 0

#Transform 86
Transform: AffineTransform_float_3_3
Parameters: 1 0.000287918 -0.000616903 -0.000286492 1 0.00118265 0.00061752 -0.0011823 0.999999 -0.00607397 0.00856277 0.136174
FixedParameters: 0 0 0

#Transform 87
Transform: AffineTransform_float_3_3
Parameters: 1 -7.17312e-05 -0.000455849 7.1923e-05 1 0.00121335 0.000456083 -0.00121344 0.999999 -0.011303 0.00744233 0.136264
FixedParameters: 0 0 0

#Transform 88
Transform: AffineTransform_float_3_3
Parameters: 1 0.000179822 -0.00032135 -0.00017957 1 0.00117581 0.000320831 -0.00117573 0.999999 -0.0137868 0.0158957 0.138164
FixedParameters: 0 0 0

#Transform 89
Transform: AffineTransform_float_3_3
Parameters: 1 0.00015838 -9.34481e-05 -0.000158145 0.999999 0.00142941 9.38381e-05 -0.00142938 0.999999 -0.0199157 0.0293512 0.15032
FixedParameters: 0 0 0

#Transform 90
Transform: AffineTransform_float_3_3
Parameters: 1 -0.000107217 -0.000144551 0.000107457 0.999999 0.000831446 0.000144373 -0.000831477 0.999999 -0.00597176 0.0451856 0.175136
FixedParameters: 0 0 0

#Transform 91
Transform: AffineTransform_float_3_3
Parameters: 1 -0.000292081 5.59552e-05 0.000291939 1 0.000963677 -5.65804e-05 -0.000963645 1 -0.0127799 0.0437262 0.151718
FixedParameters: 0 0 0

#Transform 92
Transform: AffineTransform_float_3_3
Parameters: 1 -5.13103e-05 2.17491e-05 5.13096e-05 1 1.49754e-05 -2.17507e-05 -1.49732e-05 1 -0.0101998 0.0484422 0.135885
FixedParameters: 0 0 0

#Transform 93
Transform: AffineTransform_float_3_3
Parameters: 1 -2.57141e-05 9.88075e-05 2.5788e-05 1 -0.000373779 -9.87882e-05 0.000373784 1 -0.00654025 0.0696084 0.114182
FixedParameters: 0 0 0

#Transform 94
Transform: AffineTransform_float_3_3
Parameters: 1 -0.000283644 0.00017339 0.000283895 0.999999 -0.000725656 -0.000172978 0.000725754 0.999999 -0.0119573 0.0480254 0.103596
FixedParameters: 0 0 0

#Transform 95
Transform: AffineTransform_float_3_3
Parameters: 1 -0.000100677 7.55348e-05 0.000100902 0.999998 -0.0019308 -7.52704e-05 0.00193081 0.999998 -0.00990047 0.0693088 0.112309
FixedParameters: 0 0 0

#Transform 96
Transform: AffineTransform_float_3_3
Parameters: 1 -5.63327e-05 0.000610102 5.71508e-05 0.999998 -0.00180695 -0.000610447 0.00180641 0.999999 -0.0247498 0.103108 0.0555783
FixedParameters: 0 0 0

#Transform 97
Transform: AffineTransform_float_3_3
Parameters: 1 -0.000104911 0.000165152 0.000104888 0.999999 -0.00145187 -0.000165789 0.00145188 0.999999 -0.0136255 0.0974287 0.111029
FixedParameters: 0 0 0

#Transform 98
Transform: AffineTransform_float_3_3
Parameters: 1 5.34737e-06 0.000212651 -5.7861e-06 1 -0.00112034 -0.000212255 0.00112032 1 -0.0142548 0.0891969 0.114379
FixedParameters: 0 0 0

#Transform 99
Transform: AffineTransform_float_3_3
Parameters: 1 -7.24253e-05 6.03125e-05 7.25154e-05 1 -0.00102437 -6.02264e-05 0.00102438 1 -0.0170927 0.0684262 0.123453
FixedParameters: 0 0 0

#Transform 100
Transform: AffineTransform_float_3_3
Parameters: 0.999999 -0.000168206 0.000827764 0.000169415 0.999999 -0.00158638 -0.000827762 0.00158744 0.999999 -0.0408084 0.0681622 0.100824
FixedParameters: 0 0 0

#Transform 101
Transform: AffineTransform_float_3_3
Parameters: 0.999999 -0.000370916 0.000926596 0.000372651 0.999998 -0.00193862 -0.000926584 0.00193867 0.999998 -0.0287018 0.0698517 0.11328
FixedParameters: 0 0 0

#Transform 102
Transform: AffineTransform_float_3_3
Parameters: 1 -0.000603696 0.00105212 0.000605518 0.999997 -0.00240651 -0.00105103 0.00240766 0.999996 -0.0383036 0.0932624 0.115424
FixedParameters: 0 0 0

#Transform 103
Transform: AffineTransform_float_3_3
Parameters: 1 -0.000574813 0.00103673 0.000577758 0.999997 -0.00255956 -0.00103615 0.00256008 0.999997 -0.0473804 0.0858162 0.109537
FixedParameters: 0 0 0

#Transform 104
Transform: AffineTransform_float_3_3
Parameters: 0.999999 -0.000465598 0.0014966 0.000468896 0.999997 -0.00231204 -0.00149493 0.00231276 0.999996 -0.0594707 0.0940036 0.0690054
FixedParameters: 0 0 0

#Transform 105
Transform: AffineTransform_float_3_3
Parameters: 0.999999 -3.0206e-05 0.00151339 3.35469e-05 0.999998 -0.00215511 -0.00151284 0.00215511 0.999996 -0.0559839 0.101009 0.0740663
FixedParameters: 0 0 0

#Transform 106
Transform: AffineTransform_float_3_3
Parameters: 0.999999 -0.000402069 0.00153137 0.000405564 0.999998 -0.00203533 -0.00153069 0.00203591 0.999997 -0.0521058 0.0927524 0.0608269
FixedParameters: 0 0 0

#Transform 107
Transform: AffineTransform_float_3_3
Parameters: 0.999999 -0.000425916 0.00143848 0.000429173 0.999998 -0.00192065 -0.00143692 0.00192208 0.999997 -0.0552113 0.0691755 0.0724313
FixedParameters: 0 0 0

#Transform 108
Transform: AffineTransform_float_3_3
Parameters: 0.999999 -0.000736566 0.00171021 0.000739063 0.999999 -0.00151095 -0.00170881 0.00151282 0.999997 -0.0637767 0.0637625 0.0983519
FixedParameters: 0 0 0

#Transform 109
Transform: AffineTransform_float_3_3
Parameters: 0.999998 -0.000482155 0.00157386 0.000484566 0.999998 -0.00161551 -0.00157321 0.00161582 0.999998 -0.0480995 0.0697 0.0946621
FixedParameters: 0 0 0

#Transform 110
Transform: AffineTransform_float_3_3
Parameters: 0.999998 -0.000492568 0.00157988 0.000495158 0.999998 -0.00196552 -0.00157842 0.00196641 0.999997 -0.0584757 0.0718687 0.0578334
FixedParameters: 0 0 0

#Transform 111
Transform: AffineTransform_float_3_3
Parameters: 0.999999 -0.000760045 0.00118738 0.000763461 0.999994 -0.00340494 -0.00118463 0.00340518 0.999994 -0.049732 0.0985685 0.0552229
FixedParameters: 0 0 0

#Transform 112
Transform: AffineTransform_float_3_3
Parameters: 0.999999 -0.000654144 0.00132582 0.000657397 0.999996 -0.00260703 -0.00132295 0.00260809 0.999996 -0.0472251 0.0960332 0.0719945
FixedParameters: 0 0 0

#Transform 113
Transform: AffineTransform_float_3_3
Parameters: 0.999999 -0.0009924 0.00155735 0.000997299 0.999995 -0.00305063 -0.00155359 0.00305216 0.999994 -0.060653 0.0937048 0.0937476
FixedParameters: 0 0 0

#Transform 114
Transform: AffineTransform_float_3_3
Parameters: 0.999998 -0.00102453 0.00189729 0.00102994 0.999995 -0.0031184 -0.00189456 0.0031201 0.999994 -0.068236 0.0916529 0.0697372
FixedParameters: 0 0 0

#Transform 115
Transform: AffineTransform_float_3_3
Parameters: 0.999997 -0.00117815 0.00210818 0.00118455 0.999995 -0.00303249 -0.00210462 0.00303526 0.999993 -0.0620154 0.0716859 0.0603874
FixedParameters: 0 0 0

#Transform 116
Transform: AffineTransform_float_3_3
Parameters: 0.999997 -0.00111902 0.00221014 0.00112474 0.999995 -0.00292337 -0.00220668 0.00292555 0.999993 -0.0538361 0.0667381 0.0948473
FixedParameters: 0 0 0

#Transform 117
Transform: AffineTransform_float_3_3
Parameters: 0.999998 -0.000683758 0.00186465 0.000689434 0.999996 -0.00299172 -0.00186246 0.00299297 0.999994 -0.0561165 0.104727 0.0610731
FixedParameters: 0 0 0

#Transform 118
Transform: AffineTransform_float_3_3
Parameters: 0.999997 -0.000888994 0.00197566 0.000895125 0.999994 -0.0032902 -0.00197218 0.00329236 0.999993 -0.0613188 0.11553 0.0744462
FixedParameters: 0 0 0

#Transform 119
Transform: AffineTransform_float_3_3
Parameters: 0.999997 -0.000819372 0.00210852 0.000825188 0.999996 -0.00266354 -0.00210602 0.00266514 0.999995 -0.0561094 0.0846581 0.0824961
FixedParameters: 0 0 0
