# transform file /out/sourcedata/freesurfer/sub-v1s19x0051316_ses-1/mri/transforms/cc_up.lta
# created by oesteban on Thu Mar 12 15:47:07 2026

type      = 0 # LINEAR_VOX_TO_VOX
nxforms   = 1
mean      = 126.0000 143.0000 119.0000
sigma     = 10000.0000
1 4 4
9.833709001541138e-01 -1.758946776390076e-01 -4.519857466220856e-02 3.385183715820312e+01 
1.757091730833054e-01 9.844090342521667e-01 -8.076102472841740e-03 -1.562350654602051e+01 
4.591442644596100e-02 -9.313226856377810e-10 9.989454746246338e-01 1.551128101348877e+01 
0.000000000000000e+00 0.000000000000000e+00 0.000000000000000e+00 1.000000000000000e+00 
src volume info
valid = 1  # volume info valid
filename = /out/sourcedata/freesurfer/sub-v1s19x0051316_ses-1/mri/norm.mgz
volume = 256 256 256
voxelsize = 1.000000000000000e+00 1.000000000000000e+00 1.000000000000000e+00
xras   = -1.000000000000000e+00 0.000000000000000e+00 0.000000000000000e+00
yras   = 0.000000000000000e+00 0.000000000000000e+00 -1.000000000000000e+00
zras   = 0.000000000000000e+00 1.000000000000000e+00 0.000000000000000e+00
cras   = 1.810523986816406e+00 5.837303161621094e+00 4.026641845703125e+00
dst volume info
valid = 1  # volume info valid
filename = /out/sourcedata/freesurfer/sub-v1s19x0051316_ses-1/mri/norm.mgz
volume = 256 256 256
voxelsize = 1.000000000000000e+00 1.000000000000000e+00 1.000000000000000e+00
xras   = -1.000000000000000e+00 0.000000000000000e+00 0.000000000000000e+00
yras   = 0.000000000000000e+00 0.000000000000000e+00 -1.000000000000000e+00
zras   = 0.000000000000000e+00 1.000000000000000e+00 0.000000000000000e+00
cras   = 1.810523986816406e+00 5.837303161621094e+00 4.026641845703125e+00
