#Insight Transform File V1.0
#Transform 0
Transform: AffineTransform_float_3_3
Parameters: 0.999901 0.013587 -0.00364524 -0.0133859 0.998636 0.0504494 0.00432605 -0.0503961 0.99872 -0.0870643 -0.785076 1.33812
FixedParameters: 0 0 0

#Transform 1
Transform: AffineTransform_float_3_3
Parameters: 0.999891 0.0141644 -0.0041687 -0.0139444 0.998719 0.0486436 0.0048524 -0.0485807 0.998808 -0.0826148 -0.781591 1.30313
FixedParameters: 0 0 0

#Transform 2
Transform: AffineTransform_float_3_3
Parameters: 0.999907 0.0133356 -0.00305299 -0.0131713 0.998726 0.0487226 0.00369782 -0.0486771 0.998808 -0.0888211 -0.799715 1.29806
FixedParameters: 0 0 0

#Transform 3
Transform: AffineTransform_float_3_3
Parameters: 0.999906 0.0136162 -0.00161726 -0.0135238 0.99877 0.0477111 0.0022649 -0.0476844 0.99886 -0.13013 -0.746129 1.32557
FixedParameters: 0 0 0

#Transform 4
Transform: AffineTransform_float_3_3
Parameters: 0.999919 0.0127671 0.000288589 -0.0127665 0.998744 0.0484345 0.000330277 -0.0484341 0.998826 -0.154372 -0.751853 1.29301
FixedParameters: 0 0 0

#Transform 5
Transform: AffineTransform_float_3_3
Parameters: 0.999932 0.0116707 -7.38048e-05 -0.0116557 0.998859 0.0463123 0.000614036 -0.046308 0.998927 -0.113606 -0.701897 1.27855
FixedParameters: 0 0 0

#Transform 6
Transform: AffineTransform_float_3_3
Parameters: 0.999937 0.0112069 -6.03639e-05 -0.0111933 0.998981 0.0437147 0.000550211 -0.0437106 0.999044 -0.110674 -0.58974 1.21263
FixedParameters: 0 0 0

#Transform 7
Transform: AffineTransform_float_3_3
Parameters: 0.999935 0.011414 -0.000413253 -0.0113849 0.998988 0.0435211 0.000909349 -0.0435136 0.999053 -0.127197 -0.61514 1.22692
FixedParameters: 0 0 0

#Transform 8
Transform: AffineTransform_float_3_3
Parameters: 0.999933 0.0115723 0.000175131 -0.0115691 0.998995 0.0433085 0.000326467 -0.0433074 0.999061 -0.141529 -0.608539 1.21125
FixedParameters: 0 0 0

#Transform 9
Transform: AffineTransform_float_3_3
Parameters: 0.999934 0.0114892 0.000172885 -0.0114855 0.99902 0.0427437 0.000317697 -0.0427424 0.999086 -0.132326 -0.593703 1.19945
FixedParameters: 0 0 0

#Transform 10
Transform: AffineTransform_float_3_3
Parameters: 0.99994 0.0109676 0.000351466 -0.0109723 0.999063 0.0418593 0.000107679 -0.0418607 0.999124 -0.141243 -0.535708 1.21084
FixedParameters: 0 0 0

#Transform 11
Transform: AffineTransform_float_3_3
Parameters: 0.999773 0.0209052 0.00409324 -0.0210836 0.998528 0.0499663 -0.00304227 -0.0500422 0.998742 -0.437638 -0.714839 1.31175
FixedParameters: 0 0 0

#Transform 12
Transform: AffineTransform_float_3_3
Parameters: 0.999789 0.0203733 0.00256718 -0.0204698 0.99873 0.0460497 -0.00162591 -0.0460925 0.998936 -0.462158 -0.858227 1.22018
FixedParameters: 0 0 0

#Transform 13
Transform: AffineTransform_float_3_3
Parameters: 0.99995 0.0099384 -0.00144701 -0.00990669 0.999735 0.0208148 0.0016534 -0.0207995 0.999782 -0.206955 -0.2822 0.703604
FixedParameters: 0 0 0

#Transform 14
Transform: AffineTransform_float_3_3
Parameters: 0.999966 0.00823403 -0.00098827 -0.00821567 0.999808 0.0177682 0.00113511 -0.0177594 0.999842 -0.171275 -0.209987 0.588203
FixedParameters: 0 0 0

#Transform 15
Transform: AffineTransform_float_3_3
Parameters: 0.999978 0.00644235 -0.00136182 -0.00642213 0.99987 0.0148124 0.00145713 -0.0148031 0.99989 -0.110337 -0.176046 0.497219
FixedParameters: 0 0 0

#Transform 16
Transform: AffineTransform_float_3_3
Parameters: 0.999982 0.00555315 -0.0020317 -0.00553364 0.999941 0.00942339 0.002084 -0.00941156 0.999954 -0.104729 -0.15209 0.281078
FixedParameters: 0 0 0

#Transform 17
Transform: AffineTransform_float_3_3
Parameters: 0.999993 0.00309117 -0.00215002 -0.00307985 0.99998 0.00543644 0.00216676 -0.00542959 0.999983 -0.0406733 -0.109096 0.106424
FixedParameters: 0 0 0

#Transform 18
Transform: AffineTransform_float_3_3
Parameters: 0.999997 0.00186273 -0.00138993 -0.00185753 0.999989 0.0042865 0.00139702 -0.00428295 0.99999 -0.0248497 -0.105449 0.0474894
FixedParameters: 0 0 0

#Transform 19
Transform: AffineTransform_float_3_3
Parameters: 0.999999 0.00107314 -0.00120444 -0.00106989 0.999995 0.00310352 0.00120765 -0.00310231 0.999995 -0.00598953 -0.0624344 0.0226141
FixedParameters: 0 0 0

#Transform 20
Transform: AffineTransform_float_3_3
Parameters: 1 7.20817e-06 0.000575231 -8.64953e-06 0.999996 0.00306159 -0.000575256 -0.0030624 0.999995 -0.0228508 -0.0524558 0.0219801
FixedParameters: 0 0 0

#Transform 21
Transform: AffineTransform_float_3_3
Parameters: 0.999999 -0.00118815 0.000701916 0.0011869 0.999997 0.00246743 -0.000705361 -0.00246573 0.999997 0.0124499 -0.0429804 -0.00961364
FixedParameters: 0 0 0

#Transform 22
Transform: AffineTransform_float_3_3
Parameters: 1 -0.000899337 -0.000923569 0.000894626 0.999987 -0.00502053 0.000929075 0.00502024 0.999987 0.0176748 0.116863 -0.202153
FixedParameters: 0 0 0

#Transform 23
Transform: AffineTransform_float_3_3
Parameters: 0.99998 -0.00299556 -0.00566417 0.00284602 0.999651 -0.0262571 0.00574134 0.026241 0.999639 0.0348776 0.52744 -0.812426
FixedParameters: 0 0 0

#Transform 24
Transform: AffineTransform_float_3_3
Parameters: 0.999979 -0.00356943 -0.00538209 0.00340049 0.999511 -0.0310781 0.00549048 0.0310585 0.999502 0.0558692 0.649658 -0.952401
FixedParameters: 0 0 0

#Transform 25
Transform: AffineTransform_float_3_3
Parameters: 0.999984 -0.00453334 -0.003355 0.00444245 0.999631 -0.0268129 0.0034752 0.0267978 0.999635 0.0697205 0.587456 -0.790252
FixedParameters: 0 0 0

#Transform 26
Transform: AffineTransform_float_3_3
Parameters: 0.99999 -0.00400633 -0.00179146 0.00396545 0.999736 -0.0226303 0.00188123 0.0226231 0.999742 0.0583402 0.55737 -0.655833
FixedParameters: 0 0 0

#Transform 27
Transform: AffineTransform_float_3_3
Parameters: 0.999997 -0.00237235 -0.000604033 0.00235793 0.999743 -0.0225778 0.000657803 0.022576 0.999745 0.00321082 0.508354 -0.69259
FixedParameters: 0 0 0

#Transform 28
Transform: AffineTransform_float_3_3
Parameters: 0.999987 -0.00346584 -0.00363449 0.00332814 0.999308 -0.037065 0.0037604 0.0370521 0.999307 0.0322641 0.685627 -1.2024
FixedParameters: 0 0 0

#Transform 29
Transform: AffineTransform_float_3_3
Parameters: 0.99999 -0.00344684 -0.00272355 0.00333198 0.999153 -0.0409983 0.00286297 0.0409892 0.999155 0.0386098 0.845492 -1.19323
FixedParameters: 0 0 0

#Transform 30
Transform: AffineTransform_float_3_3
Parameters: 0.99999 -0.00428949 -0.00168589 0.00422271 0.999285 -0.0375819 0.00184606 0.0375746 0.999292 0.0694615 0.767435 -1.1063
FixedParameters: 0 0 0

#Transform 31
Transform: AffineTransform_float_3_3
Parameters: 0.999995 -0.00290947 0.000691862 0.00292776 0.999593 -0.0283766 -0.000608978 0.0283777 0.999597 0.00179552 0.699611 -0.768453
FixedParameters: 0 0 0

#Transform 32
Transform: AffineTransform_float_3_3
Parameters: 0.999987 0.0052266 -3.68561e-05 -0.00522704 0.999912 -0.0121782 -2.65503e-05 0.0121781 0.999926 -0.19377 0.14365 -0.413704
FixedParameters: 0 0 0

#Transform 33
Transform: AffineTransform_float_3_3
Parameters: 0.999995 0.00257528 -0.00194301 -0.00260013 0.999914 -0.0128308 0.00190945 0.0128362 0.999916 0.00581044 0.336404 -0.304184
FixedParameters: 0 0 0

#Transform 34
Transform: AffineTransform_float_3_3
Parameters: 0.999997 0.000395005 -0.00257151 -0.000430899 0.999899 -0.014197 0.0025662 0.0141978 0.999896 0.0831408 0.321273 -0.37369
FixedParameters: 0 0 0

#Transform 35
Transform: AffineTransform_float_3_3
Parameters: 0.999998 0.00105714 -0.00187333 -0.00108358 0.999898 -0.0142702 0.00185724 0.0142715 0.999896 0.0513624 0.349851 -0.385538
FixedParameters: 0 0 0

#Transform 36
Transform: AffineTransform_float_3_3
Parameters: 0.999991 0.00419506 -0.000781685 -0.00420694 0.999872 -0.0153835 0.000716803 0.0153867 0.999881 -0.0206693 0.290013 -0.446581
FixedParameters: 0 0 0

#Transform 37
Transform: AffineTransform_float_3_3
Parameters: 0.999986 0.00461595 0.00260097 -0.00456992 0.999838 -0.0174525 -0.00268107 0.0174404 0.999844 -0.0807726 0.383745 -0.574961
FixedParameters: 0 0 0

#Transform 38
Transform: AffineTransform_float_3_3
Parameters: 0.999974 0.0061267 0.00378404 -0.00606051 0.999833 -0.0172431 -0.00388901 0.0172203 0.999845 -0.135689 0.367059 -0.555771
FixedParameters: 0 0 0

#Transform 39
Transform: AffineTransform_float_3_3
Parameters: 0.999973 0.00620447 0.0038566 -0.0061446 0.999861 -0.0154804 -0.00395204 0.0154566 0.999873 -0.147549 0.322915 -0.478518
FixedParameters: 0 0 0

#Transform 40
Transform: AffineTransform_float_3_3
Parameters: 0.999959 0.0078486 0.00457499 -0.00787277 0.999955 0.00526121 -0.00453356 -0.00529643 0.999975 -0.190058 -0.00100924 0.351681
FixedParameters: 0 0 0

#Transform 41
Transform: AffineTransform_float_3_3
Parameters: 0.999929 0.0106196 0.0053869 -0.0107221 0.999757 0.0192526 -0.0051808 -0.0193087 0.9998 -0.219397 -0.356219 0.672937
FixedParameters: 0 0 0

#Transform 42
Transform: AffineTransform_float_3_3
Parameters: 0.999935 0.0099436 0.00565419 -0.0100421 0.999794 0.0176447 -0.00547669 -0.0177002 0.999829 -0.21993 -0.336504 0.614233
FixedParameters: 0 0 0

#Transform 43
Transform: AffineTransform_float_3_3
Parameters: 0.999931 0.0100403 0.00599977 -0.0101481 0.999782 0.0182475 -0.00581524 -0.0183069 0.999815 -0.23041 -0.350992 0.628786
FixedParameters: 0 0 0

#Transform 44
Transform: AffineTransform_float_3_3
Parameters: 0.999956 0.00675664 0.00651382 -0.00684573 0.999881 0.0138402 -0.00641969 -0.0138841 0.999883 -0.154455 -0.263596 0.543464
FixedParameters: 0 0 0

#Transform 45
Transform: AffineTransform_float_3_3
Parameters: 0.999956 0.00697009 0.00630491 -0.00706116 0.99987 0.0144953 -0.00620298 -0.0145395 0.999875 -0.153042 -0.238123 0.535059
FixedParameters: 0 0 0

#Transform 46
Transform: AffineTransform_float_3_3
Parameters: 0.999945 0.00871622 0.0058958 -0.00881074 0.99983 0.0162311 -0.00575329 -0.0162818 0.999851 -0.196859 -0.259893 0.62801
FixedParameters: 0 0 0

#Transform 47
Transform: AffineTransform_float_3_3
Parameters: 0.999944 0.00920009 0.00519857 -0.00929289 0.999792 0.0181068 -0.00503182 -0.0181544 0.999823 -0.182754 -0.232538 0.666503
FixedParameters: 0 0 0

#Transform 48
Transform: AffineTransform_float_3_3
Parameters: 0.999954 0.00807269 0.00520649 -0.00816122 0.999816 0.0173449 -0.00506557 -0.0173871 0.999837 -0.132402 -0.301617 0.648115
FixedParameters: 0 0 0

#Transform 49
Transform: AffineTransform_float_3_3
Parameters: 0.99997 0.00631086 0.00449316 -0.00634709 0.999947 0.0080724 -0.00444167 -0.00810074 0.999957 -0.14892 -0.16163 0.284065
FixedParameters: 0 0 0

#Transform 50
Transform: AffineTransform_float_3_3
Parameters: 0.999996 0.00261749 0.000918552 -0.00258267 0.999345 -0.0360977 -0.00101261 0.0360955 0.999348 -0.0649633 0.607626 -0.939771
FixedParameters: 0 0 0

#Transform 51
Transform: AffineTransform_float_3_3
Parameters: 0.999944 0.0106224 0.000612752 -0.010603 0.999601 -0.0262109 -0.000890703 0.0262028 0.999656 -0.262031 0.526413 -0.54665
FixedParameters: 0 0 0

#Transform 52
Transform: AffineTransform_float_3_3
Parameters: 0.9999 0.0141338 0.00107778 -0.0141204 0.999829 -0.0119662 -0.00124649 0.0119488 0.999928 -0.339422 0.253022 -0.135751
FixedParameters: 0 0 0

#Transform 53
Transform: AffineTransform_float_3_3
Parameters: 0.99985 0.0170341 0.00316968 -0.0170566 0.999829 0.00713726 -0.00304821 -0.00719009 0.99997 -0.455083 -0.170018 0.432986
FixedParameters: 0 0 0

#Transform 54
Transform: AffineTransform_float_3_3
Parameters: 0.999819 0.0189414 0.00209355 -0.0189551 0.999797 0.00681458 -0.00196415 -0.00685303 0.999975 -0.492575 -0.187599 0.438528
FixedParameters: 0 0 0

#Transform 55
Transform: AffineTransform_float_3_3
Parameters: 0.999782 0.0206407 0.00304329 -0.020701 0.999558 0.0213335 -0.00260181 -0.0213918 0.999768 -0.534198 -0.445591 0.685627
FixedParameters: 0 0 0

#Transform 56
Transform: AffineTransform_float_3_3
Parameters: 0.999735 0.0226073 0.00453632 -0.0227019 0.9995 0.0219822 -0.00403751 -0.0220798 0.999748 -0.526799 -0.581773 0.687348
FixedParameters: 0 0 0

#Transform 57
Transform: AffineTransform_float_3_3
Parameters: 0.99971 0.0234669 0.00528359 -0.0235818 0.999464 0.0226793 -0.00474822 -0.0227975 0.999728 -0.544262 -0.485432 0.675388
FixedParameters: 0 0 0

#Transform 58
Transform: AffineTransform_float_3_3
Parameters: 0.999491 0.0302536 0.0101028 -0.0306559 0.998634 0.0423206 -0.00880911 -0.0426089 0.999053 -0.745188 -0.831699 1.15479
FixedParameters: 0 0 0

#Transform 59
Transform: AffineTransform_float_3_3
Parameters: 0.999535 0.0285188 0.0108743 -0.0290225 0.998359 0.0493681 -0.00944898 -0.0496599 0.998721 -0.746533 -1.11388 1.28161
FixedParameters: 0 0 0

#Transform 60
Transform: AffineTransform_float_3_3
Parameters: 0.999705 0.0235743 0.0059525 -0.0238609 0.998267 0.0537957 -0.00467405 -0.0539224 0.998535 -0.447558 -0.959907 1.41282
FixedParameters: 0 0 0

#Transform 61
Transform: AffineTransform_float_3_3
Parameters: 0.999673 0.0249941 0.00534664 -0.025157 0.999136 0.0330822 -0.00451583 -0.0332058 0.999438 -0.59105 -0.750024 0.907014
FixedParameters: 0 0 0

#Transform 62
Transform: AffineTransform_float_3_3
Parameters: 0.999937 0.0110853 0.00181888 -0.0111159 0.999789 0.0172453 -0.00162745 -0.0172642 0.999849 -0.237446 -0.352569 0.563618
FixedParameters: 0 0 0

#Transform 63
Transform: AffineTransform_float_3_3
Parameters: 0.999975 0.00680445 0.00190204 -0.00682699 0.999902 0.0122299 -0.00181907 -0.0122425 0.999923 -0.0393714 -0.255418 0.445329
FixedParameters: 0 0 0

#Transform 64
Transform: AffineTransform_float_3_3
Parameters: 0.999983 0.00199397 -0.00542325 -0.00209479 0.999823 -0.0187185 0.00538543 0.018729 0.99981 0.0388957 0.326409 -0.438874
FixedParameters: 0 0 0

#Transform 65
Transform: AffineTransform_float_3_3
Parameters: 0.999986 0.000879272 -0.00537265 -0.000962656 0.99988 -0.0154714 0.00535837 0.0154758 0.999866 0.0881278 0.308543 -0.313753
FixedParameters: 0 0 0

#Transform 66
Transform: AffineTransform_float_3_3
Parameters: 0.999982 -0.000644099 -0.00611105 0.000561559 0.999908 -0.0135254 0.00611885 0.0135219 0.99989 0.197053 0.290761 -0.25683
FixedParameters: 0 0 0

#Transform 67
Transform: AffineTransform_float_3_3
Parameters: 0.999934 -0.00254706 -0.0111869 0.00250327 0.999989 -0.00393221 0.0111963 0.00390407 0.99993 0.241466 0.222251 -0.100375
FixedParameters: 0 0 0

#Transform 68
Transform: AffineTransform_float_3_3
Parameters: 0.999945 0.000844787 -0.0104186 -0.00104561 0.999813 -0.019295 0.0104003 0.0193045 0.999759 0.107359 0.185968 -0.565201
FixedParameters: 0 0 0

#Transform 69
Transform: AffineTransform_float_3_3
Parameters: 0.999969 -0.00118819 -0.00781929 0.00100195 0.999717 -0.0237566 0.00784512 0.0237474 0.999687 0.185351 0.532665 -0.615584
FixedParameters: 0 0 0

#Transform 70
Transform: AffineTransform_float_3_3
Parameters: 0.999971 -0.00307805 -0.00703013 0.00290569 0.9997 -0.0243124 0.00710293 0.0242917 0.99968 0.259518 0.717246 -0.644085
FixedParameters: 0 0 0

#Transform 71
Transform: AffineTransform_float_3_3
Parameters: 0.999962 0.0062901 0.00609183 -0.00640691 0.999793 0.0193084 -0.00596885 -0.0193464 0.999795 -0.0935911 -0.353395 0.649949
FixedParameters: 0 0 0

#Transform 72
Transform: AffineTransform_float_3_3
Parameters: 0.999982 0.00448772 0.00389904 -0.00453372 0.99992 0.0118568 -0.00384485 -0.0118735 0.999922 -0.0151503 -0.264961 0.410162
FixedParameters: 0 0 0

#Transform 73
Transform: AffineTransform_float_3_3
Parameters: 0.99999 0.00351308 0.00288951 -0.00353828 0.999953 0.00895742 -0.00285846 -0.00896716 0.999956 0.0272816 -0.19133 0.314902
FixedParameters: 0 0 0

#Transform 74
Transform: AffineTransform_float_3_3
Parameters: 0.999995 0.00316722 0.000209732 -0.00316879 0.999984 0.00483707 -0.000194532 -0.0048372 0.999988 0.0541302 -0.0624558 0.215062
FixedParameters: 0 0 0

#Transform 75
Transform: AffineTransform_float_3_3
Parameters: 0.999993 0.00329533 0.00207497 -0.00330172 0.99999 0.00312773 -0.00206418 -0.00313516 0.999994 0.044416 -0.00868723 0.170878
FixedParameters: 0 0 0

#Transform 76
Transform: AffineTransform_float_3_3
Parameters: 0.999991 0.0032667 0.00271079 -0.00327142 0.999994 0.00156346 -0.00270532 -0.001572 0.999995 0.0300334 0.0239202 0.141133
FixedParameters: 0 0 0

#Transform 77
Transform: AffineTransform_float_3_3
Parameters: 0.999997 0.0018622 0.00180906 -0.00185761 0.999995 -0.00288765 -0.00181465 0.0028844 0.999994 0.0807282 0.101388 -0.00774617
FixedParameters: 0 0 0

#Transform 78
Transform: AffineTransform_float_3_3
Parameters: 0.999999 0.00105909 0.000898182 -0.00105574 0.999991 -0.0039672 -0.000902488 0.00396698 0.999992 0.132706 0.132619 -0.0295013
FixedParameters: 0 0 0

#Transform 79
Transform: AffineTransform_float_3_3
Parameters: 0.999999 0.000219569 0.0012556 -0.000213287 0.999989 -0.00483234 -0.00125609 0.00483131 0.999987 0.152453 0.172626 -0.0351012
FixedParameters: 0 0 0

#Transform 80
Transform: AffineTransform_float_3_3
Parameters: 0.999987 0.00469835 0.00232022 -0.00466588 0.999894 -0.013792 -0.0023848 0.0137813 0.999902 -0.0281352 0.284078 -0.497161
FixedParameters: 0 0 0

#Transform 81
Transform: AffineTransform_float_3_3
Parameters: 0.999987 0.00399269 0.00321891 -0.00392986 0.999804 -0.0194003 -0.00329558 0.0193872 0.999807 0.00630482 0.70762 -0.305031
FixedParameters: 0 0 0

#Transform 82
Transform: AffineTransform_float_3_3
Parameters: 0.999937 0.00992175 0.00527998 -0.010022 0.999765 0.0191952 -0.00508849 -0.019247 0.999802 -0.183365 -0.499928 0.619908
FixedParameters: 0 0 0

#Transform 83
Transform: AffineTransform_float_3_3
Parameters: 0.999983 -0.000736107 -0.00590419 0.000565639 0.999585 -0.028831 0.00592307 0.0288273 0.999566 0.159402 0.642891 -0.642613
FixedParameters: 0 0 0

#Transform 84
Transform: AffineTransform_float_3_3
Parameters: 0.999988 0.00439942 -0.00197778 -0.00442346 0.999915 -0.0122786 0.00192408 0.0122868 0.999922 0.0741213 0.298028 -0.163013
FixedParameters: 0 0 0

#Transform 85
Transform: AffineTransform_float_3_3
Parameters: 0.999938 0.010999 -0.00200967 -0.0109996 0.999939 0.000141331 0.00201137 -0.000119412 0.999998 -0.0722391 0.211257 0.450641
FixedParameters: 0 0 0

#Transform 86
Transform: AffineTransform_float_3_3
Parameters: 0.99987 0.0156479 0.00389129 -0.0156951 0.999801 0.0123243 -0.00369727 -0.0123837 0.999917 -0.375607 -0.229658 0.416047
FixedParameters: 0 0 0

#Transform 87
Transform: AffineTransform_float_3_3
Parameters: 0.999963 0.00719974 -0.00464427 -0.00726646 0.999868 -0.014527 0.0045386 0.0145597 0.999883 0.011875 0.596638 -0.320993
FixedParameters: 0 0 0

#Transform 88
Transform: AffineTransform_float_3_3
Parameters: 0.999768 0.0208147 0.00544661 -0.0210412 0.998742 0.0455061 -0.00449228 -0.0456108 0.998949 -0.516376 -0.829907 1.32216
FixedParameters: 0 0 0

#Transform 89
Transform: AffineTransform_float_3_3
Parameters: 0.999727 0.0228343 -0.00505023 -0.0225015 0.998043 0.0583553 0.00637255 -0.0582253 0.998283 -0.237738 -1.23481 1.74745
FixedParameters: 0 0 0

#Transform 90
Transform: AffineTransform_float_3_3
Parameters: 0.999892 0.0146628 -0.000530219 -0.01465 0.999712 0.0189722 0.000808439 -0.0189622 0.99982 -0.34548 -0.644175 0.568669
FixedParameters: 0 0 0

#Transform 91
Transform: AffineTransform_float_3_3
Parameters: 0.999949 0.0100518 0.00111304 -0.010056 0.999941 0.0043453 -0.00106896 -0.00435558 0.999989 -0.228867 -0.032179 0.468023
FixedParameters: 0 0 0

#Transform 92
Transform: AffineTransform_float_3_3
Parameters: 0.999925 0.0120375 0.002234 -0.0120578 0.999884 0.00932468 -0.00212163 -0.00935077 0.999954 -0.296646 -0.14272 0.548351
FixedParameters: 0 0 0

#Transform 93
Transform: AffineTransform_float_3_3
Parameters: 0.999914 0.0129811 0.00200252 -0.0130008 0.999862 0.01034 -0.00186711 -0.0103651 0.999944 -0.323907 -0.174261 0.574874
FixedParameters: 0 0 0

#Transform 94
Transform: AffineTransform_float_3_3
Parameters: 0.99992 0.0124229 0.00241438 -0.0124459 0.999877 0.00963148 -0.00229405 -0.00966131 0.999951 -0.313134 -0.198048 0.544736
FixedParameters: 0 0 0

#Transform 95
Transform: AffineTransform_float_3_3
Parameters: 0.999927 0.011779 0.00267693 -0.0118021 0.999894 0.0085733 -0.00257624 -0.00860414 0.999959 -0.293895 -0.162649 0.490791
FixedParameters: 0 0 0

#Transform 96
Transform: AffineTransform_float_3_3
Parameters: 0.999938 0.010766 0.00274116 -0.0107876 0.999909 0.00803042 -0.00265463 -0.00805928 0.999964 -0.274906 -0.135637 0.500442
FixedParameters: 0 0 0

#Transform 97
Transform: AffineTransform_float_3_3
Parameters: 0.999937 0.0107887 0.00301883 -0.0108126 0.99991 0.00798242 -0.00293291 -0.00801528 0.999963 -0.276637 -0.140194 0.506384
FixedParameters: 0 0 0

#Transform 98
Transform: AffineTransform_float_3_3
Parameters: 0.999938 0.0103793 0.00399285 -0.0104132 0.999911 0.00843921 -0.00390427 -0.0084805 0.999956 -0.265718 -0.111666 0.525303
FixedParameters: 0 0 0

#Transform 99
Transform: AffineTransform_float_3_3
Parameters: 0.999944 0.0095171 0.0045248 -0.00955388 0.999922 0.00808706 -0.00444757 -0.00813041 0.999957 -0.24767 -0.103575 0.524947
FixedParameters: 0 0 0

#Transform 100
Transform: AffineTransform_float_3_3
Parameters: 0.999943 0.00989661 0.00404048 -0.00992381 0.999927 0.00697266 -0.00397027 -0.00701189 0.999967 -0.242029 -0.0918303 0.487912
FixedParameters: 0 0 0

#Transform 101
Transform: AffineTransform_float_3_3
Parameters: 0.99995 0.00911986 0.00425564 -0.00914712 0.999937 0.00651368 -0.00419604 -0.00655318 0.99997 -0.242565 -0.101686 0.460644
FixedParameters: 0 0 0

#Transform 102
Transform: AffineTransform_float_3_3
Parameters: 0.999955 0.00833068 0.00430412 -0.00835127 0.999954 0.00473491 -0.00426401 -0.00477142 0.999979 -0.228124 -0.0739922 0.416953
FixedParameters: 0 0 0

#Transform 103
Transform: AffineTransform_float_3_3
Parameters: 0.999957 0.0081979 0.00435679 -0.00821874 0.999955 0.004706 -0.00431842 -0.00474189 0.999979 -0.227669 -0.0859653 0.364289
FixedParameters: 0 0 0

#Transform 104
Transform: AffineTransform_float_3_3
Parameters: 0.999955 0.0083315 0.00452329 -0.00835254 0.999954 0.00464462 -0.00448457 -0.0046824 0.999979 -0.228414 -0.0682902 0.373866
FixedParameters: 0 0 0

#Transform 105
Transform: AffineTransform_float_3_3
Parameters: 0.99996 0.00776497 0.00449156 -0.00777868 0.999966 0.00304637 -0.00446681 -0.00308171 0.999985 -0.220094 -0.0402236 0.345955
FixedParameters: 0 0 0

#Transform 106
Transform: AffineTransform_float_3_3
Parameters: 0.999961 0.00759744 0.0046003 -0.00760165 0.999971 0.000790263 -0.00459404 -0.000825471 0.999989 -0.225925 0.0202344 0.283853
FixedParameters: 0 0 0

#Transform 107
Transform: AffineTransform_float_3_3
Parameters: 0.999963 0.00722637 0.00459738 -0.00723025 0.999973 0.0006819 -0.00459178 -0.000715119 0.99999 -0.219062 -0.00101759 0.25534
FixedParameters: 0 0 0

#Transform 108
Transform: AffineTransform_float_3_3
Parameters: 0.999968 0.00657695 0.0045886 -0.00657618 0.999979 -0.000180968 -0.00459038 0.000150973 0.999989 -0.184998 0.023424 0.229754
FixedParameters: 0 0 0

#Transform 109
Transform: AffineTransform_float_3_3
Parameters: 0.999974 0.00601603 0.00394364 -0.00601482 0.999982 -0.000178137 -0.00394483 0.000154215 0.999992 -0.172022 0.0256709 0.214585
FixedParameters: 0 0 0

#Transform 110
Transform: AffineTransform_float_3_3
Parameters: 0.999974 0.00596249 0.00400388 -0.00595924 0.999982 -0.000890918 -0.00400925 0.000867385 0.999991 -0.163843 0.0309885 0.180637
FixedParameters: 0 0 0

#Transform 111
Transform: AffineTransform_float_3_3
Parameters: 0.999977 0.00519891 0.00436017 -0.00518886 0.999984 -0.00220423 -0.00437228 0.00218165 0.999988 -0.159931 0.0314934 0.119328
FixedParameters: 0 0 0

#Transform 112
Transform: AffineTransform_float_3_3
Parameters: 0.99998 0.00421079 0.00458335 -0.00419822 0.999988 -0.00275531 -0.0045945 0.00273618 0.999986 -0.13925 0.0550383 0.0893137
FixedParameters: 0 0 0

#Transform 113
Transform: AffineTransform_float_3_3
Parameters: 0.999982 0.00359 0.00477068 -0.00357265 0.999987 -0.00353255 -0.00478335 0.00351508 0.999982 -0.12606 0.0895558 0.0584233
FixedParameters: 0 0 0

#Transform 114
Transform: AffineTransform_float_3_3
Parameters: 0.999982 0.00303803 0.00518672 -0.00301759 0.999989 -0.00383096 -0.00519853 0.00381458 0.999979 -0.0994306 0.0838305 0.0419715
FixedParameters: 0 0 0

#Transform 115
Transform: AffineTransform_float_3_3
Parameters: 0.999982 0.00203086 0.00567612 -0.00200724 0.999988 -0.00429706 -0.00568441 0.00428584 0.999975 -0.0536812 0.128585 0.0477306
FixedParameters: 0 0 0

#Transform 116
Transform: AffineTransform_float_3_3
Parameters: 0.999983 0.00179897 0.00562585 -0.00177963 0.999992 -0.00333629 -0.00563183 0.00332548 0.999979 -0.0253248 0.127667 0.0918298
FixedParameters: 0 0 0

#Transform 117
Transform: AffineTransform_float_3_3
Parameters: 0.999984 0.00130406 0.00536537 -0.00128691 0.999994 -0.00310081 -0.00536962 0.00309306 0.99998 0.027432 0.151793 0.0481192
FixedParameters: 0 0 0

#Transform 118
Transform: AffineTransform_float_3_3
Parameters: 0.999989 0.000709967 0.0045835 -0.000687193 0.999987 -0.00499148 -0.00458646 0.00498911 0.999977 0.0797163 0.189449 -0.0503301
FixedParameters: 0 0 0

#Transform 119
Transform: AffineTransform_float_3_3
Parameters: 0.999994 0.000432921 0.00339415 -0.000411339 0.999981 -0.00626265 -0.00339682 0.00626091 0.999974 0.0904683 0.195627 -0.105367
FixedParameters: 0 0 0
