global_signal	global_signal_derivative1	global_signal_power2	global_signal_derivative1_power2	csf	csf_derivative1	csf_power2	csf_derivative1_power2	white_matter	white_matter_derivative1	white_matter_power2	white_matter_derivative1_power2	csf_wm	tcompcor	std_dvars	dvars	framewise_displacement	rmsd	t_comp_cor_00	t_comp_cor_01	t_comp_cor_02	c_comp_cor_00	c_comp_cor_01	c_comp_cor_02	c_comp_cor_03	c_comp_cor_04	w_comp_cor_00	w_comp_cor_01	w_comp_cor_02	w_comp_cor_03	w_comp_cor_04	w_comp_cor_05	w_comp_cor_06	w_comp_cor_07	w_comp_cor_08	a_comp_cor_00	a_comp_cor_01	a_comp_cor_02	a_comp_cor_03	a_comp_cor_04	a_comp_cor_05	a_comp_cor_06	a_comp_cor_07	a_comp_cor_08	a_comp_cor_09	edge_comp_00	edge_comp_01	edge_comp_02	edge_comp_03	edge_comp_04	edge_comp_05	edge_comp_06	edge_comp_07	edge_comp_08	edge_comp_09	edge_comp_10	edge_comp_11	edge_comp_12	edge_comp_13	edge_comp_14	edge_comp_15	edge_comp_16	edge_comp_17	edge_comp_18	edge_comp_19	edge_comp_20	edge_comp_21	edge_comp_22	edge_comp_23	cosine00	cosine01	cosine02	cosine03	trans_x	trans_x_derivative1	trans_x_power2	trans_x_derivative1_power2	trans_y	trans_y_derivative1	trans_y_derivative1_power2	trans_y_power2	trans_z	trans_z_derivative1	trans_z_power2	trans_z_derivative1_power2	rot_x	rot_x_derivative1	rot_x_derivative1_power2	rot_x_power2	rot_y	rot_y_derivative1	rot_y_derivative1_power2	rot_y_power2	rot_z	rot_z_derivative1	rot_z_derivative1_power2	rot_z_power2	motion_outlier00	motion_outlier01	motion_outlier02	motion_outlier03	motion_outlier04	motion_outlier05	motion_outlier06	motion_outlier07	motion_outlier08	motion_outlier09	motion_outlier10	motion_outlier11	motion_outlier12	motion_outlier13	motion_outlier14	motion_outlier15	motion_outlier16	motion_outlier17	motion_outlier18	motion_outlier19	motion_outlier20	motion_outlier21	motion_outlier22	motion_outlier23	motion_outlier24	motion_outlier25	motion_outlier26	motion_outlier27	motion_outlier28	motion_outlier29	motion_outlier30	motion_outlier31	motion_outlier32	motion_outlier33	motion_outlier34	motion_outlier35	motion_outlier36	motion_outlier37	motion_outlier38	motion_outlier39	motion_outlier40	motion_outlier41	motion_outlier42	motion_outlier43	motion_outlier44	motion_outlier45	motion_outlier46	motion_outlier47	motion_outlier48	motion_outlier49
924.2547419445696	n/a	854246.8280070229	n/a	959.8377279189818	n/a	921288.4639366734	n/a	870.7401924881281	n/a	758188.4828142623	n/a	896.4979591444869	672.2439404200841	n/a	n/a	n/a	n/a	-0.0174577322	0.0682123901	-0.036183774	0.055459054	-0.0087840908	0.0010048058	-0.0795081665	0.0084952644	-0.0013129779	0.0272843483	-0.0417250363	0.0913553282	-0.0052165309	-0.0284434312	0.0423187472	-0.0022020321	0.0502486041	-0.0025864281	0.0179450093	-0.0510106572	0.0856817375	-0.0278897949	0.0413613404	-0.0575693439	0.0319464332	-0.0027847083	0.0891201615	-0.0108931976	-0.0596231441	0.0228854522	-0.0630380681	0.0376042504	-0.0119146178	0.0410959285	-0.0514663541	0.0099547946	-0.1225827381	0.0624951789	-0.010667698	0.1278495688	-0.0194621979	0.1405677034	-0.1640785831	0.1019434878	-0.1071105467	0.1086919025	0.0744866409	-0.2106053808	0.153388849	-0.0484058036	0.0305601379	0.1290883846	0.1290552057	0.1289999139	0.1289225186	0.0244561170998451	n/a	0.0005981016636013	n/a	0.681311532806518	n/a	n/a	0.464185404735167	-1.0599026518599004	n/a	1.123393631419649	n/a	0.0514655821944895	n/a	n/a	0.0026487061506177	-0.0024768916592636	n/a	n/a	6.13499229172959e-06	0.0094401218427727	n/a	n/a	8.911590040639424e-05	0.0	0.0	0.0	0.0	0.0	0.0	0.0	0.0	0.0	0.0	0.0	0.0	0.0	0.0	0.0	0.0	0.0	0.0	0.0	0.0	0.0	0.0	0.0	0.0	0.0	0.0	0.0	0.0	0.0	0.0	0.0	0.0	0.0	0.0	0.0	0.0	0.0	0.0	0.0	0.0	0.0	0.0	0.0	0.0	0.0	0.0	0.0	0.0	0.0	0.0
925.1115565141074	0.8568145695378462	855831.3919959546	0.7341312065723247	952.1264168642422	-7.711311054739667	906544.7136907406	59.4643181829502	869.7429711108964	-0.9972213772316536	756452.8357968095	0.994450475207796	895.1283155011159	676.6916812696657	0.863052	30.65148	0.2268248731654117	0.116842213610108	-0.0100101301	0.0645038577	-0.0303913345	-0.015500135	-0.0576519962	0.0188052246	-0.0105604293	-0.0471265758	0.0011708313	-0.0141885075	-0.007803492	0.0673975303	0.0092041175	0.0072396328	0.0398903568	-0.0442902238	-0.0138140379	0.0070906444	0.0545688061	-0.0335341896	0.0309393211	0.0303387535	-0.0151524934	-0.0506581745	-0.0378682831	-0.0139421772	-0.0078580801	-0.0094814831	-0.0640793724	0.0246996472	-0.0607661165	0.0419874538	0.0020885161	0.0339403007	-0.0751308582	0.0504420285	-0.0513476365	0.07955295	0.0005454236	0.0699266955	-0.0091748841	0.0536976398	-0.099879946	0.0896514343	0.0322190991	0.0676547365	0.0175861625	0.020780799	0.0376919291	-0.0055847642	0.0788963484	0.1289999139	0.1287014744	0.1282045865	0.1275100165	0.0357174142496887	0.0112612971498436	0.0012757336806838	0.000126816813497	0.6379556356468328	-0.0433558971596852	0.0018797338185212	0.4069873930535544	-1.0370292435523822	0.0228734083075181	1.075429651982826	0.0005231928076024	0.0497163205690007	-0.0017492616254887	3.0599162344077e-06	0.0024717125309196	-0.0029359858582469	-0.0004590941989833	2.1076748354011795e-07	8.620012959825786e-06	0.0102184514292679	0.0007783295864952	6.057969452137903e-07	0.0001044167496123	0.0	0.0	0.0	0.0	0.0	0.0	0.0	0.0	0.0	0.0	0.0	0.0	0.0	0.0	0.0	0.0	0.0	0.0	0.0	0.0	0.0	0.0	0.0	0.0	0.0	0.0	0.0	0.0	0.0	0.0	0.0	0.0	0.0	0.0	0.0	0.0	0.0	0.0	0.0	0.0	0.0	0.0	0.0	0.0	0.0	0.0	0.0	0.0	0.0	0.0
924.8212549505952	-0.2903015635122301	855294.3536083938	0.0842749977776453	947.8205734497724	-4.305843414469791	898363.8394546554	18.54028750993287	869.4789694719774	-0.2640016389190123	755993.6783540518	0.0696968653519245	893.8548541348048	677.908885790418	0.567941	20.170547	0.1542945710982879	0.0782088285952025	-0.0010124549	0.0636639304	-0.0190727452	-0.0293723412	-0.0519768931	0.02675912	0.0072932702	-0.02854066	0.0030134353	-0.0330333695	-0.0080104903	0.0608747071	0.0212626761	0.0210813643	-0.0273243546	-0.0072901817	0.02773151	0.0058989132	0.063392549	-0.0085175299	0.0218745919	0.0041372903	-0.005152202	0.0171592318	-0.0148412654	0.0724414886	-0.0404562199	-0.015445201	-0.0579036267	0.0320891505	-0.0543669161	0.0651883747	0.0053484625	0.0379957903	-0.0567717716	0.036016138	-0.0367068501	0.0940934336	0.0353764927	0.0731700908	-0.0149568445	0.0254665101	-0.1228431982	0.0597161406	0.0139264245	0.0486740702	0.0025747915	-0.0363783965	0.0116584755	0.0230679257	-0.0224654041	0.1288230331	0.1279949812	0.1266188352	0.124700488	0.0131592789446699	-0.0225581353050188	0.0001731666223436	0.0005088694684395	0.6091087931115595	-0.0288468425352732	0.0008321403242548	0.3710135218458206	-1.0326071312727263	0.0044221122796559	1.0662774875552894	1.955507701388388e-05	0.0497188922307528	2.5716617520973872e-06	6.6134441672006026e-12	0.0024719682446532	-0.0019024914222933	0.0010334944359536	1.06811074914705e-06	3.619473611899584e-06	0.0092851679074068	-0.0009332835218611	8.710181321774606e-07	8.621434306873717e-05	0.0	0.0	0.0	0.0	0.0	0.0	0.0	0.0	0.0	0.0	0.0	0.0	0.0	0.0	0.0	0.0	0.0	0.0	0.0	0.0	0.0	0.0	0.0	0.0	0.0	0.0	0.0	0.0	0.0	0.0	0.0	0.0	0.0	0.0	0.0	0.0	0.0	0.0	0.0	0.0	0.0	0.0	0.0	0.0	0.0	0.0	0.0	0.0	0.0	0.0
925.591672209498	0.7704172589028531	856719.9436635749	0.5935427528153857	955.548517400568	7.727943950795634	913072.9691064236	59.72111770663884	868.9057253261301	-0.5732441458472977	754997.1595045283	0.3286088507481978	894.2956943850545	683.8563182232264	0.572373	20.327936	0.2026696045631129	0.1006607861244859	0.0015695286	0.0666463232	-0.0206365187	-0.0097686834	-0.0668858721	0.0491976187	-0.0335814065	-0.0387299012	-0.0001069517	-0.0418652345	-0.02087475	0.0407888755	-0.0155101888	0.000841131	-0.0354759233	-0.0101116777	-0.0135378507	0.0075915181	0.0651800076	0.0038871864	0.0201175177	-0.0142005082	-0.0189898516	0.0303971992	-0.04244499	0.0196436227	-0.0422716307	-0.0239797995	-0.0597107491	0.0223756934	-0.0539678715	0.0578393217	-0.0118346304	0.05284743	-0.0562178727	0.0417191792	0.0116871371	0.0315080613	-0.0118260337	0.0223794375	0.0123205346	-0.0272808857	-0.0490691359	0.0104802947	0.0353123164	0.0039568053	0.0178425975	0.0226628714	0.0018767983	0.0153159082	0.0167537856	0.1285578634	0.1269376627	0.1242524367	0.1205247148	0.0084361377858073	-0.0047231411588626	7.116842074112568e-05	2.2308062406541947e-05	0.6187252903691842	0.0096164972576247	9.24770195059034e-05	0.3828209849424313	-1.0868452476364467	-0.0542381163637204	1.1812325923099292	0.0029417732666844	0.048728471397834	-0.0009904208329188	9.80933426279574e-07	0.0023744639247695	-0.0004429924434472	0.0014594989788461	2.130137269252809e-06	1.9624230495132068e-07	0.0095170850913	0.0002319171838932	5.378558018495276e-08	9.057490863504472e-05	0.0	0.0	0.0	0.0	0.0	0.0	0.0	0.0	0.0	0.0	0.0	0.0	0.0	0.0	0.0	0.0	0.0	0.0	0.0	0.0	0.0	0.0	0.0	0.0	0.0	0.0	0.0	0.0	0.0	0.0	0.0	0.0	0.0	0.0	0.0	0.0	0.0	0.0	0.0	0.0	0.0	0.0	0.0	0.0	0.0	0.0	0.0	0.0	0.0	0.0
924.5294069642936	-1.0622652452044576	854754.6243417483	1.1284074511692863	953.242066000872	-2.306451399696016	908670.4363936108	5.319718059159711	867.9104355320786	-0.9952897940514732	753268.5241054824	0.9906017741430236	893.1361617891511	680.4836443307516	0.525316	18.656693	0.2342476243622308	0.1170867069178497	0.0109279588	0.0751898722	-0.0202705004	-0.0094120969	-0.0327699184	0.0411672345	-0.0443628095	-0.0132639193	-0.0185329385	-0.0473190383	-0.0153636224	0.0450144536	-0.0009247557	-0.0154633847	0.0632982703	-0.0373382877	-0.0230488559	0.0224693139	0.0595099172	0.0042568412	0.0250914611	-0.0072220736	0.0085669262	-0.062161539	-0.0188623271	-0.0235031055	-0.0016043707	-0.0284130437	-0.0621718207	0.0340763631	-0.0416642288	0.0649120037	-0.0033050672	0.0670495581	-0.0398744201	0.030089216	-0.0035389983	0.004206561	0.0172002382	0.0353770606	0.0088392018	-0.060943405	0.0015612341	-0.0058774853	0.0264534856	-0.0110638737	-0.018261864	-0.0485313252	0.0166896215	0.0198414168	0.008336141	0.1282045865	0.1255324169	0.1211199807	0.1150284477	-0.0158401331350148	-0.0242762709208221	0.0002509098177349	0.0005893373298211	0.6225844857900569	0.0038591954208726	1.4893389296484446e-05	0.3876114419464695	-1.057722693533961	0.0291225541024857	1.1187772964167375	0.0008481231574522	0.0493701084309487	0.0006416370331147	4.116980822642422e-07	0.0024374076064836	0.0013719577708408	0.001814950214288	3.294044280344058e-06	1.8822681249704568e-06	0.0084338802603417	-0.0010832048309582	1.1733327058113985e-06	7.11303362457814e-05	0.0	0.0	0.0	0.0	0.0	0.0	0.0	0.0	0.0	0.0	0.0	0.0	0.0	0.0	0.0	0.0	0.0	0.0	0.0	0.0	0.0	0.0	0.0	0.0	0.0	0.0	0.0	0.0	0.0	0.0	0.0	0.0	0.0	0.0	0.0	0.0	0.0	0.0	0.0	0.0	0.0	0.0	0.0	0.0	0.0	0.0	0.0	0.0	0.0	0.0
923.9929115094864	-0.5364954548072092	853762.9005197774	0.2878273730287942	954.6301968824416	1.388130881569623	911318.8127998092	1.9269073443672584	868.041466697652	0.131031165573404	753495.987906611	0.0171691663515248	893.6373595087878	681.4103669493348	0.540927	19.21113	0.2290698749412861	0.130302489080013	0.0074712708	0.0623674714	-0.009045052	-0.0221060035	-0.046482764	0.0254105463	-0.0348058533	-0.0431887602	-0.0186512242	-0.0435138435	-0.0327859647	0.0492968428	-0.0178485189	-0.0183814635	0.0514484928	-0.0155265544	-0.0460430062	0.0283582478	0.0586924839	0.0082664007	0.0437779231	-0.00263779	-0.0010918489	-0.0653132534	-0.0136345815	-0.0338807159	0.0074174805	-0.0243576402	-0.0517493076	0.0252060062	-0.0287522203	0.0884363626	-0.0036452012	0.0565841443	-0.0207912855	0.0308156524	-0.0016330936	0.0314201976	-0.0412667926	0.0356921917	0.0173327036	-0.0789630178	0.0089718073	-0.05239889	0.0559559218	-0.0130484823	-0.0099315361	0.0640471558	-0.0126359643	0.0042934679	-0.0106608363	0.1277634447	0.1237830955	0.1172407796	0.1082719048	-0.0393836673260068	-0.023543534190992	0.0015510732520455	0.0005542980022024	0.5974725307045077	-0.0251119550855491	0.0006306102882186	0.3569734249464488	-1.0539486950128063	0.0037739985211546	1.1108078517191975	1.424306483767768e-05	0.0471607044242469	-0.0022094040067018	4.881466064829985e-06	0.0022241320417911	0.0009178194175374	-0.0004541383533034	2.0624164394112386e-07	8.423924832086922e-07	0.0075646148774751	-0.0008692653828666	7.556223058502176e-07	5.722339824451763e-05	0.0	0.0	0.0	0.0	0.0	0.0	0.0	0.0	0.0	0.0	0.0	0.0	0.0	0.0	0.0	0.0	0.0	0.0	0.0	0.0	0.0	0.0	0.0	0.0	0.0	0.0	0.0	0.0	0.0	0.0	0.0	0.0	0.0	0.0	0.0	0.0	0.0	0.0	0.0	0.0	0.0	0.0	0.0	0.0	0.0	0.0	0.0	0.0	0.0	0.0
923.6633058633382	-0.3296056461481385	853153.9025983907	0.1086398819727318	953.8332351439776	-0.796961738464006	909797.8404652264	0.6351480125755706	867.9037955925002	-0.1376711051518668	753256.9984038683	0.0189533331937363	893.3176379984417	675.3883696709479	0.531289	18.868828	0.2162513275637015	0.1582597077969584	0.018833156	0.0592015094	0.0019680588	-0.0324332282	-0.0607735877	0.046132484	-0.0079085524	-0.0419846591	-0.0242565795	-0.0438387814	0.0130332449	0.0229841456	-0.0143264465	0.0329746962	0.0504742675	0.0054383099	-0.0732544222	0.0348049103	0.0555061056	0.0036754276	-0.0049219018	0.0056276464	-0.0405520299	-0.0459860877	0.0078871156	0.0245924698	-0.038578587	-0.0300075248	-0.0397259539	0.0097803776	-0.0322897181	0.1146783931	0.0315844084	0.042177209	0.0168553724	0.0012199376	0.0183292826	0.0597163293	-0.0417803039	0.0414323551	-0.0245402807	-0.0966530506	0.0317075663	-0.1166479017	0.048352718	-0.0444423431	-0.0496938888	0.0124358209	-0.0542927545	-0.0253601443	-0.0407089812	0.1272347401	0.1216944932	0.1126387502	0.1003291122	-0.0348179877787373	0.0045656795472695	0.0012122922729602	2.084542972835506e-05	0.6291724910914525	0.0316999603869447	0.0010048874885338	0.3958580235462238	-1.018306872227399	0.0356418227854073	1.036948886025548	0.0012703395314663	0.0445300248490348	-0.002630679575212	6.920475027438099e-06	0.0019829231130556	0.0008980648110514	-1.975460648599996e-05	3.902444774167116e-10	8.065204048487869e-07	0.0073281717622916	-0.0002364431151835	5.590534671767792e-08	5.370210137764798e-05	0.0	0.0	0.0	0.0	0.0	0.0	0.0	0.0	0.0	0.0	0.0	0.0	0.0	0.0	0.0	0.0	0.0	0.0	0.0	0.0	0.0	0.0	0.0	0.0	0.0	0.0	0.0	0.0	0.0	0.0	0.0	0.0	0.0	0.0	0.0	0.0	0.0	0.0	0.0	0.0	0.0	0.0	0.0	0.0	0.0	0.0	0.0	0.0	0.0	0.0
925.4311567283296	1.7678508649913738	856422.8258435341	3.1252966808507483	950.6031734854142	-3.230061658563386	903646.3934405404	10.433298318121253	867.4759143958543	-0.4278811966458988	752514.4620569234	0.1830823184431263	892.8712296645787	681.0576241820008	0.530329	18.834751	0.1042799759235105	0.0470603820140508	0.0243372009	0.0651683517	0.0123785851	-0.0155283274	-0.0230949829	0.0659621035	-0.0308848736	0.0151671053	-0.02947611	-0.0533030829	0.0039105922	0.0173207111	-0.037512208	0.0219482092	0.0395941039	-0.0097759838	-0.0453261664	0.0345687259	0.0588785421	0.0138831371	-0.0063909311	-0.0275738037	-0.0585496745	-0.0131197331	-0.0354536831	0.0265315139	-0.0710270976	-0.0341179606	-0.0491757202	0.0133378213	-0.0362688023	0.0833587821	0.0170076424	0.0379254053	-0.0077410162	0.001099034	0.0141183072	0.0456023185	-0.0569754767	0.0287316713	0.0059377669	-0.0995812842	0.0324529046	-0.069132819	0.0332985653	-0.0527979632	-0.0493304102	0.0919495679	-0.0874203522	-0.0265272824	-0.040077934	0.1266188352	0.1192723348	0.1073422654	0.0912870929	-0.0103629940830529	0.0244549936956844	0.0001073916463653	0.0005980467166559	0.5994512283670304	-0.0297212627244221	0.0008833534579341	0.3593417751907415	-1.0304236540566478	-0.0121167818292489	1.061772906839454	0.0001468164018976	0.0443565241392824	-0.0001735007097524	3.010249628458749e-08	0.0019675012337187	0.0005669196718973	-0.0003311451391541	1.0965710318538829e-07	3.2139791438414226e-07	0.0075832646668682	0.0002550929045765	6.507238996532612e-08	5.750590300777167e-05	0.0	0.0	0.0	0.0	0.0	0.0	0.0	0.0	0.0	0.0	0.0	0.0	0.0	0.0	0.0	0.0	0.0	0.0	0.0	0.0	0.0	0.0	0.0	0.0	0.0	0.0	0.0	0.0	0.0	0.0	0.0	0.0	0.0	0.0	0.0	0.0	0.0	0.0	0.0	0.0	0.0	0.0	0.0	0.0	0.0	0.0	0.0	0.0	0.0	0.0
924.678045662358	-0.7531110659715523	855029.4881299579	0.5671762776888079	950.369236502418	-0.2339369829962834	903201.6856901888	0.0547265120134033	867.366648573714	-0.1092658221402871	752324.9030579966	0.0119390198879928	892.624331723225	683.9749947074409	0.495166	17.585918	0.0561734335592002	0.035063046212633	0.0253895688	0.0612780564	0.0098668732	-0.0342319682	-0.0372585848	0.052575572	-0.0153689925	0.0015918507	-0.0335574881	-0.0485680423	-0.0084729417	0.0157124143	-0.0523440482	0.018357857	0.0370133272	-0.0124849189	-0.0099639805	0.0420319273	0.047069574	0.0189387096	0.0020545426	-0.0361104477	-0.0503687089	-0.0217568256	-0.0207326675	0.0010129881	-0.0110741192	-0.0387655448	-0.0469348739	0.0153378224	-0.0309492895	0.1088535183	0.0318852963	0.0306998802	0.0140585964	0.0023232547	0.0172367944	0.0688430045	-0.0343147973	0.0433629399	-0.0112234761	-0.0927512428	0.0308025461	-0.1246102105	0.0222491736	-0.038983668	-0.1045828227	0.01026304	-0.0691121859	-0.0214283578	-0.0544983556	0.1259161521	0.1165232592	0.1013839798	0.0812449131	-0.0122257414757172	-0.0018627473926643	0.000149468754631	3.469827848877648e-06	0.5994816909843763	3.0462617345961007e-05	9.279710555664443e-10	0.3593782978254872	-1.0222920343354929	0.0081316197211549	1.0450810034658005	6.612323928947607e-05	0.0441555179832853	-0.0002010061559971	4.0403474748730803e-08	0.0019497097683722	0.0011681159430467	0.0006011962711493	3.614369564439428e-07	1.364494856399881e-06	0.0077040343162824	0.0001207696494142	1.4585308219628804e-08	5.935214474645682e-05	0.0	0.0	0.0	0.0	0.0	0.0	0.0	0.0	0.0	0.0	0.0	0.0	0.0	0.0	0.0	0.0	0.0	0.0	0.0	0.0	0.0	0.0	0.0	0.0	0.0	0.0	0.0	0.0	0.0	0.0	0.0	0.0	0.0	0.0	0.0	0.0	0.0	0.0	0.0	0.0	0.0	0.0	0.0	0.0	0.0	0.0	0.0	0.0	0.0	0.0
925.037967450204	0.3599217878459058	855695.2412244045	0.1295436933661932	955.6793202282912	5.310083725873255	913322.9631120088	28.196989175783997	868.4794519325841	1.11280335887011	754256.5584291216	1.238331315512599	894.2041289801664	681.1009832662302	0.558515	19.835764	0.0483528202349692	0.03334714879841	0.0368077502	0.0760260012	-0.0006913053	-0.0392656648	-0.0294197633	0.056825196	-0.0539445175	-0.0397894134	-0.0556691303	-0.0281411689	-0.0051048378	0.0402539471	-0.0256089358	-0.0081034724	0.0545384829	-0.035986471	-0.0551929518	0.05508949	0.0395011008	-0.0125703232	0.01705548	-0.0173873462	-0.0060226013	-0.052094408	-0.030874525	-0.0347283045	0.001198603	-0.0461910582	-0.0532847183	0.0248466672	-0.0258411401	0.0838387603	0.0298830509	0.0319985227	0.0112683653	-0.0095961144	0.0224269177	0.0361018301	-0.0655105123	0.0148796943	0.0454421159	-0.1163104209	0.0493772932	-0.0746655561	0.023658339	-0.0577535965	-0.0767713463	0.0869297233	-0.0644840885	0.0035443293	-0.0610396971	0.1251271724	0.1134548014	0.0948006283	0.0703125971	-0.0199905024005886	-0.0077647609248714	0.0003996201862279	6.029151222040977e-05	0.5969236887060987	-0.0025580022782776	6.5433756556735295e-06	0.3563178901384954	-1.0148389042751376	0.0074531300603553	1.0298980016303618	5.554914769657189e-05	0.0435849944033855	-0.0005705235798997	3.254971552216814e-07	0.0018996517371431	0.0011606814515097	-7.434491536999861e-06	5.5271664413722556e-11	1.3471814318786642e-06	0.0076704538482899	-3.3580467992499856e-05	1.1276478305953074e-09	5.8835862238745336e-05	0.0	0.0	0.0	0.0	0.0	0.0	0.0	0.0	0.0	0.0	0.0	0.0	0.0	0.0	0.0	0.0	0.0	0.0	0.0	0.0	0.0	0.0	0.0	0.0	0.0	0.0	0.0	0.0	0.0	0.0	0.0	0.0	0.0	0.0	0.0	0.0	0.0	0.0	0.0	0.0	0.0	0.0	0.0	0.0	0.0	0.0	0.0	0.0	0.0	0.0
924.3907798942316	-0.647187555972323	854498.3139534658	0.4188517326054287	949.2075873186244	-6.471732909666798	900995.043823244	41.88332685406428	867.7633609873726	-0.7160909452114765	753013.2506721012	0.5127862418138659	892.7806521659616	682.6849320178266	0.720935	25.604141	0.1269977461493636	0.0622276671030528	0.0326610752	0.0537355453	-0.0109556274	-0.0465253763	-0.0453676967	0.0385231264	-0.0354175894	-0.0404073757	-0.0539147063	-0.0310810324	-0.0040204171	0.0285907864	-0.024853701	-0.0391572249	0.0674658534	-0.0221078086	-0.0907623811	0.0615247423	0.037225463	-0.0019727172	0.013533831	-0.0159857534	0.0064110328	-0.0926282048	-0.0315052655	-0.0201202266	-0.0226862812	-0.0483546101	-0.0445844988	0.0195548267	-0.0112992012	0.1251619463	0.0459299124	0.0178960997	0.0230765234	0.0002745897	0.0029917093	0.0777030802	-0.0478599423	0.0377793286	0.0010152734	-0.0674400367	0.0134053356	-0.1607346592	0.0054618634	-0.028131007	-0.1346217876	-0.0583557875	-0.0612233985	-0.0398749743	-0.0281141067	0.1242524367	0.1100753719	0.0876327994	0.0586099215	-0.0146555855221066	0.005334916878482	0.0002147861869957	2.846133810031214e-05	0.6191490563664246	0.0222253676603259	0.0004939669676366	0.383345553999434	-1.0384475068429282	-0.0236086025677906	1.078373224468293	0.0005573661152038	0.0426578385757588	-0.0009271558276267	8.596179287021552e-07	0.0018196911919554	0.0012929105372352	0.0001322290857255	1.7484531111801636e-08	1.6716176572938135e-06	0.0072132615807868	-0.000457192267503	2.0902476946462607e-07	5.2031142632854885e-05	0.0	0.0	0.0	0.0	0.0	0.0	0.0	0.0	0.0	0.0	0.0	0.0	0.0	0.0	0.0	0.0	0.0	0.0	0.0	0.0	0.0	0.0	0.0	0.0	0.0	0.0	0.0	0.0	0.0	0.0	0.0	0.0	0.0	0.0	0.0	0.0	0.0	0.0	0.0	0.0	0.0	0.0	0.0	0.0	0.0	0.0	0.0	0.0	0.0	0.0
924.7950341799518	0.4042542857201852	855245.8552438982	0.1634215275231371	949.8455358495048	0.6379485308804078	902206.541973233	0.4069783280524706	869.043230678946	1.2798696915733672	755236.1367888997	1.638066427408106	893.766951541537	681.0689505303657	1.217271	43.231617	1.507795339398834	0.7407586836431481	0.0341952068	0.1201593433	0.0087875284	-0.0669902143	-0.1019242285	0.0398655024	-0.0735727003	-0.0920410478	-0.0764153268	-0.0094020761	-0.043253674	0.1356285713	-0.0022592884	0.0400219554	0.0652242933	-0.1165417318	0.0021502739	0.0745842185	0.0804808179	-0.0676946321	0.0981787574	-9.06403e-05	-0.0333403784	-0.0546973284	-0.0957413142	0.1073957517	-0.0424977859	-0.0731978512	-0.1317410365	0.0868620379	0.0284043629	-0.1080478338	-0.0381574211	0.0186862992	-0.0175014546	-0.0185827021	0.0031093708	-0.2460495635	-0.063468364	0.0128257993	0.1134719238	0.0790190886	0.2123767148	0.2673336448	-0.332329763	-0.161721919	0.2247279207	-0.1134890687	0.1505196081	-0.0689665727	0.1518254292	0.1232925447	0.1063942335	0.0799246852	0.0462651033	0.1221590037172006	0.1368145892393072	0.014922822189179	0.0187182318287203	0.7558972202061653	0.1367481638397407	0.0187000603135405	0.571380607515408	-1.1553046013253692	-0.1168570944824409	1.3347287218435702	0.0136555805308781	0.0515803398049213	0.0089225012291625	7.961102818440634e-05	0.0026605314543911	0.0059161764304018	0.0046232658931665	2.1374587518917555e-05	3.500114355564178e-05	0.0160150042952046	0.0088017427144178	7.747067481080683e-05	0.0002564803625754	1.0	0.0	0.0	0.0	0.0	0.0	0.0	0.0	0.0	0.0	0.0	0.0	0.0	0.0	0.0	0.0	0.0	0.0	0.0	0.0	0.0	0.0	0.0	0.0	0.0	0.0	0.0	0.0	0.0	0.0	0.0	0.0	0.0	0.0	0.0	0.0	0.0	0.0	0.0	0.0	0.0	0.0	0.0	0.0	0.0	0.0	0.0	0.0	0.0	0.0
920.5945494476158	-4.200484732336008	847494.3244726587	17.644071986587907	948.3199148739086	-1.5256209755962118	899310.6609464573	2.327519361179137	867.0604226287461	-1.9828080501998784	751793.7764891398	3.931527763937444	892.6082401814859	675.8769361215872	0.992998	35.266544	0.7054274151328037	0.3541048592337021	0.0344823907	0.1278875976	0.0045799143	-0.0812903498	-0.0643326085	0.075752318	-0.044654447	0.0539740303	-0.0649015444	-0.0930228856	-0.000800681	0.0800905957	0.055002153	0.0313722118	-0.0302412378	-0.1029055914	0.0482707927	0.0735937105	0.1088997276	0.0058939828	0.0127504547	0.0430263583	0.0100657746	0.0292805645	-0.0960802299	0.0614463476	0.0108125822	-0.0757052666	-0.1098998342	0.0518071982	0.0045347305	-0.0895717214	-0.0292959897	-0.0019197043	0.0354863907	0.0150222316	0.085846818	-0.1548412053	-0.0466996413	-0.0759737472	0.1128696588	-0.0864974995	0.228831277	0.0985691406	-0.1146971473	-0.0764067734	0.1221163564	0.1461334783	0.0407106497	0.0269193488	-0.043486053	0.1222481541	0.1024214758	0.0717238087	0.033413395	0.2013845394258453	0.0792255357086447	0.0405557327197598	0.0062766855083217	0.5026123987265549	-0.2532848214796104	0.0641532007919581	0.2526192233536614	-1.0596445469719953	0.0956600543533738	1.122846565927485	0.0091508459988904	0.0476314701751774	-0.0039488696297438	1.5593571352713698e-05	0.0022687569510488	0.0043639712836058	-0.001552205146796	2.409340817739992e-06	1.904424536413605e-05	0.015970938999921	-4.406529528359904e-05	1.9417502484307754e-09	0.0002550708925391	0.0	1.0	0.0	0.0	0.0	0.0	0.0	0.0	0.0	0.0	0.0	0.0	0.0	0.0	0.0	0.0	0.0	0.0	0.0	0.0	0.0	0.0	0.0	0.0	0.0	0.0	0.0	0.0	0.0	0.0	0.0	0.0	0.0	0.0	0.0	0.0	0.0	0.0	0.0	0.0	0.0	0.0	0.0	0.0	0.0	0.0	0.0	0.0	0.0	0.0
924.1306296762574	3.5360802286415947	854017.420705836	12.503863383389993	956.2530905983664	7.933175724457783	914419.9732789276	62.93527707512627	865.6543468128551	-1.406075815890972	749357.4481559908	1.9770492000334627	890.9900872044309	690.9643091095078	1.467539	52.119961	2.600246802772414	1.552285442637165	0.0834615106	-0.0730034246	0.0134668826	-0.0743290895	0.0807888424	-0.0628456167	0.0508372465	0.1779582561	-0.0700344501	-0.0593858148	0.0985943056	-0.1291580617	-0.0324664552	0.0298993004	-0.1450733501	0.0333081933	-0.0274312057	0.0711393658	-0.0424546534	0.0783976492	-0.1537868525	-0.0475628388	0.0087331758	0.1340283627	0.0010671859	-0.0521603273	0.027896454	-0.0644551337	0.0953111126	-0.1691950094	-0.0720974024	-0.0104164939	0.0645900034	-0.1326231453	0.0849197703	-0.0966693236	0.0727563891	0.0152900311	0.085304622	-0.1761054317	-0.0981845944	0.1786621839	0.0646012021	-0.0991484154	0.0982568082	0.1728483534	0.1070073445	0.1052924456	0.0023793538	-0.0085495081	0.0174499494	0.1211199807	0.098167988	0.063080731	0.0201956026	0.152142570907273	-0.0492419685185722	0.0231473618822745	0.002424771463584	0.2941829637869659	-0.208429434939589	0.0434428293492363	0.0865436161824833	-0.6526666496712323	0.4069778973007629	0.4259737555930711	0.1656310088913503	0.0216027518833242	-0.0260287182918532	0.0006774941759166	0.0004666788889324	-0.0005351523789534	-0.0048991236625592	2.4001412661047477e-05	2.8638806869948345e-07	0.0081868309140636	-0.0077841080858574	6.0592338692310565e-05	6.702420041546744e-05	0.0	0.0	1.0	0.0	0.0	0.0	0.0	0.0	0.0	0.0	0.0	0.0	0.0	0.0	0.0	0.0	0.0	0.0	0.0	0.0	0.0	0.0	0.0	0.0	0.0	0.0	0.0	0.0	0.0	0.0	0.0	0.0	0.0	0.0	0.0	0.0	0.0	0.0	0.0	0.0	0.0	0.0	0.0	0.0	0.0	0.0	0.0	0.0	0.0	0.0
925.781979647782	1.6513499715246098	857072.2738405663	2.7269567284543297	950.3380827878248	-5.915007810541624	903142.4715968384	34.98731739876842	867.1864320479613	1.5320852351061376	752012.3079280733	2.347285167630229	892.4968325522759	687.9124008872292	0.7739019999999999	27.485287	0.3999460822144944	0.2246243671550878	0.1006820224	-0.0795575783	0.0014040352	-0.047952571	0.1005172459	-0.0049065962	0.0785071761	0.1075446815	-0.069380714	0.0111606592	-0.0225577012	-0.1303996186	-0.0731589528	0.0022931964	-0.0752992318	-0.0260858271	-0.0032887851	0.0591573497	-0.1064289343	0.0812125287	-0.0301199428	-0.0717022314	0.0125177974	0.0857834318	0.0111275493	-0.0370033004	0.0785432557	-0.0641806674	0.1144192159	-0.1446301188	-0.0485533912	-0.0528870556	0.0470898263	-0.0995229179	0.0908708076	-0.1085669283	-0.0361043649	-0.0624647197	0.056523035	-0.1353436393	-0.0887804268	0.1359031565	0.0846299569	0.0737251167	0.080776904	0.0918065597	0.0899801807	0.0787432971	0.0596392725	-0.0007944969	0.0579884912	0.1199087977	0.0936454286	0.0540487397	0.0067565429	0.1199890972746118	-0.0321534736326612	0.0143973834647762	0.0010338458666462	0.2763220587976747	-0.0178609049892912	0.0003190119270364	0.0763538801781855	-0.5505475731607703	0.102119076510462	0.3031026303132137	0.0104283057873496	0.0184180599434906	-0.0031846919398335	1.0142262751641097e-05	0.000339224932082	-0.000232664700746	0.0003024876782074	9.149879546730359e-08	5.4132862973225744e-08	0.006717757990463	-0.0014690729236005	2.1581752548564136e-06	4.512827241842949e-05	0.0	0.0	0.0	0.0	0.0	0.0	0.0	0.0	0.0	0.0	0.0	0.0	0.0	0.0	0.0	0.0	0.0	0.0	0.0	0.0	0.0	0.0	0.0	0.0	0.0	0.0	0.0	0.0	0.0	0.0	0.0	0.0	0.0	0.0	0.0	0.0	0.0	0.0	0.0	0.0	0.0	0.0	0.0	0.0	0.0	0.0	0.0	0.0	0.0	0.0
926.021775178777	0.2397955309950248	857516.3281052535	0.0575018966851859	956.15563658852	5.8175538006952365	914233.601379998	33.84393222398359	867.0861003148152	-0.1003317331460493	751838.3053591538	0.01006645667609	892.0506518763355	683.098851283947	0.668291	23.734499	0.4350983259881537	0.2200974531538591	0.0932992209	-0.1235833771	-0.0155090111	-0.0434785998	0.110959782	-0.0106373411	0.0972596984	0.088723138	-0.0517187752	0.0028628854	0.0284984162	-0.163921124	-0.0576303381	0.0285592408	-0.0615278997	0.0150779368	-0.1097997058	0.0493305262	-0.1030486571	0.0894933632	-0.094688184	-0.0210114836	-0.0509147558	0.0832997304	-0.0105916157	-0.0500662458	-0.0589709196	-0.0498131993	0.1508850311	-0.135821163	-0.0193606456	-0.0494229058	0.0178996549	-0.1047925046	0.0147630391	-0.0635136883	-0.0160564564	-0.0486004027	0.1052260995	-0.1510008744	-0.0897231561	0.1554642064	0.0092205433	-0.0094648882	0.126458193	0.1278387097	0.0921999496	0.0602482771	0.0320110216	0.0130891594	0.0254398244	0.1186154352	0.0888661936	0.0446835199	-0.0067565429	0.0830896327854162	-0.0368994644891955	0.0069038870764153	0.0013615704795894	0.2236362737470614	-0.0526857850506132	0.0027757919463994	0.0500131829354705	-0.4608687154851054	0.0896788576756649	0.212399972912891	0.0080422975140121	0.015321735471457	-0.0030963244720335	9.587225236114146e-06	0.0002347555778573	-0.0007669737793403	-0.0005343090785943	2.8548619146828984e-07	5.882487781955431e-07	0.0052317071656373	-0.0014860508248257	2.2083470539651432e-06	2.7370759866980675e-05	0.0	0.0	0.0	0.0	0.0	0.0	0.0	0.0	0.0	0.0	0.0	0.0	0.0	0.0	0.0	0.0	0.0	0.0	0.0	0.0	0.0	0.0	0.0	0.0	0.0	0.0	0.0	0.0	0.0	0.0	0.0	0.0	0.0	0.0	0.0	0.0	0.0	0.0	0.0	0.0	0.0	0.0	0.0	0.0	0.0	0.0	0.0	0.0	0.0	0.0
926.7558858749026	0.7341106961255264	858876.4720037754	0.538918514165905	956.9613500992882	0.8057135107682143	915775.0255838524	0.6491742614344413	869.1067943335005	2.020694018685276	755346.6199566536	4.083204317150451	893.5475143643291	690.0863947088068	0.7432309999999999	26.396011	0.6751013019127976	0.3890356900117713	0.0752331429	-0.1583756737	0.0196223562	-0.0419807124	0.1654795037	-0.0414291746	0.0627661083	0.1083168774	-0.0244945034	0.063616817	0.0181506917	-0.1634703203	0.0252581814	0.032854258	-0.132546108	0.0062365203	0.07667929	0.0089929505	-0.1544448556	0.0562474422	-0.0772571156	0.0095241656	-0.0002550379	0.1387267097	0.0179237022	0.0610983671	0.0035184499	-0.0206991092	0.1679914389	-0.0795215171	-0.0066466582	-0.1692905508	-0.0244864916	-0.0419780965	0.0157339638	-0.0507321421	-0.0964267284	-0.0633990883	0.0815757957	-0.0936199547	-0.0619253935	0.0817146511	-0.0055935545	0.0716777242	0.1031913055	0.0262810237	-0.0221788986	0.0382617868	-0.0801365485	0.0223823777	0.004222781	0.1172407796	0.0838433825	0.0350428114	-0.0201956026	0.1173339716694954	0.0342443388840792	0.0137672609077379	0.0011726747456076	0.1157340358417116	-0.1079022379053498	0.0116428929449827	0.0133943670522105	-0.2547587308557268	0.2061099846293785	0.0649020109472206	0.0424813257639226	0.009881410451219	-0.005440325020238	2.9597136325827595e-05	9.764227250546008e-05	-0.0015109410974398	-0.0007439673180995	5.534873704001626e-07	2.282942999932587e-06	0.004879104694095	-0.0003526024715423	1.2432850293773881e-07	2.3805662615939863e-05	0.0	0.0	0.0	1.0	0.0	0.0	0.0	0.0	0.0	0.0	0.0	0.0	0.0	0.0	0.0	0.0	0.0	0.0	0.0	0.0	0.0	0.0	0.0	0.0	0.0	0.0	0.0	0.0	0.0	0.0	0.0	0.0	0.0	0.0	0.0	0.0	0.0	0.0	0.0	0.0	0.0	0.0	0.0	0.0	0.0	0.0	0.0	0.0	0.0	0.0
926.7189436249072	-0.0369422499953771	858808.0004732639	0.0013647298347209	959.884401658002	2.923051558713837	921378.0645463406	8.544230414899392	869.6660232951934	0.559228961692952	756318.992074076	0.3127370315961771	893.878667185606	682.1339592380124	0.734041	26.069614	0.6064096722510968	0.3226871499299343	0.0221934454	-0.204800666	-0.0064720763	0.027108109	0.1720076136	-0.0613369391	0.100111883	0.0627031431	0.0227353498	0.0772227643	0.0042312454	-0.1705949421	0.0748165865	-0.0291467034	-0.0987999993	0.0377986109	0.1057865342	-0.0351769296	-0.1630235644	0.0574434379	-0.060626894	0.0541998917	0.0548232892	0.0885492603	0.0248184768	-0.0326976514	0.0614266046	0.0251153933	0.1939918885	-0.0012025957	0.0386873488	-0.1767791765	-0.0595081394	-0.0368165627	0.0008061329	0.0204224518	-0.0337009589	-0.0241942806	0.0776697584	-0.0800929874	0.0019908196	0.0482535472	-0.0222184473	-0.0414405172	0.0419954787	-0.0302679758	-0.0913592655	-0.0162690238	-0.0342981371	0.0386799244	-0.0155761727	0.1157857731	0.0785907625	0.0251860523	-0.033413395	0.0794500298542146	-0.0378839418152808	0.0063123072438355	0.0014351930474635	0.0491724301952842	-0.0665616056464274	0.0044304473462305	0.00241792789131	-0.0833782514724532	0.1713804793832736	0.0069519328186036	0.0293712687136406	0.0056991409386271	-0.0041822695125919	1.749137827595569e-05	3.248020743833538e-05	-0.0018550602763323	-0.0003441191788925	1.1841800928164853e-07	3.4412486288260697e-06	0.0027938204774571	-0.0020852842166378	4.3484102641591386e-06	7.805432860258619e-06	0.0	0.0	0.0	0.0	1.0	0.0	0.0	0.0	0.0	0.0	0.0	0.0	0.0	0.0	0.0	0.0	0.0	0.0	0.0	0.0	0.0	0.0	0.0	0.0	0.0	0.0	0.0	0.0	0.0	0.0	0.0	0.0	0.0	0.0	0.0	0.0	0.0	0.0	0.0	0.0	0.0	0.0	0.0	0.0	0.0	0.0	0.0	0.0	0.0	0.0
926.4011025522768	-0.3178410726303582	858219.0028100741	0.1010229474508166	958.5724580734172	-1.3119435845848102	918861.1573769132	1.721195969133241	869.0208109211369	-0.6452123740565412	755197.1698140304	0.416299007635678	893.1196229471963	681.1603752616402	0.549019	19.498537	0.268006837065908	0.12263332255105	0.0153402396	-0.1996678179	0.0036582418	0.0296271777	0.1630292837	-0.0450150149	0.0925312491	-0.0181612683	0.0249814854	0.084978452	-0.0093981549	-0.1681394092	0.0553524635	-0.0895266378	-0.0337556271	0.0308961515	0.1221913245	-0.0364091769	-0.1692028994	0.0592912866	-0.0424036113	0.0284599044	0.0729381537	0.0205305239	0.0344388451	-0.0210220179	0.0795176184	0.0340705931	0.1864430078	0.0439902317	0.0680332724	-0.1779923761	-0.0321917986	-0.0209083772	0.0271903229	0.0025698883	-0.0389051299	-0.0255329745	0.0365263655	-0.0656810746	0.0323743425	0.0238587445	0.0030536476	0.0050858857	0.0242413216	-0.0815972377	-0.1242752403	-0.0246157148	-0.0205854126	0.0469623642	0.014676131	0.1142514127	0.0731227308	0.0151740128	-0.0462651033	0.052238416775836	-0.0272116130783785	0.0027288521872459	0.0007404718863273	0.0175604765365164	-0.0316119536587678	0.000999315614124	0.0003083703361895	-0.0287139919057466	0.0546642595667066	0.0008244933311632	0.0029881812739762	0.0044414952851463	-0.0012576456534807	1.581672589719148e-06	1.972688036797681e-05	-0.0012114433348835	0.0006436169414488	4.142427673199081e-07	1.467594953633656e-06	0.0016047028571456	-0.0011891176203115	1.4140007149352849e-06	2.575071259731252e-06	0.0	0.0	0.0	0.0	0.0	0.0	0.0	0.0	0.0	0.0	0.0	0.0	0.0	0.0	0.0	0.0	0.0	0.0	0.0	0.0	0.0	0.0	0.0	0.0	0.0	0.0	0.0	0.0	0.0	0.0	0.0	0.0	0.0	0.0	0.0	0.0	0.0	0.0	0.0	0.0	0.0	0.0	0.0	0.0	0.0	0.0	0.0	0.0	0.0	0.0
928.4782314436728	2.0771288913960007	862071.8262647705	4.314464431471979	961.8004448222604	3.2279867488431364	925060.095660298	10.41989845070688	870.1791480297286	1.1583371085916951	757211.7496657443	1.3417448571405686	893.3472201455822	684.9242313198276	0.512096	18.187206	0.1504697362000731	0.0829054865793086	-0.0049294296	-0.2124004373	-0.0054288654	0.024099506	0.1520699627	-0.0475785882	0.1066001327	-0.0306616685	0.029362222	0.1202521913	-0.0013442067	-0.1451138834	0.0702181248	-0.0966070072	0.0147637106	0.0091608655	0.0643727188	-0.0371335792	-0.1823190888	0.0250354036	-0.0347510746	0.054207241	0.0616429644	-0.0396943118	-0.0058233961	-0.049278279	0.0353558241	0.0433995564	0.1873635238	0.07409886	0.0832205031	-0.1497686571	-0.0451847585	-0.0203756456	0.0353783305	0.0514469611	0.0073248384	-0.0156881285	0.033489161	-0.0562910285	0.0465010719	0.0416352618	-0.0088154176	-0.0583186915	-0.0169410964	-0.1013336145	-0.0919707871	-0.0448340975	0.0025395341	0.0359065261	0.0228356832	0.1126387502	0.0674542747	0.0050684204	-0.0586099215	0.0330265304475148	-0.0192118863283212	0.0010907517134006	0.0003690965762923	0.0255365330692853	0.0079760565327689	6.361747781392545e-05	0.0006521145211987	-0.0082735727845886	0.020440419121158	6.845200662188517e-05	0.0004178107338486	0.003194005922138	-0.0012474893630083	1.5562297108188545e-06	1.0201673830652616e-05	-0.001100052641316	0.0001113906935674	1.2407886613448673e-08	1.2101158136663085e-06	0.0009067554293649	-0.0006979474277807	4.871306119456955e-07	8.222054086827243e-07	0.0	0.0	0.0	0.0	0.0	0.0	0.0	0.0	0.0	0.0	0.0	0.0	0.0	0.0	0.0	0.0	0.0	0.0	0.0	0.0	0.0	0.0	0.0	0.0	0.0	0.0	0.0	0.0	0.0	0.0	0.0	0.0	0.0	0.0	0.0	0.0	0.0	0.0	0.0	0.0	0.0	0.0	0.0	0.0	0.0	0.0	0.0	0.0	0.0	0.0
927.3393674633428	-1.1388639803300291	859958.3024473127	1.2970111656931576	961.9655518557298	0.1651070334694395	925377.7229570989	0.0272603325010786	870.6060427089426	0.4268946792140013	757954.8816013252	0.1822390671412251	894.3381204398191	685.6659724282218	0.420467	14.932978	0.1893155683791052	0.1109627106752468	0.0085342713	-0.1955754815	-0.0008710583	0.0347159904	0.140102274	-0.0262313337	0.0707309067	-0.0687370474	0.006847573	0.1255329599	-0.0082265113	-0.1245496655	0.101390447	-0.0493545094	0.0275682462	0.0164857822	0.099733197	-0.0213081607	-0.1726290593	0.004992341	-0.0190966294	0.0897199207	0.063225266	-0.028108074	0.0278101927	-0.0225270309	0.0463439149	0.0348384387	0.1800954937	0.0955790495	0.1002444936	-0.1393615529	-0.0385361109	-0.0058533593	0.0419086858	0.0214912315	0.0059610275	-0.0312734465	0.0007780799	-0.0546511537	0.034207018	0.0210880628	-0.0014192036	-0.0136405803	-0.0289125865	-0.1160360386	-0.0914027157	-0.0281966364	0.0064185111	0.0381032071	0.004466125	0.1109488906	0.0616009311	-0.0050684204	-0.0703125971	0.0064651848239378	-0.026561345623577	4.179861480767564e-05	0.0007055050813351	0.0248922182527593	-0.0006443148165259	4.151415827949325e-07	0.000619622529543	-0.0184274029877258	-0.0101538302031371	0.000339569180872	0.0001031002677941	0.003046592739063	-0.0001474131830749	2.173064654430344e-08	9.281727317711393e-06	0.0005730266869294	0.0016730793282454	2.7991944386020792e-06	3.283595839332846e-07	-0.000311873614032	-0.0012186290433969	1.4850567454104437e-06	9.72651511293809e-08	0.0	0.0	0.0	0.0	0.0	0.0	0.0	0.0	0.0	0.0	0.0	0.0	0.0	0.0	0.0	0.0	0.0	0.0	0.0	0.0	0.0	0.0	0.0	0.0	0.0	0.0	0.0	0.0	0.0	0.0	0.0	0.0	0.0	0.0	0.0	0.0	0.0	0.0	0.0	0.0	0.0	0.0	0.0	0.0	0.0	0.0	0.0	0.0	0.0	0.0
929.160050153867	1.8206826905242224	863338.3988019367	3.3148854595745214	963.1988509479054	1.2332990921755709	927752.0264673652	1.5210266507610872	870.3816008270318	-0.2244418819108204	757564.1310582265	0.0503741583556706	894.3567705925635	688.8594426761974	0.443602	15.754619	0.1692614217467588	0.0885339705552964	0.0074750369	-0.2100869069	0.0194115282	0.0180327311	0.1488043432	-0.0529795158	0.0718232526	-0.1100875979	0.012126936	0.1264023859	0.0055174515	-0.1317465822	0.1010665359	-0.0552583373	0.0997505971	0.0370233463	0.1195121412	-0.0199561005	-0.1685338419	0.004777295	-0.031415742	0.105982336	0.0348435648	-0.0931258482	0.0424127923	-0.0631217231	0.0537775234	0.0358564761	0.1811102014	0.1068965392	0.1295926332	-0.1184749818	-0.0346762141	-0.0026809059	0.0381244081	0.04072589	0.039458897	-0.0179346299	0.0297116908	-0.0229388373	0.0451750377	0.0397079226	-0.0269356219	-0.0470731607	-0.0230473372	-0.1371306522	-0.0683454392	-0.0359229567	0.0416167618	0.0463515816	-0.0180895693	0.1091829923	0.0555787436	-0.0151740128	-0.0812449131	-0.0252363910856701	-0.0317015759096079	0.0006368754350288	0.0010049899151526	0.0130394963982638	-0.0118527218544955	0.00014048701536	0.0001700284663203	0.0143424362107396	0.0327698391984654	0.0002057054764591	0.0010738623610932	0.0023494306165591	-0.0006971621225039	4.860350250541431e-07	5.519824222025272e-06	0.0005887882372876	1.5761550358199972e-05	2.484264696940737e-10	3.466715883682391e-07	-0.0014576956368537	-0.0011458220228217	1.3129081079832122e-06	2.1248765697023138e-06	0.0	0.0	0.0	0.0	0.0	0.0	0.0	0.0	0.0	0.0	0.0	0.0	0.0	0.0	0.0	0.0	0.0	0.0	0.0	0.0	0.0	0.0	0.0	0.0	0.0	0.0	0.0	0.0	0.0	0.0	0.0	0.0	0.0	0.0	0.0	0.0	0.0	0.0	0.0	0.0	0.0	0.0	0.0	0.0	0.0	0.0	0.0	0.0	0.0	0.0
926.104846092269	-3.055204061598033	857670.1859555852	9.33427185800512	960.6490936279296	-2.549757319975811	922846.6810881626	6.501262390770229	870.5006246039786	0.1190237769468467	757771.3374359169	0.0141666594786927	893.9092749821991	685.3906847206863	0.719571	25.55571	0.7476497323531979	0.4572794147427924	-0.0220458985	-0.1592586567	0.0015647791	0.0446113887	0.1225306763	0.0021897526	0.0585757777	-0.0130096925	0.0451942889	0.0909370593	0.0192316651	-0.106372172	0.160496537	-0.0454315006	0.011703047	0.0023403275	0.1048177447	-0.0549317703	-0.1381311493	0.0101820911	-0.0396206659	0.1173859698	0.1119452896	-0.0039128115	0.0440611091	0.0274574651	0.0995505855	0.0749268798	0.1293165961	0.1434312401	0.0408071529	-0.1004385889	0.0435751536	-0.0865098213	0.0362506161	-0.0124274785	0.0504480254	-0.0265275007	-0.0537700356	0.0061976909	0.0092382875	0.0299718772	0.0379249239	0.0163970591	-0.0312821627	-0.0415164728	-0.0686440316	-0.0920673112	0.0200195575	-0.0125391423	-0.0481866681	0.1073422654	0.0494042187	-0.0251860523	-0.0912870929	0.0255656494531706	0.0508020405388407	0.0006536024319624	0.00258084732291	0.0008650809111969	-0.0121744154870669	0.0001482163924517	7.483649829172588e-07	0.193958784659415	0.1796163484486753	0.0376200101465573	0.0322620326300359	-0.0050717077039251	-0.0074211383204841	5.507329397175904e-05	2.572221903405321e-05	-0.0010045654416273	-0.0015933536789149	2.5387759461116465e-06	1.0091517265118525e-06	-0.0003710490786805	0.0010866465581731	1.1808007423896611e-06	1.376774187896479e-07	0.0	0.0	0.0	0.0	0.0	1.0	0.0	0.0	0.0	0.0	0.0	0.0	0.0	0.0	0.0	0.0	0.0	0.0	0.0	0.0	0.0	0.0	0.0	0.0	0.0	0.0	0.0	0.0	0.0	0.0	0.0	0.0	0.0	0.0	0.0	0.0	0.0	0.0	0.0	0.0	0.0	0.0	0.0	0.0	0.0	0.0	0.0	0.0	0.0	0.0
925.6257145372008	-0.4791315550681929	856782.9634125035	0.2295670470620648	965.1982560183276	4.54916239039801	931607.6734208212	20.694878454211736	870.9412104696726	0.4405858656939472	758538.5920943785	0.1941159050492849	894.075817712587	691.3529266837594	1.484812	52.733395	2.172978599308562	1.345601709233832	-0.1623566819	0.0329236349	0.0548336393	0.1548332356	-0.0567233414	-0.0863581645	-0.0724183406	0.1277367636	0.15621663	-0.0084427996	0.0376828743	0.0642460704	-0.0413509736	-0.0071871584	-0.1324112739	0.1034032305	-0.018957615	-0.1627612279	0.0472050286	-0.038051841	-0.0064486622	-0.067309271	0.0657930635	0.1396638015	0.1199043303	-0.0624011883	0.0583351913	0.1298889284	-0.0768619815	-0.1641384044	0.0893182197	-0.0332173201	-0.0174931782	-0.0787166452	-0.0224089829	0.0536526486	0.03767769	-0.0859615307	-0.0353172553	-0.0215360016	-0.0010625895	-0.1022986572	-0.0905343647	0.004472723	-0.0981402363	0.0860012526	0.1022824276	-0.0314440105	0.0272316697	0.0899731456	-0.0130479319	0.1054279714	0.0430942802	-0.0350428114	-0.1003291122	0.181676530152913	0.1561108806997423	0.0330063616084023	0.0243706070728491	-0.0666839593252035	-0.0675490402364004	0.0045628728368588	0.0044467504312853	0.8216776166614892	0.6277188320020742	0.6751541057225052	0.3940309320500483	-0.02636031308711	-0.0212886053831849	0.0004532047191609	0.0006948661060504	-0.0059478190059079	-0.0049432535642805	2.443575580077285e-05	3.537655092703924e-05	-0.0001709110987391	0.0002001379799414	4.005521101502424e-08	2.921060367220639e-08	0.0	0.0	0.0	0.0	0.0	0.0	1.0	0.0	0.0	0.0	0.0	0.0	0.0	0.0	0.0	0.0	0.0	0.0	0.0	0.0	0.0	0.0	0.0	0.0	0.0	0.0	0.0	0.0	0.0	0.0	0.0	0.0	0.0	0.0	0.0	0.0	0.0	0.0	0.0	0.0	0.0	0.0	0.0	0.0	0.0	0.0	0.0	0.0	0.0	0.0
929.5185026281774	3.892788090976637	864004.6467281291	15.153799121249532	954.0044022014434	-11.193853816884143	910124.3994197334	125.3023632737717	871.519871784829	0.5786613151564097	759546.8869158447	0.3348489176585457	894.2523173295222	694.491079445152	0.8449959999999999	30.010201	0.4459691337642363	0.2969238306951232	-0.1451504283	0.0699490929	0.0684612124	0.1144975298	-0.150644404	-0.1198635087	-0.0677940261	0.0971359638	0.1164695487	-0.0018419044	-0.0138379787	0.1228017644	-0.1423243966	0.0366199714	-0.0829851084	0.1360764733	0.0321522793	-0.1283852482	0.0927376563	-0.0750491276	0.062233267	-0.1355922193	-0.0429371382	0.1225868211	0.1584346462	-0.0893789368	0.0222236363	0.1167114671	-0.1045538766	-0.19122312	0.1351486931	-0.0467405018	-0.0700143158	0.0190678977	0.0014133436	-0.0922514597	0.020732028	-0.0656440266	0.0534033846	0.0927932335	0.1149133589	0.0289493375	-0.0742549376	-0.0571740743	-0.090893072	-0.0213125537	-0.0517068978	0.0866465405	-0.0411038893	0.0002527717	0.0442728201	0.1034414224	0.0366662233	-0.0446835199	-0.1082719048	0.1642933639607946	-0.0173831661921183	0.0269923094415541	0.0003021744668628	-0.0458024485721466	0.0208815107530569	0.00043603749133	0.0020978642952041	0.9670097673733552	0.145332150711866	0.9351078901954706	0.0211214340305365	-0.0312148092477182	-0.0048544961606082	2.3566132973359755e-05	0.0009743643163714	-0.0057319924122254	0.0002158265936825	4.6581118540591134e-08	3.285573701380956e-05	-0.0003480344665923	-0.0001771233678532	3.1372687439660004e-08	1.211279899361868e-07	0.0	0.0	0.0	0.0	0.0	0.0	0.0	0.0	0.0	0.0	0.0	0.0	0.0	0.0	0.0	0.0	0.0	0.0	0.0	0.0	0.0	0.0	0.0	0.0	0.0	0.0	0.0	0.0	0.0	0.0	0.0	0.0	0.0	0.0	0.0	0.0	0.0	0.0	0.0	0.0	0.0	0.0	0.0	0.0	0.0	0.0	0.0	0.0	0.0	0.0
929.942272657441	0.4237700292635509	864792.6304752863	0.1795810377020308	958.234134980064	4.229732778620587	918212.6574409916	17.890639378537433	871.5713314933573	0.0514597085283412	759636.5858811038	0.0026481016018218	894.9406982462003	695.8015173905379	0.862132	30.618811	0.6578447869664205	0.3246682831442933	-0.1283202121	0.0381395138	0.0506295982	0.1107189721	-0.0754524347	-0.0638056989	-0.0560030253	0.0491044967	0.1153694496	0.0545151533	0.0074769668	0.0878278481	-0.0954441347	0.0261592747	-0.0134234685	0.076226643	-0.0238561161	-0.1168960795	0.0357107257	-0.0866975172	0.0334078944	-0.0589893246	-0.0707111049	0.0305147778	0.0506188333	-0.0276333908	-0.02536414	0.1286639241	-0.0767664183	-0.1127713156	0.0872822623	0.0276423175	0.0377225863	-0.1027661002	-0.0206431813	0.0142789075	0.0765578099	-0.1497868785	0.0356197243	0.0838114871	-0.0798845586	-0.0967704705	-0.1380352684	0.0802938299	-0.0046657063	-0.0588134295	0.0630570684	-0.0397328633	-0.0951464097	0.0319771337	-0.1015829464	0.1013839798	0.0301376669	-0.0540487397	-0.1150284477	0.0875121402854262	-0.0767812236753684	0.0076583746973361	0.0058953563090869	-0.0276664687175696	0.0181359798545769	0.0003289137652856	0.0007654334913002	0.7839290165059651	-0.18308075086739	0.6145447029200097	0.0335185613381673	-0.0270714828176565	0.0041433264300617	1.716715390604784e-05	0.0007328651819466	-0.0037920138932083	0.001939978519017	3.7635166542477776e-06	1.437936936628477e-05	-0.0018616661688952	-0.0015136317023029	2.2910809302163746e-06	3.4658009244089317e-06	0.0	0.0	0.0	0.0	0.0	0.0	0.0	1.0	0.0	0.0	0.0	0.0	0.0	0.0	0.0	0.0	0.0	0.0	0.0	0.0	0.0	0.0	0.0	0.0	0.0	0.0	0.0	0.0	0.0	0.0	0.0	0.0	0.0	0.0	0.0	0.0	0.0	0.0	0.0	0.0	0.0	0.0	0.0	0.0	0.0	0.0	0.0	0.0	0.0	0.0
929.340025160328	-0.6022474971130123	863672.882364999	0.3627020477788877	960.4057688177588	2.171633837694799	922379.2407784304	4.71599352502104	872.3678535556624	0.79652206230503	761025.6719173136	0.634447395738658	894.9060548761031	700.4599978843769	0.676984	24.043211	0.5425423413222425	0.2944634754563146	-0.1196186976	0.0445449129	0.0549928203	0.0870970628	-0.0624489728	-0.0261066342	-0.0363636369	-0.0276791232	0.0914971244	0.0409995117	-0.0146908715	0.0924785687	-0.0184142788	0.0159672165	0.0088095479	0.071117781	-0.0642879989	-0.1002597096	0.0255695431	-0.0673869315	0.0581147676	-0.0330106676	-0.0112826984	0.0019606281	0.072138165	0.0713728598	-0.0945861666	0.1093228963	-0.0670818115	-0.0570333993	0.0516029167	0.0251233451	0.0135349822	-0.0691945951	0.0365651799	-0.0135897227	0.026835587	-0.1609247597	0.0470195109	0.1130929055	0.0366970557	-0.0270431571	-0.1749572265	-0.0351515909	-0.0131526227	-0.029041108	0.0968033484	0.04229092	-0.1039633569	0.0025252179	-0.0941094368	0.0992570537	0.0235265052	-0.063080731	-0.1205247148	0.0475634400529401	-0.039948700232486	0.0022622808296696	0.001595898650265	0.0330375349807638	0.0607040036983334	0.0036849760650072	0.0010914787176051	0.6334043676949221	-0.150524648811043	0.4012010930150041	0.0226576698996878	-0.0228750293090878	0.0041964535085687	1.7610222049578556e-05	0.0005232669658916	-0.0021771848498934	0.0016148290433149	2.607672839133316e-06	4.7401338706053465e-06	-0.0018456489491712	1.601721972399996e-05	2.5655132768689337e-10	3.406420043576755e-06	0.0	0.0	0.0	0.0	0.0	0.0	0.0	0.0	1.0	0.0	0.0	0.0	0.0	0.0	0.0	0.0	0.0	0.0	0.0	0.0	0.0	0.0	0.0	0.0	0.0	0.0	0.0	0.0	0.0	0.0	0.0	0.0	0.0	0.0	0.0	0.0	0.0	0.0	0.0	0.0	0.0	0.0	0.0	0.0	0.0	0.0	0.0	0.0	0.0	0.0
928.8820464171762	-0.4579787431517843	862821.856156161	0.209744529178888	963.772914167394	3.367145349635166	928858.230082711	11.337667805569724	871.4587428455047	-0.90911071015762	759440.3404818675	0.826482283323292	894.5147197956635	700.9719626393352	0.758263	26.929884	0.2399329116670389	0.1168071658783993	-0.10865641	0.0065336487	0.0346702293	0.0726538337	-0.0190384798	-0.041538488	-0.0372086741	-0.0978285607	0.1010136461	0.0543209749	0.0035825515	0.0557028133	-0.0317821195	0.0196069537	0.0502461917	0.0008312733	-0.0447850952	-0.0946773486	0.0041777442	-0.056634491	0.0273673303	0.0286535415	-0.06607372	-0.0677493475	-0.0264919532	0.0251367153	-0.0498140885	0.1129382382	-0.0542251449	-0.0220039406	0.0112010812	0.0780693207	0.0821023449	-0.0930972758	0.0073292135	0.0845399607	0.091776295	-0.1565936963	0.028704455	0.0544396892	-0.1437565335	-0.0930717766	-0.0945950287	0.1159369001	0.0283873091	-0.0265859154	0.0686649145	-0.076231628	-0.0867025936	0.0365293082	-0.1337284086	0.0970621018	0.016850859	-0.0717238087	-0.124700488	0.0734982551634573	0.0259348151105172	0.0054019935120726	0.0006726146348167	0.0016274456264255	-0.0314100893543383	0.0009865937132475	2.648579266971488e-06	0.6648485509857807	0.0314441832908585	0.4420235957478922	0.0009887366628291	-0.0226931026324175	0.0001819266766702	3.309731568429936e-08	0.0005149769070854	-0.0008437707670108	0.0013334140828825	1.777993116429645e-06	7.119491072619938e-07	-0.0003381132304976	0.0015075357186736	2.272663943076728e-06	1.1432055663752317e-07	0.0	0.0	0.0	0.0	0.0	0.0	0.0	0.0	0.0	0.0	0.0	0.0	0.0	0.0	0.0	0.0	0.0	0.0	0.0	0.0	0.0	0.0	0.0	0.0	0.0	0.0	0.0	0.0	0.0	0.0	0.0	0.0	0.0	0.0	0.0	0.0	0.0	0.0	0.0	0.0	0.0	0.0	0.0	0.0	0.0	0.0	0.0	0.0	0.0	0.0
916.9949212881816	-11.887125128994626	840879.6856683183	141.3037438323755	953.8710624980416	-9.901851669352368	909870.0038711427	98.04666648185628	867.9428366050788	-3.5159062404259203	753324.7676140706	12.361596691465929	890.7810361562474	683.6518421519886	1.46455	52.013779	1.67476294485788	0.9873010012476654	-0.1219122133	0.068112346	0.0545704093	0.0638352057	-0.1775567586	-0.1458419525	-0.0683080576	0.0259289115	0.1178812381	-0.1016638808	0.1443902881	0.1110230457	-0.0947170475	0.0802161183	-0.0887762245	0.2157180401	0.0741309622	-0.1201493809	0.181209125	-0.0727255268	-0.1032874281	-0.1436311898	-0.0372914045	0.081318561	0.1806937969	0.0400324056	-0.0788351719	0.0864067604	-0.1038296362	-0.1439671856	0.2028935976	-0.072314962	-0.1456138139	0.116253935	-0.0366576913	-0.0052425646	0.0057182752	0.2575137712	-0.1862410821	-0.0594258595	-0.0393076517	-0.0223980116	0.129467236	-0.0091423113	-0.1010512968	0.2750522658	0.1280513788	-0.1555163849	0.1210340297	0.1386834345	0.0448008207	0.0948006283	0.0101290257	-0.0799246852	-0.1275100165	0.1646539613406474	0.09115570617719	0.0271109269851674	0.0083093627686622	-0.1170351990166409	-0.1186626446430664	0.0140808232336866	0.0136972378088647	1.2244984283755542	0.5596498773897736	1.4993964010942022	0.3132079852623886	-0.0371909846752379	-0.0144978820428203	0.0002101885837275	0.0013831693411137	-0.0039999998247604	-0.0031562290577496	9.961781864982929e-06	1.5999998598083232e-05	0.0001136700018894	0.000451783232387	2.0410808906604601e-07	1.29208693295362e-08	0.0	0.0	0.0	0.0	0.0	0.0	0.0	0.0	0.0	1.0	0.0	0.0	0.0	0.0	0.0	0.0	0.0	0.0	0.0	0.0	0.0	0.0	0.0	0.0	0.0	0.0	0.0	0.0	0.0	0.0	0.0	0.0	0.0	0.0	0.0	0.0	0.0	0.0	0.0	0.0	0.0	0.0	0.0	0.0	0.0	0.0	0.0	0.0	0.0	0.0
929.959813949452	12.964892661270484	864825.2555608995	168.08844171826522	966.531397855218	12.660335357176336	934182.9430399616	160.28409135616928	871.6099731662906	3.667136561211805	759703.9453229419	13.447890558576344	894.2601288463786	695.0476112792542	1.178641	41.859695	0.3722900069796523	0.2147456146901296	-0.1165260356	0.071309674	0.0766947433	0.0573695429	-0.1641701047	-0.1562978466	-0.1646325721	-0.1082518338	0.0953283645	-0.0074345641	0.0258937905	0.1639502367	-0.1938168012	0.0219965658	-0.0216318407	0.1859656752	-0.0309318348	-0.0995733429	0.1321691195	-0.116886759	0.0383154745	-0.1609869563	-0.098152732	0.0368057883	0.1132817983	-0.147163281	-0.0903766721	0.0894487971	-0.1114377146	-0.1564366904	0.190665348	-0.0246595336	-0.090788129	0.1689157872	-0.0248753573	-0.0471091295	0.0431858924	0.2430813595	0.0013021575	0.0086518268	0.0706269766	0.084520679	0.1042628607	-0.0127933614	0.0188664885	0.0155253622	-0.1055553239	-0.0595980564	0.0715513292	-0.0684345268	0.1004451163	0.0924741833	0.0033794295	-0.0876327994	-0.1289225186	0.1334390419584821	-0.0312149193821652	0.0178059779187975	0.000974371192035	-0.0355799827719351	0.0814552162447058	0.0066349522534717	0.0012659351740511	1.219926649230473	-0.0045717791450812	1.4882210295026894	2.09011645513996e-05	-0.0411205981797404	-0.0039296135045025	1.5441862294768426e-05	0.0016909035946596	-0.0031048297857767	0.0008951700389837	8.013293986940793e-07	9.639967998646187e-06	0.0003898483025572	0.0002761783006678	7.627445375975373e-08	1.5198169900673016e-07	0.0	0.0	0.0	0.0	0.0	0.0	0.0	0.0	0.0	0.0	0.0	0.0	0.0	0.0	0.0	0.0	0.0	0.0	0.0	0.0	0.0	0.0	0.0	0.0	0.0	0.0	0.0	0.0	0.0	0.0	0.0	0.0	0.0	0.0	0.0	0.0	0.0	0.0	0.0	0.0	0.0	0.0	0.0	0.0	0.0	0.0	0.0	0.0	0.0	0.0
920.8991715391024	-9.0606424103496	848055.2841414053	82.09524088822583	954.228711826916	-12.302686028301991	910552.4344748554	151.35608351097702	868.253681529652	-3.356291636638616	753864.4554897944	11.26469355017032	892.1323201858551	685.6453843790334	0.7536119999999998	26.764688	0.4582878060988863	0.2257393683384266	-0.1019250169	0.0781032167	0.0632604314	0.0760711579	-0.1816591271	-0.0618942675	-0.0055121672	-0.026768903	0.0837134534	-0.0356900342	0.0423096345	0.1069222558	-0.1594569933	0.0546481691	0.0852263621	0.0678402674	0.0282173122	-0.0863285303	0.1179985104	-0.0740278633	-0.00555526	-0.1136824936	-0.1254150949	-0.0478782425	0.0759244176	-0.0468473645	0.0006315389	0.0910368394	-0.1128918588	-0.1279995807	0.2146761666	-0.0127728346	-0.0810954762	0.1204166458	-0.0479825286	-0.0929124532	0.0365072335	0.1946570025	-0.0158198568	0.0704427342	-0.008139732	0.0249225528	0.0451793769	0.0305590268	0.0458116316	0.015516969	-0.0326999652	0.0043263968	-0.0276122345	-0.0572325064	0.0415950987	0.090084361	-0.0033794295	-0.0948006283	-0.1289225186	0.0709522784568434	-0.0624867635016387	0.0050342258182174	0.0039045956129097	-0.0521149081114487	-0.0165349253395135	0.0002734037559832	0.0027159636474647	1.116439043252484	-0.103487605977989	1.2464361372985218	0.0107096845910555	-0.03779997349541	0.0033206246843303	1.1026548294184365e-05	0.0014288379962536	-0.0021379253936488	0.0009669043921279	9.349041035162242e-07	4.570724988808376e-06	-0.0008381928465794	-0.0012280411491366	1.508085063972741e-06	7.025672480568776e-07	0.0	0.0	0.0	0.0	0.0	0.0	0.0	0.0	0.0	0.0	0.0	0.0	0.0	0.0	0.0	0.0	0.0	0.0	0.0	0.0	0.0	0.0	0.0	0.0	0.0	0.0	0.0	0.0	0.0	0.0	0.0	0.0	0.0	0.0	0.0	0.0	0.0	0.0	0.0	0.0	0.0	0.0	0.0	0.0	0.0	0.0	0.0	0.0	0.0	0.0
928.144453524169	7.245281985066526	861452.1266076782	52.49411104312954	963.0591876188064	8.830475791890422	927482.9988569954	77.97730271116276	873.31342754942	5.059746019767999	762676.342738116	25.60102978455811	896.1963635406394	685.995870027342	1.018748	36.181053	1.130636322682231	0.6563009488934972	-0.1199602978	0.0665366376	0.0446401341	0.0799925257	-0.0537790327	-0.0761397692	-0.0514815707	-0.1650071595	0.0933736025	0.0543126353	-0.0168422099	0.1191874122	-0.0353526851	-0.0141483311	0.0491204767	0.1040289654	-0.0315033592	-0.0871286198	0.0338480489	-0.0841224931	0.0738895398	-0.0106137475	-0.0153963537	-0.0723970917	0.0496866234	-0.1359867577	-0.0281749948	0.0932709176	-0.0889461671	-0.0652033412	0.0618402331	0.0947779147	0.0152748741	0.0706442632	0.0231775447	0.0618704123	0.0708674073	-0.055661896	0.0777932603	0.0613677756	-0.0104151122	-0.0032215722	-0.124800297	0.0202953505	0.1124773834	-0.0745402796	0.0353413113	-0.0330189984	-0.0488166049	-0.0288169733	-0.1324130574	0.0876327994	-0.0101290257	-0.1013839798	-0.1275100165	0.0490155381618677	-0.0219367402949757	0.0024025229812975	0.0004812205747692	0.0684572547912552	0.1205721629027039	0.0145376464670361	0.0046863957335548	0.7353964768176127	-0.3810425664348713	0.5408079781157575	0.1451934374352733	-0.028531299773549	0.009268673721861	8.590831256231664e-05	0.0008140350667681	0.0003840276104054	0.0025219530040542	6.360246954658004e-06	1.474772055536817e-07	-0.000487122511501	0.0003510703350783	1.2325038017206002e-07	2.372883412110419e-07	0.0	0.0	0.0	0.0	0.0	0.0	0.0	0.0	0.0	0.0	1.0	0.0	0.0	0.0	0.0	0.0	0.0	0.0	0.0	0.0	0.0	0.0	0.0	0.0	0.0	0.0	0.0	0.0	0.0	0.0	0.0	0.0	0.0	0.0	0.0	0.0	0.0	0.0	0.0	0.0	0.0	0.0	0.0	0.0	0.0	0.0	0.0	0.0	0.0	0.0
903.0123425346296	-25.132110989539346	815431.2907698792	631.6230027905242	934.6754085520372	-28.383779066769197	873618.1193519176	805.638914111165	866.8113284731506	-6.50209907626936	751361.8791693882	42.27729239762287	891.5124074320195	639.0468799167579	2.374085	84.31610899999998	1.8556084193584872	1.0482307293499602	0.0663202659	0.0646813886	-0.3358581408	0.0083047524	-0.1219858839	0.123870709	0.3480094787	0.2507340529	0.0114274073	-0.1616598449	0.0138709468	-0.0671448026	0.3112816671	0.1991465902	-0.2428684021	-0.111885334	-0.1844521333	-0.0152055225	0.0743283736	0.1297523345	-0.0776023827	0.2335300349	0.0981620836	0.2986242088	-0.0294682684	0.406967636	-0.1193625426	0.004761092	-0.0318982072	0.1679612695	-0.179855968	-0.0639286627	-0.1357469257	-0.154693503	0.00026522	-0.329102573	-0.1767604255	0.1472223252	0.0680822963	-0.0785197589	-0.2027478264	-0.3311765095	-0.1514890521	0.2297379345	-0.1871775508	0.1749592759	-0.1720412347	0.0416365931	0.0302463783	-0.4087798601	-0.1116795795	0.0851211787	-0.016850859	-0.1073422654	-0.124700488	0.2190038305047466	0.1699882923428788	0.0479626777757517	0.028896019533648	-0.0840045985783461	-0.1524618533696013	0.0232446167328938	0.007056772582309	0.3842382481767856	-0.3511582286408271	0.147639031361965	0.1233121015421633	-0.0116822809359569	0.0168490188375921	0.0002838894357895	0.0001364756878666	0.0004430444058427	5.901679543730002e-05	3.482982143688116e-09	1.9628834554851109e-07	0.0062448427555732	0.0067319652670742	4.53193563570934e-05	3.8998061041835074e-05	0.0	0.0	0.0	0.0	0.0	0.0	0.0	0.0	0.0	0.0	0.0	1.0	0.0	0.0	0.0	0.0	0.0	0.0	0.0	0.0	0.0	0.0	0.0	0.0	0.0	0.0	0.0	0.0	0.0	0.0	0.0	0.0	0.0	0.0	0.0	0.0	0.0	0.0	0.0	0.0	0.0	0.0	0.0	0.0	0.0	0.0	0.0	0.0	0.0	0.0
920.4404922930912	17.428149758461586	847210.6998527481	303.74040400336463	953.7497482707794	19.07433971874218	909638.5823265752	363.8304357059855	870.7133294579817	3.9020009848310337	758141.7020958037	15.225611685622358	895.6477510551338	678.1209535105245	1.950622	69.276733	0.6703041462961651	0.2974576464143104	-0.0425268966	-0.0352607809	0.0233877693	-0.0422085602	0.0534087097	-0.1293187273	0.0960864025	0.0720853941	0.0279098284	0.0029719624	0.0263784621	-0.0163505934	0.2656556023	-0.0508317556	-0.1808615431	-0.0117805432	-0.0088204825	-0.0175152074	-0.010425984	0.0015150501	-0.0397971471	0.2254789065	0.1710707224	0.1107800016	-0.0229053731	0.1439485782	0.0524798383	0.0586954722	0.0173493968	0.1570862448	-0.0873450132	-0.0504538791	0.0988507693	-0.1064655557	-0.0658046821	0.0207518068	-0.0343716762	0.1012564974	-0.0665024477	-0.0074812347	-0.0012044032	-0.0560906367	0.0238103054	-0.0745372022	0.0423261074	0.0200671105	0.013147427	-0.0104762381	-0.0175067333	-0.0351340116	0.1229255468	0.0825512202	-0.0235265052	-0.1126387502	-0.1205247148	0.0628876896270611	-0.1561161408776855	0.0039548615066295	0.0243722494425413	0.0630037665583955	0.1470083651367416	0.0216114594201775	0.0039694746005447	0.2872045190460426	-0.0970337291307429	0.0824864357604686	0.0094155445890184	-0.0125430915090399	-0.0008608105730829	7.40994842731482e-07	0.0001573291446041	-0.0017022055438087	-0.0021452499496514	4.602097346479335e-06	2.897503713373072e-06	0.0038479850552877	-0.0023968577002855	5.744926835417895e-06	1.4806988985717484e-05	0.0	0.0	0.0	0.0	0.0	0.0	0.0	0.0	0.0	0.0	0.0	0.0	1.0	0.0	0.0	0.0	0.0	0.0	0.0	0.0	0.0	0.0	0.0	0.0	0.0	0.0	0.0	0.0	0.0	0.0	0.0	0.0	0.0	0.0	0.0	0.0	0.0	0.0	0.0	0.0	0.0	0.0	0.0	0.0	0.0	0.0	0.0	0.0	0.0	0.0
928.7017706712568	8.26127837816557	862486.9788479276	68.24872044154597	962.8579120329996	9.108163762220215	927095.3587645476	82.9586471194215	873.4416528929576	2.728323434975892	762900.3210083818	7.443748765838647	896.8194133450058	686.146737652225	1.214031	43.116558	0.4086126152727546	0.1832084649834316	-0.0970575076	-0.0197780788	0.0180625581	0.0413555346	0.0619395039	-0.049453656	-0.0172539925	-0.0952661209	0.0565335575	0.1264537804	-0.0455611919	0.0549145636	0.0486065855	-0.0512501351	0.0907151538	-0.0049274681	0.0249447125	-0.0510073335	-0.0619156343	-0.0745088501	0.0895111424	0.0824595538	0.0327205957	-0.1228096582	-0.0140625911	-0.0200355796	0.0399108181	0.0828910605	-0.0006573772	0.1327371137	-0.0615317308	0.0581457565	0.1356052886	-0.0914806339	-0.0016777028	0.1440642865	0.0240480103	0.0001604782	-0.0608055738	0.0793777142	0.0351086511	0.0227357974	-0.0004412063	-0.046364027	0.1112316671	0.0831394813	0.0249642575	-0.0176850231	0.0525480013	0.0579771291	0.106142407	0.0799246852	-0.0301376669	-0.1172407796	-0.1150284477	0.0123069963309632	-0.0505806932960978	0.0001514621586903	0.0025584065343139	0.0037520513043318	-0.0592517152540637	0.0035107657605486	1.407788899033796e-05	0.3679951827758856	0.080790663729843	0.1354204545462574	0.0065271313459085	-0.0140856270818517	-0.0015425355728118	2.3794159933898307e-06	0.0001984048902889	-0.0025327358671987	-0.00083053032339	6.89780618070298e-07	6.414750972994751e-06	0.0018612600916345	-0.0019867249636532	3.94707608120281e-06	3.464289128711267e-06	0.0	0.0	0.0	0.0	0.0	0.0	0.0	0.0	0.0	0.0	0.0	0.0	0.0	0.0	0.0	0.0	0.0	0.0	0.0	0.0	0.0	0.0	0.0	0.0	0.0	0.0	0.0	0.0	0.0	0.0	0.0	0.0	0.0	0.0	0.0	0.0	0.0	0.0	0.0	0.0	0.0	0.0	0.0	0.0	0.0	0.0	0.0	0.0	0.0	0.0
922.6273583046334	-6.074412366623392	851241.2422921864	36.89848559978719	953.5490354446166	-9.308876588382986	909255.7629973588	86.65518333774487	871.8792316620363	-1.5624212309212453	760173.3946035828	2.4411601028334595	895.4362216926891	674.8799366984334	0.677599	24.065065	0.1186567903824873	0.0606207749195516	-0.0913684385	-0.019583397	-0.0441144766	0.0698871639	0.030213042	0.0034900615	0.0784036	-0.0062818495	0.0399552493	0.0942497942	-0.0133664064	0.0363341494	0.1200228978	-0.0548203333	0.039814716	-0.1038924813	0.0134126834	-0.0431439963	-0.0461070506	-0.0652341883	0.0479214114	0.0977086049	0.0796768687	-0.0600449888	-0.0706152429	0.0503331132	0.089488391	0.0798148548	-0.0047747057	0.1357911659	-0.0997275309	0.0552629671	0.0792212034	-0.11786289	-0.0120353202	0.1069682614	-0.0072553927	0.0415634189	-0.0056682895	0.0596466269	0.0521368146	-0.0312172675	-0.0167606607	-0.0741919133	0.0704819503	0.0559983206	0.0399249797	-2.20314e-05	0.0556864246	-0.0129572065	0.0985887899	0.0772433738	-0.0366662233	-0.1211199807	-0.1082719048	0.0255100326624244	0.0132030363314611	0.0006507617664379	0.0001743201683698	0.0369874041810192	0.0332353528766874	0.0011045886808379	0.00136806806805	0.3712972118199644	0.0033020290440787	0.1378616195052795	1.0903395807939825e-05	-0.0141078279764084	-2.2200894556699543e-05	4.928797191176916e-10	0.0001990308102119	-0.0017754493294905	0.0007572865377082	5.73482900194073e-07	3.1522203215882656e-06	0.0024601001019748	0.0005988400103403	3.5860935798437066e-07	6.052092511736421e-06	0.0	0.0	0.0	0.0	0.0	0.0	0.0	0.0	0.0	0.0	0.0	0.0	0.0	0.0	0.0	0.0	0.0	0.0	0.0	0.0	0.0	0.0	0.0	0.0	0.0	0.0	0.0	0.0	0.0	0.0	0.0	0.0	0.0	0.0	0.0	0.0	0.0	0.0	0.0	0.0	0.0	0.0	0.0	0.0	0.0	0.0	0.0	0.0	0.0	0.0
923.278813908802	0.6514556041686319	852443.7682128443	0.4243944042027172	957.5011506820108	3.952115237394196	916808.4535573748	15.61921484964338	869.5464837657364	-2.332747896299906	756111.0874293561	5.44171274769164	893.139383831438	681.1313912318303	0.78676	27.941938	0.4251619025360875	0.2071712613635867	-0.06782646	-0.0097553863	-0.0069522443	0.0714857831	0.0405254522	0.0456862352	-0.037324129	-0.0832141052	0.0542044577	0.0402420603	-0.0247651127	0.0204883	-0.0042037619	0.0071412985	0.0688587535	-0.1598336827	0.0881583281	-0.051772084	-0.0145446174	-0.0192155904	0.0441364505	0.0196974557	-0.0320028563	-0.0694386138	-0.0981824694	0.0022333638	0.1098251628	0.0598562924	-0.0231142346	0.1368697692	-0.1445806377	0.0494421551	0.0686989899	0.0052056287	0.0270577378	0.0645011746	0.0108667953	-0.0288872738	0.0064913804	0.0434021419	0.0183193668	0.0523010311	0.0517473084	-0.0184998704	0.0479132779	0.1308591217	-0.0221050049	0.0115118514	0.0034127123	0.0348457597	0.0989681021	0.0745091236	-0.0430942802	-0.1242524367	-0.1003291122	0.0704518962575804	0.044941863595156	0.0049634696862888	0.0020197711034056	-0.019303108143589	-0.0562905123246082	0.0031686217777668	0.000372609984003	0.4284363235426127	0.0571391117226482	0.1835576833307103	0.0032648780884532	-0.0149575954366011	-0.0008497674601926	7.221047364023511e-07	0.000223729661245	-0.0003981713313137	0.0013772779981768	1.8968946842618933e-06	1.5854040908012425e-07	0.0055688629414788	0.003108762839504	9.664406392280977e-06	3.101223446097592e-05	0.0	0.0	0.0	0.0	0.0	0.0	0.0	0.0	0.0	0.0	0.0	0.0	0.0	0.0	0.0	0.0	0.0	0.0	0.0	0.0	0.0	0.0	0.0	0.0	0.0	0.0	0.0	0.0	0.0	0.0	0.0	0.0	0.0	0.0	0.0	0.0	0.0	0.0	0.0	0.0	0.0	0.0	0.0	0.0	0.0	0.0	0.0	0.0	0.0	0.0
924.0082128659762	0.7293989571742259	853791.1774437752	0.5320228387268482	958.9588023609018	1.4576516788910112	919601.9846254552	2.124748416973784	871.1168922247521	1.5704084590156526	758844.6399193103	2.4661827281479165	893.8989178960375	679.3890962107198	0.692725	24.602257	0.4622798072466005	0.2381566580338287	-0.0685115092	0.0138976761	-0.0565409002	0.1204421639	0.0207046107	0.0499080302	-0.0779296056	0.0271709726	0.0679090882	0.0465280592	-0.0307670405	0.0595264393	0.0643484097	0.0164841953	0.0258516776	-0.1055814337	-0.0376498314	-0.0786709876	0.0046051301	-0.0426102134	0.0618803718	0.0454933194	0.0097860841	-0.0268444388	-0.1277677799	-0.0040033991	-0.0267955783	0.0494703349	-0.0493399153	0.098775179	-0.1882459199	0.0970581552	0.0038806132	0.0943443983	0.0608271741	0.083663693	0.0403830162	-0.0865503143	0.0840643656	-0.0801128114	-0.0247170951	0.0263476513	0.0441187959	-0.005959352	-0.0274310401	0.0881454839	0.0352604683	0.0341241559	-0.0851555195	-0.0208575968	-0.0582405694	0.0717238087	-0.0494042187	-0.1266188352	-0.0912870929	0.0567798348668588	-0.0136720613907216	0.0032239496475077	0.0001869252626716	0.0408956790623591	0.0601987872059481	0.003623893981067	0.0016724565659714	0.5296191784271684	0.1011828548845557	0.2804964741578689	0.010237970122589	-0.0170148028966876	-0.0020572074600865	4.232102533835557e-06	0.0002895035176131	0.0030059664103494	0.0034041377416631	1.1588153764215151e-05	9.035834060148855e-06	0.0058520398150367	0.0002831768735579	8.018914171802693e-08	3.424636999677478e-05	0.0	0.0	0.0	0.0	0.0	0.0	0.0	0.0	0.0	0.0	0.0	0.0	0.0	0.0	0.0	0.0	0.0	0.0	0.0	0.0	0.0	0.0	0.0	0.0	0.0	0.0	0.0	0.0	0.0	0.0	0.0	0.0	0.0	0.0	0.0	0.0	0.0	0.0	0.0	0.0	0.0	0.0	0.0	0.0	0.0	0.0	0.0	0.0	0.0	0.0
926.0474158195414	2.039202953565109	857563.8163460506	4.158348685828664	954.2688495411592	-4.689952819742643	910629.0372046076	21.99565745141197	869.663185486819	-1.4537067379330892	756314.0561910813	2.113263279912063	893.4673819056003	694.0275436534748	0.666433	23.668491	0.2023159932653325	0.1061963463252306	-0.0314787039	0.013065788	0.0251584183	0.0443156237	0.0028849054	0.0159826702	-0.0229074616	-0.0850419139	0.0473482493	0.0339293443	0.0014942353	0.0358775272	0.0220901532	-0.0320619115	0.1149033627	-0.1213423344	0.0305419561	-0.0415151482	-0.0007907984	-0.0338621205	0.02503547	0.051554408	-0.0141311053	-0.1355423982	-0.1062904549	0.0141433912	0.0027168455	0.0373837154	-0.0393569929	0.1198523245	-0.1425911578	0.0745695161	0.0628526576	0.1438283396	0.0464274735	0.0377214291	0.0446209435	-0.0968233032	-0.0234253125	-0.0101545108	-0.1091095276	0.0682778038	0.0890925899	0.0471377696	0.0410571847	0.119678026	-0.0002139478	0.0330417196	-0.1220895995	0.1049515239	-0.0698287594	0.0688893378	-0.0555787436	-0.1282045865	-0.0812449131	0.0793448919928323	0.0225650571259735	0.0062956118853542	0.0005091818030984	0.0398202162363787	-0.0010754628259804	1.1566202900657511e-06	0.0015856496211119	0.50176368323487	-0.0278554951922984	0.2517667938134229	0.0007759286124081	-0.0166876941037846	0.000327108792903	1.0700016239445989e-07	0.0002784791345014	0.0043251107006569	0.0013191442903074	1.7401416586508773e-06	1.8706582572936815e-05	0.0072221862942478	0.001370146479211	1.8773013744945725e-06	5.215997486882077e-05	0.0	0.0	0.0	0.0	0.0	0.0	0.0	0.0	0.0	0.0	0.0	0.0	0.0	0.0	0.0	0.0	0.0	0.0	0.0	0.0	0.0	0.0	0.0	0.0	0.0	0.0	0.0	0.0	0.0	0.0	0.0	0.0	0.0	0.0	0.0	0.0	0.0	0.0	0.0	0.0	0.0	0.0	0.0	0.0	0.0	0.0	0.0	0.0	0.0	0.0
925.131434554973	-0.9159812645683588	855868.1712017423	0.8390216770402495	959.2869528908144	5.0181033496552345	920231.4579865437	25.181361227821085	871.8040634944052	2.1408780075862524	760042.3251253569	4.5833586433664815	894.0792662089472	687.3560469047173	0.7294979999999999	25.908264	0.1855852457469529	0.1246380823475964	-0.0688237832	-0.0064386399	-0.0579648397	0.0730529011	0.0296103448	-0.0038961189	-0.0259346083	-0.0533969076	0.052189622	0.0887731867	-0.0039289899	0.0504405319	0.0616881161	-0.0196760916	0.0084354334	-0.1558261687	-0.0693848143	-0.064448461	-0.0417257313	-0.0684217737	0.0436562414	0.0357433206	0.0392353354	-0.0558380534	-0.164540884	0.1149636975	-0.0549226618	0.0453563225	-0.0273803829	0.1341957511	-0.2045671588	0.0718454998	-0.0078175618	0.1175414389	0.0738568729	0.1190831237	0.0727989277	-0.0554410882	0.0647564372	-0.0789191756	-0.047145542	0.0382804331	0.0856804124	-0.0149926748	-0.0790781282	0.095962605	0.0499779563	-0.0029681357	-0.112529485	0.0272044448	-0.0773536521	0.0660076536	-0.0616009311	-0.1289999139	-0.0703125971	0.0814837190360293	0.0021388270431969	0.0066395964679425	4.574581120710811e-06	0.0309806884325922	-0.0088395278037864	7.813725179391456e-05	0.0009598030557573	0.4235249858868855	-0.0782386973479845	0.1793734136704865	0.0061212937627095	-0.0149245674317326	0.0017631266720519	3.1086156617011524e-06	0.0002227427130243	0.0044070423046513	8.19316039944e-05	6.7127877330951824e-09	1.942202187498624e-05	0.0071398806992545	-8.230559499329982e-05	6.7742109672011e-09	5.097789639958693e-05	0.0	0.0	0.0	0.0	0.0	0.0	0.0	0.0	0.0	0.0	0.0	0.0	0.0	0.0	0.0	0.0	0.0	0.0	0.0	0.0	0.0	0.0	0.0	0.0	0.0	0.0	0.0	0.0	0.0	0.0	0.0	0.0	0.0	0.0	0.0	0.0	0.0	0.0	0.0	0.0	0.0	0.0	0.0	0.0	0.0	0.0	0.0	0.0	0.0	0.0
911.2740277562548	-13.857406798718216	830420.3536631074	192.02772318516185	936.7945325718844	-22.492420318930044	877583.9962565753	505.9089718034171	863.7475520115273	-8.056511482877909	746059.8336059061	64.9073772737436	888.5059386183759	670.0065297386863	1.661618	59.012703	2.0957561227427592	1.4231820242760929	0.1003245523	0.0100151255	-0.1411649599	-0.057609093	-0.0698019309	0.2392897305	0.158070523	-0.0793982482	-0.0551883278	-0.2157737159	-0.1659671993	-0.1313697534	0.0694914027	0.0044538188	0.1564623898	-0.1187533642	-0.1909787452	0.0886590147	0.0733468864	0.2719371146	0.0515082639	0.1289587127	-0.0712945812	-0.1303594401	-0.1139981317	-0.0612468995	-0.1310378517	-0.0959609835	0.0643917867	0.0830627079	-0.0443891583	0.0153100085	-0.087767884	0.0352991367	-0.1095580051	-0.0862989859	-0.0670282792	0.0113483664	-0.146906218	-0.0089954996	0.090459768	-0.0369515964	-0.1334390867	-0.1275284377	-0.0477297065	0.0223922974	0.1341070009	0.1766656587	0.0176145649	-0.0424871978	0.0998226485	0.063080731	-0.0674542747	-0.1289999139	-0.0586099215	0.019046191387261	-0.0624375276487682	0.0003627574063601	0.0038984448588907	0.1550781608077471	0.1240974723751549	0.0154001826499023	0.0240492359595134	-0.3896144925618756	-0.8131394784487611	0.1517994528142478	0.6611958114119232	0.0058834038804413	0.0208079713121739	0.0004329716701282	3.461444122039175e-05	0.0052839415202075	0.0008768992155562	7.68952234243079e-07	2.7920037988972743e-05	0.0069031183415831	-0.0002367623576714	5.605641401011997e-08	4.765304283790101e-05	0.0	0.0	0.0	0.0	0.0	0.0	0.0	0.0	0.0	0.0	0.0	0.0	0.0	1.0	0.0	0.0	0.0	0.0	0.0	0.0	0.0	0.0	0.0	0.0	0.0	0.0	0.0	0.0	0.0	0.0	0.0	0.0	0.0	0.0	0.0	0.0	0.0	0.0	0.0	0.0	0.0	0.0	0.0	0.0	0.0	0.0	0.0	0.0	0.0	0.0
924.8538923990004	13.579864642745632	855354.7222855819	184.412723715293	945.1809009409204	8.386368369036063	893366.93550349	70.3311744211686	865.4307745459246	1.6832225343972596	748970.4255311589	2.833238100302734	889.9378899267674	697.3064644286683	1.432372	50.870987	1.1461744512489709	0.8195090455172735	0.1934578228	0.057860229	0.0394649834	-0.183686272	0.0210683398	0.1559246582	-0.0764120614	-0.0687369284	-0.1912991272	-0.078928944	-0.0156157057	-0.0353065844	-0.0564383785	-0.0427202068	0.0891218786	0.0354644998	-0.0487464278	0.2033258646	0.0144880717	0.069820059	-0.0113016456	-0.0574586789	0.0003691149	-0.1192847326	0.0350589719	0.052864855	-0.0638270734	-0.1862881217	0.0144205276	-0.0198055825	0.0358790655	0.1345172727	0.1065535228	-0.0635907183	-0.0054933178	-0.0342731399	-0.0016752762	0.0540344836	-0.034445636	-0.0130318438	0.0453899239	0.0234695991	0.0587430516	-0.0119530254	-0.0345156572	-0.0993962456	-0.0679698302	-0.0235937812	0.0023521542	-0.0263153643	0.0443971251	0.0601105761	-0.0731227308	-0.1282045865	-0.0462651033	-0.0167403105532457	-0.0357865019405067	0.0002802379974191	0.0012806737211378	0.1647249886352142	0.009646827827467	9.306128713279344e-05	0.0271343218808714	-0.6559288303021873	-0.2663143377403117	0.4302426304215956	0.0709233264860608	0.0200628760520779	0.0141794721716366	0.0002010574310662	0.000402518995481	0.0063351530237478	0.0010512115035403	1.105045625175459e-06	4.0134163834300895e-05	0.0083609703412199	0.0014578519996368	2.1253324528450164e-06	6.99058250467588e-05	0.0	0.0	0.0	0.0	0.0	0.0	0.0	0.0	0.0	0.0	0.0	0.0	0.0	0.0	1.0	0.0	0.0	0.0	0.0	0.0	0.0	0.0	0.0	0.0	0.0	0.0	0.0	0.0	0.0	0.0	0.0	0.0	0.0	0.0	0.0	0.0	0.0	0.0	0.0	0.0	0.0	0.0	0.0	0.0	0.0	0.0	0.0	0.0	0.0	0.0
925.420821293194	0.566928894193552	856403.6964829697	0.3214083710715236	947.4960953003582	2.315194359437782	897748.8506094255	5.360124921972525	866.7983349478818	1.3675604019572347	751339.3534684203	1.8702214530014332	890.9325397298337	696.7141185893879	0.725519	25.766949	0.1999777696953358	0.1131237444362023	0.1563056816	0.0373931053	0.0378804243	-0.1921728154	0.0097442313	0.0009145069	-0.0023360036	-0.0278469493	-0.1655611294	-0.0131651407	0.0207083368	-0.0274065719	-0.07623854	0.0209167342	0.1007402195	0.0027609705	0.0011786389	0.1628893708	-0.012893778	-0.0011205592	-0.0403956757	-0.0582834936	-0.0842283396	-0.0754975358	-0.0140554224	0.0140319813	-0.1110462585	-0.1608418688	0.0308906774	-0.0095831295	0.0424316081	0.1131601198	0.0440708026	-0.0233543009	0.0061236146	-0.0052400825	-0.0686695531	0.0177006221	-0.0208593133	0.0138227699	0.0984766047	0.0129263259	0.0034021269	-0.0288285366	-0.0159050767	-0.0789672211	0.009619207	0.0403265791	0.0203046477	0.0189359982	0.0187149935	0.0570992244	-0.0785907625	-0.1266188352	-0.033413395	-0.0149682924433562	0.0017720181098895	0.0002240497786698	3.140048181776358e-06	0.1398434582353331	-0.0248815303998811	0.0006190905550402	0.0195561928112173	-0.6037833296510371	0.0521455006511502	0.3645543091644929	0.0027191532381591	0.0184004592726234	-0.0016624167794545	2.7636295486118743e-06	0.0003385769014434	0.0065405080266491	0.0002053550029012	4.2170677216592857e-08	4.2778245246661306e-05	0.0078051677128874	-0.0005558026283325	3.0891656166131505e-07	6.092064302629993e-05	0.0	0.0	0.0	0.0	0.0	0.0	0.0	0.0	0.0	0.0	0.0	0.0	0.0	0.0	0.0	0.0	0.0	0.0	0.0	0.0	0.0	0.0	0.0	0.0	0.0	0.0	0.0	0.0	0.0	0.0	0.0	0.0	0.0	0.0	0.0	0.0	0.0	0.0	0.0	0.0	0.0	0.0	0.0	0.0	0.0	0.0	0.0	0.0	0.0	0.0
923.093867276924	-2.326954016269952	852102.2878042674	5.414714993834857	952.2282600606826	4.732164760324395	906738.659258195	22.393383318856035	865.2060313505285	-1.5923035973532933	748581.4766853318	2.5354307461442387	889.7220670460557	687.0006582433527	0.601148	21.34989	0.0637276022607906	0.0404256239103007	0.1667952208	0.0422330962	-0.0007842819	-0.1399969385	0.0634437204	0.1019361289	-0.0698815392	0.0777881414	-0.1588508883	-0.0655670796	0.0049047084	-0.059027386	-0.0538342911	0.0082912068	0.059484928	0.0443648986	0.0180592277	0.162797384	-0.0023750936	0.0612273873	-0.0434582607	-0.0603914376	-0.0328943671	-0.0238163903	0.0396098661	-0.0454364694	0.0065706511	-0.1675471134	0.0288776354	-0.0286436203	0.0263025295	0.1254870669	0.0416380768	-0.0564908322	-0.0340757504	-0.0169914979	-0.0059087649	0.0196865356	-0.0409686001	-0.0231641329	0.056064678	0.0147968825	0.0197111574	-0.0406993912	-0.0266610066	-0.0847497603	-0.0410246532	0.0076576023	0.0699554244	-0.011919523	0.005427033	0.0540487397	-0.0838433825	-0.1242524367	-0.0201956026	-0.0157176922112967	-0.0007493997679405	0.000247045848449	5.616000121892763e-07	0.1401907733697243	0.0003473151343912	1.206278025771824e-07	0.0196534529380014	-0.617867303317226	-0.0140839736661888	0.3817600045085009	0.0001983583142299	0.0190076726969925	0.0006072134243691	3.687081427340501e-07	0.0003612916213559	0.0068930593630005	0.0003525513363514	1.2429244476315816e-07	4.751426738184887e-05	0.0078163412260123	1.1173513124899948e-05	1.2484739555231138e-10	6.109519016145947e-05	0.0	0.0	0.0	0.0	0.0	0.0	0.0	0.0	0.0	0.0	0.0	0.0	0.0	0.0	0.0	0.0	0.0	0.0	0.0	0.0	0.0	0.0	0.0	0.0	0.0	0.0	0.0	0.0	0.0	0.0	0.0	0.0	0.0	0.0	0.0	0.0	0.0	0.0	0.0	0.0	0.0	0.0	0.0	0.0	0.0	0.0	0.0	0.0	0.0	0.0
926.966498406158	3.872631129234037	859266.8891673738	14.997271863112491	951.744803239955	-0.4834568207276106	905818.1704942606	0.233730497508049	868.9797852868065	3.7737539362780126	755125.8672371043	14.241218771573797	893.8045043844992	689.9759408964144	0.672001	23.866262	0.5854793061297769	0.3186404077785835	0.146054623	-0.0204264949	0.0032140178	-0.095113021	0.0903487476	0.04027827	-0.0635192637	0.0497115228	-0.1405254405	0.0284538672	0.0035249303	-0.0348803391	0.0145215974	-0.0136477066	0.0901694917	0.0919560101	-0.0132514614	0.1400347079	-0.0527892464	-0.0143904944	-0.0063916106	0.0110078678	0.0071145777	-0.0454980251	0.1166753998	-0.1095009544	0.0375009476	-0.1309344692	0.081698988	-0.0078120614	0.0799913209	0.1271547605	-0.0146391916	0.0086958876	-0.061392235	0.0110365728	-0.098943175	-0.0546674588	0.0248539795	0.029096004	0.0611020557	-0.0110995375	-0.0035288733	0.0041263808	0.0160866178	-0.0374157053	0.0298717031	0.0603543296	0.0502333562	0.0246479737	-0.021366693	0.0509612127	-0.0888661936	-0.1211199807	-0.0067565429	-0.0840873915105788	-0.0683696992992821	0.0070706894110533	0.0046744157822742	0.0889851382931539	-0.0512056350765704	0.0026220170635948	0.0079183548370517	-0.5425483342432216	0.0753189690740043	0.2943586949900945	0.0056729471023708	0.0143288667415927	-0.0046788059553998	2.1891225168284653e-05	0.0002053164220983	0.0071050422137766	0.0002119828507761	4.493672902316231e-08	5.048162485954749e-05	0.0048954299785898	-0.0029209112474225	8.531722515319265e-06	2.396523467527573e-05	0.0	0.0	0.0	0.0	0.0	0.0	0.0	0.0	0.0	0.0	0.0	0.0	0.0	0.0	0.0	1.0	0.0	0.0	0.0	0.0	0.0	0.0	0.0	0.0	0.0	0.0	0.0	0.0	0.0	0.0	0.0	0.0	0.0	0.0	0.0	0.0	0.0	0.0	0.0	0.0	0.0	0.0	0.0	0.0	0.0	0.0	0.0	0.0	0.0	0.0
924.8599509748176	-2.1065474313404597	855365.928917142	4.437542080487087	958.849305341588	7.104502101632988	919391.9903540458	50.473950112107545	867.4245950899447	-1.5551901968618722	752425.4281669544	2.418616548415269	892.5903684978498	691.3719761028157	0.56971	20.233383	0.1092600430847366	0.0578139388021265	0.1529951943	-0.0163571543	-0.0147464468	-0.077761438	0.1017796348	0.0766797835	-0.0536629976	0.0105227031	-0.1540597731	-0.005885673	-0.0143916362	-0.067815041	-0.0064735027	-0.0557591566	0.0848713698	0.0779320943	-0.0808257259	0.1488189686	-0.0546903944	0.0379492981	-0.0066136798	-0.0102415015	0.0299811742	-0.0489126452	0.0611364644	-0.1372214803	-0.0118735927	-0.1367031906	0.0778325145	-0.0209038603	0.0466223632	0.1285155523	0.0017919444	0.0083519686	-0.0856034843	0.0011551571	-0.0765460697	-0.0361663975	-0.007863793	0.0008599509	0.0764057808	-0.0041279028	-0.0311965256	-0.0293802491	-0.0292450735	-0.0720771237	-0.0162328576	0.0301368162	0.0769345534	-0.0280583922	0.0172196714	0.0478387595	-0.0936454286	-0.1172407796	0.0067565429	-0.0806046652080141	0.0034827263025647	0.006497112053296	1.2129382498575994e-05	0.1351528389414937	0.0461677006483398	0.0021314565831547	0.0182662898739453	-0.5347667157365095	0.0077816185067121	0.2859754402596127	6.055358658400436e-05	0.0150018308850452	0.0006729641434524	4.528807383727567e-07	0.0002250549299034	0.006916013490184	-0.0001890287235926	3.573185834304784e-08	4.783124259640707e-05	0.0050699970640871	0.0001745670854972	3.0473667339021584e-08	2.570487022985181e-05	0.0	0.0	0.0	0.0	0.0	0.0	0.0	0.0	0.0	0.0	0.0	0.0	0.0	0.0	0.0	0.0	0.0	0.0	0.0	0.0	0.0	0.0	0.0	0.0	0.0	0.0	0.0	0.0	0.0	0.0	0.0	0.0	0.0	0.0	0.0	0.0	0.0	0.0	0.0	0.0	0.0	0.0	0.0	0.0	0.0	0.0	0.0	0.0	0.0	0.0
927.8460238951972	2.98607292037957	860898.2440581268	8.916631485824173	948.6556207993452	-10.19368454224275	899947.4868741911	103.91120454675875	866.3174047351096	-1.1071903548350974	750505.8457469756	1.225870481839869	891.1910292545798	699.185017250968	0.524092	18.613235	0.3485884656391678	0.1748159233476393	0.1577053477	0.0088036085	0.0313066453	-0.135404333	0.0604214962	0.005717453	-0.0410264558	-0.0357767874	-0.1579865258	0.0118340311	0.0325470063	-0.0302315609	-0.1109536077	0.0397719828	0.1316562719	0.0152272271	-0.0217745573	0.1590081905	-0.0325673549	-0.0198074426	-0.0358337598	-0.0723277922	-0.1012204852	-0.088317047	0.0635401578	-0.0691957354	0.014394757	-0.1450547465	0.0549448092	-0.036174141	0.0529496986	0.1296498053	0.0526533524	-0.0025845766	-0.0485503816	-0.0515683872	-0.0865602728	-0.0210052869	0.0248883236	0.0532740979	0.0633188766	0.028471054	0.0513539269	-0.0184982164	-0.0206250454	-0.0379298768	-0.013140448	0.0212404211	0.0328131198	-0.0031464952	0.061251501	0.0446835199	-0.098167988	-0.1126387502	0.0201956026	-0.0406346219897955	0.0399700432182186	0.0016511725042535	0.0015976043548662	0.1652006792636342	0.0300478403221404	0.0009028727080248	0.0272912644291661	-0.6259473864224532	-0.0911806706859437	0.3918101305690999	0.0083139147067385	0.0168843702495666	0.0018825393645214	3.5439544589726365e-06	0.0002850819587244	0.0066690641310562	-0.0002469493591277	6.09839859736308e-08	4.44764163841404e-05	0.0066883065686952	0.0016183095046081	2.6189256527049147e-06	4.473344475685136e-05	0.0	0.0	0.0	0.0	0.0	0.0	0.0	0.0	0.0	0.0	0.0	0.0	0.0	0.0	0.0	0.0	0.0	0.0	0.0	0.0	0.0	0.0	0.0	0.0	0.0	0.0	0.0	0.0	0.0	0.0	0.0	0.0	0.0	0.0	0.0	0.0	0.0	0.0	0.0	0.0	0.0	0.0	0.0	0.0	0.0	0.0	0.0	0.0	0.0	0.0
925.1217782715884	-2.724245623608794	855850.304632386	7.42151421775167	954.7049296985972	6.049308899251969	911461.5027908034	36.594138158569066	864.7708215288512	-1.5465832062583331	747828.5737676843	2.391919613880306	889.1517503225514	696.2202159638172	0.565849	20.096241	0.2630884576078505	0.1376601728903533	0.1428201813	0.0208736704	-0.0224661723	-0.1006126476	0.0600738264	0.0688876844	-0.0768818036	-0.0376175076	-0.143072169	-0.0485461859	-0.0030675976	-0.0555825997	-0.1062159164	-0.0297953677	0.1203367229	-0.0047607515	-0.0490554884	0.1490031099	-0.0083396425	0.0569398305	-0.024651398	-0.0989061961	-0.0501273958	-0.1129101502	-0.0081278661	-0.0703128716	-0.0228009891	-0.1408214863	0.0387034555	-0.0415437224	0.0117174113	0.1373947981	0.0344282333	-0.0388818814	-0.046412594	-0.0285863014	-0.0564106628	0.0090323136	-0.0538647221	-0.0149548387	0.0756979787	0.0541186673	0.0251366747	-0.0629080878	-0.0555710632	-0.0499198576	-0.046004216	-0.0047909982	0.0461009705	-0.0308443796	0.0521432351	0.0414976565	-0.1024214758	-0.1073422654	0.033413395	-0.0428424813090799	-0.0022078593192844	0.0018354782047188	4.874642773750992e-06	0.2455611711918379	0.0803604919282037	0.0064578086629428	0.0603002887971071	-0.6590053667777056	-0.0330579803552524	0.4342880734418183	0.0010928300651682	0.0188002656729998	0.0019158954234331	3.670655273532277e-06	0.0003534499893753	0.0060175976750467	-0.0006514664560095	4.244085433055778e-07	3.621148177872746e-05	0.0070701872093547	0.0003818806406594	1.458328237105099e-07	4.998754717532279e-05	0.0	0.0	0.0	0.0	0.0	0.0	0.0	0.0	0.0	0.0	0.0	0.0	0.0	0.0	0.0	0.0	0.0	0.0	0.0	0.0	0.0	0.0	0.0	0.0	0.0	0.0	0.0	0.0	0.0	0.0	0.0	0.0	0.0	0.0	0.0	0.0	0.0	0.0	0.0	0.0	0.0	0.0	0.0	0.0	0.0	0.0	0.0	0.0	0.0	0.0
928.5237747887056	3.4019965171172544	862156.4003478669	11.573580302477929	951.0657783141112	-3.639151384486013	904526.114680226	13.243422799206463	866.1022404689414	1.3314189400902023	750133.0909453201	1.7726763940309178	890.7814260077743	705.2341751685509	0.7369139999999998	26.171646	0.2720671215867138	0.1326093136461991	0.1557321256	-0.0044637561	0.0546737771	-0.1688873719	0.0432661324	0.0081040286	-0.0464258016	-0.07423718	-0.1576475061	-0.0023309879	0.0618287687	-0.0171079378	-0.1045171521	0.0519789223	0.144752193	0.0461117032	-0.0319366923	0.1643929783	-0.0087566395	-0.0255834573	-0.0584272567	-0.0622962543	-0.0844944488	-0.1112386686	0.0824544022	0.0073551629	-0.0386909322	-0.1345245802	0.062286263	-0.0392060307	0.0815086623	0.1635283031	0.094261477	0.0066128099	-0.0166727638	-0.0538015823	-0.1197898622	-0.0054092306	0.0916594932	0.0200390203	0.0442838892	0.0010507772	0.0642865826	0.0263090655	-0.0180659605	-0.0342151881	0.012868576	0.0307361268	0.0773760046	0.0411783438	0.053284575	0.0382833527	-0.1063942335	-0.1013839798	0.0462651033	-0.087527257853452	-0.0446847765443721	0.0076610208673446	0.0019967292548204	0.1492156060619436	-0.0963455651298943	0.0092824679201987	0.0222652970924331	-0.628245355791023	0.0307600109866825	0.3946922270729891	0.0009461782759008	0.017943998064614	-0.0008562676083857	7.331942171707334e-07	0.0003219870665428	0.0059210578508168	-9.653982422990012e-05	9.319937662340012e-09	3.5058926072719264e-05	0.0060174592634551	-0.0010527279458995	1.1082361280779908e-06	3.620981598734159e-05	0.0	0.0	0.0	0.0	0.0	0.0	0.0	0.0	0.0	0.0	0.0	0.0	0.0	0.0	0.0	0.0	0.0	0.0	0.0	0.0	0.0	0.0	0.0	0.0	0.0	0.0	0.0	0.0	0.0	0.0	0.0	0.0	0.0	0.0	0.0	0.0	0.0	0.0	0.0	0.0	0.0	0.0	0.0	0.0	0.0	0.0	0.0	0.0	0.0	0.0
912.839386686934	-15.684388101771674	833275.7458869778	246.00003012699685	953.095140916141	2.029362602029778	908390.3476379586	4.1183125705170704	860.9811234363685	-5.121117032572897	741288.4949137513	26.225839661308235	884.831997361644	668.1495233068933	1.516926	53.873943	1.048747581647827	0.6391590911548621	0.0467893276	-0.0350006477	-0.1763781536	0.03240053	0.0565294417	0.1584933995	0.0595254639	0.0429862514	0.0151088939	-0.1845162873	-0.0470858704	-0.1967462403	-0.0452658081	-0.1425129734	0.0949984896	-0.0208127008	-0.0539715278	0.0040553008	0.0047106307	0.2736577498	-0.0654102243	-0.0983637816	0.04182181	-0.1273143348	-0.0519455712	0.0760986344	-0.0881614244	-0.0488813645	0.0980269737	-0.0025364438	-0.0429551984	0.0558569112	-0.2282336655	0.0032423805	0.0293965983	0.0748319833	-0.1626070655	-0.06173072	-0.1549283798	0.0119155507	0.0232060271	0.0134331601	-0.0887837224	0.0878304097	0.0346763322	-0.0613892733	-0.0419066969	-0.0498153808	0.0149933184	-0.0430952453	-0.0633406028	0.0350428114	-0.1100753719	-0.0948006283	0.0586099215	-0.0120746634892867	0.0754525943641652	0.0001457974983795	0.0056930939962832	0.0637314891287559	-0.0854841169331876	0.0073075342478469	0.0040617027065687	-0.296891650734139	0.331353705056884	0.0881446522756419	0.1097952778549245	0.0085542132466469	-0.0093897848179671	8.816805892772545e-05	7.31745642691093e-05	0.0050571365733083	-0.0008639212775084	7.463599737319183e-07	2.557463032109242e-05	0.0051420220530589	-0.0008754372103962	7.663903093462809e-07	2.6440390794144065e-05	0.0	0.0	0.0	0.0	0.0	0.0	0.0	0.0	0.0	0.0	0.0	0.0	0.0	0.0	0.0	0.0	1.0	0.0	0.0	0.0	0.0	0.0	0.0	0.0	0.0	0.0	0.0	0.0	0.0	0.0	0.0	0.0	0.0	0.0	0.0	0.0	0.0	0.0	0.0	0.0	0.0	0.0	0.0	0.0	0.0	0.0	0.0	0.0	0.0	0.0
911.3638797857336	-1.4755069012003332	830584.1213781051	2.1771206154898097	955.073706560594	1.978565644453056	912165.7849633916	3.9147220094099366	862.882775291402	1.901651855033492	744566.6838945922	3.616279777752322	886.3600358931662	681.7886201498392	1.848284	65.642174	4.013454542472139	2.711821407309792	-0.1477239879	0.0707403172	0.0485863633	0.1986705389	-0.1230527397	0.023395151	-0.078139653	0.2404406103	0.1710631029	-0.1911206829	0.1057656262	0.025154943	-0.1421725631	0.0312687586	-0.0022067665	-0.0014681334	-0.0312207214	-0.1712453518	0.1771665521	0.0702909993	-0.1155055365	-0.1794114692	-0.0217707249	0.0095912587	-0.0323265433	-0.0114290124	-0.0309588053	0.1162913989	-0.0985938078	-0.1782922483	0.0199050179	0.0049959607	-0.1226793887	0.2805431598	-0.0269348868	0.0571042197	-0.0589084188	0.2026200065	-0.0102589854	-0.2069415209	-0.1584361568	-0.008197242	0.2153754128	0.1127488851	0.1112746594	-0.0600165875	0.0181635752	0.0193001437	-0.0095077013	-0.1139655079	-0.018086509	0.0317782535	-0.1134548014	-0.0876327994	0.0703125971	0.1250331514380036	0.1371078149272903	0.0156332889585187	0.018798552914136	-0.1322018352807674	-0.1959333244095233	0.0383898676141674	0.0174773252516031	0.9452265596028157	1.2421182103369546	0.8934532489785753	1.5428576484506789	-0.0357545318922501	-0.044308745138897	0.0019632648957837	0.0012783865508339	0.0011019847316491	-0.0039551518416592	1.5643226090580162e-05	1.2143703487877387e-06	0.0056440289284701	0.0005020068754112	2.520109029601164e-07	3.185506254540734e-05	0.0	0.0	0.0	0.0	0.0	0.0	0.0	0.0	0.0	0.0	0.0	0.0	0.0	0.0	0.0	0.0	0.0	1.0	0.0	0.0	0.0	0.0	0.0	0.0	0.0	0.0	0.0	0.0	0.0	0.0	0.0	0.0	0.0	0.0	0.0	0.0	0.0	0.0	0.0	0.0	0.0	0.0	0.0	0.0	0.0	0.0	0.0	0.0	0.0	0.0
926.7960315454724	15.432151759738758	858950.8840884363	238.1513079356081	942.4001943006872	-12.673512259906827	888118.126217973	160.6179130020087	868.3855524998086	5.502777208406542	754093.4677903978	30.28055700535849	890.4181494477702	690.3213020618145	1.41207	50.149975	1.6653927319129749	0.8495950835454423	-0.1229543874	0.0695106875	-0.0157768138	0.0139950321	-0.0814694789	-0.1225314888	0.0485626922	-0.1438189724	0.1010676644	0.0450044625	0.0654981296	0.071019364	-0.0855284374	0.0794637242	-0.0641389881	-0.164561328	0.0324926496	-0.1042756098	0.0261133886	-0.0903422736	-0.0221600854	-0.0562412069	-0.0902846181	0.0352657894	-0.1014853659	0.0539308485	0.101853477	0.0901676665	-0.080192163	-0.0770646394	-0.1873229765	-0.00970913	-0.0416316591	0.2043464501	0.0256259032	-0.0273903	-0.0339498183	-0.0426151622	0.1425115714	-0.0612903045	-0.0239660419	0.183529841	0.2182202578	0.0219101023	0.0448293702	-0.2445357183	-0.0413308206	0.0601268879	-0.025513596	0.0806255899	-0.1778908456	0.0284919163	-0.1165232592	-0.0799246852	0.0812449131	0.2910841589734758	0.1660510075354722	0.0847299876052957	0.0275729371035454	0.0342157227187982	0.1664175579995656	0.0276948036105387	0.0011707156811696	0.5185044424265186	-0.426722117176297	0.2688468568160349	0.1820917652874213	-0.0252107162531303	0.0105438156391198	0.0001111720482317	0.0006355802139958	0.0015720650111183	0.0004700802794692	2.2097546914584122e-07	2.4713883991823807e-06	0.0127541739939139	0.0071101450654438	5.0554162851654814e-05	0.000162668954267	0.0	0.0	0.0	0.0	0.0	0.0	0.0	0.0	0.0	0.0	0.0	0.0	0.0	0.0	0.0	0.0	0.0	0.0	1.0	0.0	0.0	0.0	0.0	0.0	0.0	0.0	0.0	0.0	0.0	0.0	0.0	0.0	0.0	0.0	0.0	0.0	0.0	0.0	0.0	0.0	0.0	0.0	0.0	0.0	0.0	0.0	0.0	0.0	0.0	0.0
917.9780052744276	-8.8180262710448	842683.618167617	77.75758731683626	939.5079669442406	-2.892227356446597	882675.2199517003	8.36497908137807	863.862880822384	-4.522671677424569	746259.0768627485	20.45455910177836	888.3838897644886	686.3111067476806	1.439518	51.124794	1.3760187387620242	0.8981108118425174	-0.0395245599	-0.0366429368	-0.0050116035	0.014576942	-0.0551696379	0.1132143122	0.2073116305	-0.0293887618	0.0723439915	-0.1107186068	-0.0600860629	-0.1267478781	0.0091641059	-0.0148425621	-0.1059768658	-0.2411507969	0.0577072705	-0.037867992	0.0291637686	0.1789102184	-0.0255945915	0.0887721696	-0.0644385672	0.0555393832	-0.2589955673	-0.0466722357	0.1075402003	0.0440707074	-0.0019610275	0.0571042157	-0.228268166	-0.1919625774	0.0444136214	0.1734563664	-0.0659757147	-0.1151232647	-0.0249224678	0.0330134807	-0.1027713101	0.0179726385	-0.1337394258	0.0397379418	0.0365526917	0.0408644128	-0.0405843706	-0.1222243411	-0.0237260711	-0.0317576754	-0.0226286156	0.2923727255	-0.044969502	0.0251860523	-0.1192723348	-0.0717238087	0.0912870929	0.3071671442991714	0.0160829853256956	0.094351654536908	0.0002586624169865	0.0828969409524376	0.0486812182336394	0.0023698610087112	0.0068719028192719	0.0827077043995245	-0.4357967380269941	0.0068405643670391	0.1899187968749685	-0.0107196926026804	0.0144910236504499	0.0002099897664378	0.0001149118094959	0.0023870399200069	0.0008149749088886	6.641841021179822e-07	5.697959579706549e-06	0.0149573313780893	0.0022031573841754	4.853902459446594e-06	0.0002237217619539	0.0	0.0	0.0	0.0	0.0	0.0	0.0	0.0	0.0	0.0	0.0	0.0	0.0	0.0	0.0	0.0	0.0	0.0	0.0	1.0	0.0	0.0	0.0	0.0	0.0	0.0	0.0	0.0	0.0	0.0	0.0	0.0	0.0	0.0	0.0	0.0	0.0	0.0	0.0	0.0	0.0	0.0	0.0	0.0	0.0	0.0	0.0	0.0	0.0	0.0
926.3396555697434	8.361650295315826	858105.1574810708	69.91719566115525	945.7529620410288	6.244995096788216	894448.6652093796	38.99996375890886	867.91345057088	4.0505697484959455	753273.7576818513	16.407115287430507	891.5413690049111	686.7667554068398	1.391793	49.429829	1.7309114363844578	1.1941461251844936	0.0831633916	-0.0801819908	0.0511642901	-0.1007580191	0.0400852191	0.0742374685	0.0743370187	-0.0673332932	-0.0613064269	0.0253098564	-0.0628756267	-0.0708255672	-0.038321302	0.0062965907	-0.207297408	-0.0610885412	0.1380203494	0.0588348138	-0.0751049039	0.0529735245	0.0183877185	-0.0533130677	0.0115306035	0.174225355	-0.0656582921	0.0770411353	0.0765003631	-0.0869722899	0.0482531587	-0.0771452922	-0.1242955584	-0.2403451649	-0.025461598	0.1274207294	-0.0462612519	0.0960506832	0.0101293933	0.0455987184	0.0596898586	0.2687995105	-0.1399189736	-0.1036200127	-0.1506180315	-0.0024461682	-0.0397530119	-0.1532032737	0.1368069685	0.0196500364	0.2509838244	0.0155556633	-0.1185509236	0.0218629269	-0.1216944932	-0.063080731	0.1003291122	0.295644367155802	-0.0115227771433694	0.0874055918309546	0.0001327743930957	0.1067958332427565	0.0238988922903189	0.0005711570527042	0.0114053499980146	-0.4804255536097201	-0.5631332580092446	0.230808712561206	0.3171190662761065	0.0085472950106815	0.0192669876133619	0.0003712168116934	7.305625199962088e-05	0.0047446980265986	0.0023576581065917	5.55855174757756e-06	2.251215936360865e-05	0.0159798158369662	0.0010224844588768	1.0454744686447849e-06	0.0002553545141833	0.0	0.0	0.0	0.0	0.0	0.0	0.0	0.0	0.0	0.0	0.0	0.0	0.0	0.0	0.0	0.0	0.0	0.0	0.0	0.0	1.0	0.0	0.0	0.0	0.0	0.0	0.0	0.0	0.0	0.0	0.0	0.0	0.0	0.0	0.0	0.0	0.0	0.0	0.0	0.0	0.0	0.0	0.0	0.0	0.0	0.0	0.0	0.0	0.0	0.0
923.317786562188	-3.0218690075554377	852515.7349820981	9.131692298824088	944.9239293062752	-0.8290327347535822	892881.2321756106	0.6872952752930034	868.8579018332741	0.944451262394182	754914.0535781194	0.8919881870379638	892.8800178241918	678.5374861337089	0.9137360000000002	32.451508	0.2276061565026937	0.1347983588508189	0.0538824444	-0.0425851899	0.0042201334	-0.0468702817	0.0071499188	-0.0408253394	0.0385456807	0.0559539847	-0.0400804432	0.029481981	-0.0322941217	-0.016501708	0.053274561	-0.0230667534	-0.2303028397	-0.0647112969	0.0895222849	0.0359921293	-0.0491312936	0.0035562177	0.0256369749	0.0194066428	0.0963296189	0.1956370652	-0.0766989609	-0.0636518034	0.1479940622	-0.0602253992	0.0212310012	-0.0509497463	-0.1278607454	-0.2597600943	-0.0063680837	0.097979059	-0.0035882471	-0.0298423298	-0.0128879187	0.0455727359	-0.0361605198	0.2320623819	-0.0524746641	-0.0001307818	-0.1632223734	-0.0041644344	-0.0180556731	-0.0213814323	0.1748402824	-0.0060802644	0.0930757323	0.1041704514	-0.0501018101	0.0185248178	-0.1237830955	-0.0540487397	0.1082719048	0.3593238103973561	0.0636794432415541	0.1291136007184751	0.0040550714915543	0.1002326872240217	-0.0065631460187347	4.307488566323442e-05	0.0100465915881485	-0.4845759085714149	-0.0041503549616948	0.2348138111678122	1.7225446308064662e-05	0.0083951360713934	-0.000152158939288	2.3152342805279667e-08	7.047830965721062e-05	0.0038529390335821	-0.0008917589930165	7.95234101625803e-07	1.4845139196500566e-05	0.0180001621502758	0.0020203463133095	4.081799225703692e-06	0.0003240058374362	0.0	0.0	0.0	0.0	0.0	0.0	0.0	0.0	0.0	0.0	0.0	0.0	0.0	0.0	0.0	0.0	0.0	0.0	0.0	0.0	0.0	0.0	0.0	0.0	0.0	0.0	0.0	0.0	0.0	0.0	0.0	0.0	0.0	0.0	0.0	0.0	0.0	0.0	0.0	0.0	0.0	0.0	0.0	0.0	0.0	0.0	0.0	0.0	0.0	0.0
925.2877721155638	1.969985553375864	856157.4612265836	3.880843080509608	949.7354575172463	4.811528210971119	901997.4392654932	23.15080372497093	870.6228522370418	1.7649504037676709	757984.1508373619	3.115049927759664	894.7171641844499	690.5683601045941	1.09876	39.022694	1.163902139180928	0.8150224023158885	0.103131914	0.0370678074	0.0358314428	-0.1121060262	0.0088784924	-0.0083064397	-0.0660273307	0.065296774	-0.0731916063	-0.0062169491	-0.0227145708	0.0342604927	0.032596233	0.0328599007	-0.2554712689	0.1523569399	0.0598679637	0.0691836963	0.007275384	-0.0140356859	0.0288418354	0.0022761028	0.0725564799	0.2357993392	0.0867611956	-0.0400824312	-0.03468048	-0.1147361341	-0.0291201098	-0.0845462716	-0.0293630608	-0.1076573859	0.0634584474	-0.0980658802	0.198596929	-0.0105950782	0.2362988674	0.143793458	0.0219153065	0.0270084005	-0.0426064067	0.0806773177	-0.1577392495	-0.0185282631	-0.1432999879	-0.0355935394	-0.0493830968	-0.1847205551	-0.1334035474	-0.0245269269	0.0815412498	0.0151740128	-0.1255324169	-0.0446835199	0.1150284477	0.3331371745748299	-0.0261866358225262	0.1109803770837006	0.0006857398957016	0.2266334222012886	0.1264007349772669	0.0159771458027932	0.0513627080586675	-0.6943233427321047	-0.2097474341606898	0.4820849042626837	0.0439939861369929	0.0230043290817579	0.0146091930103644	0.000213428520414	0.0005291991565018	0.0049389654207279	0.0010860263871457	1.1794533135769584e-06	2.439337942714592e-05	0.0183362894371744	0.0003361272868986	1.129815529978142e-07	0.0003362195103238	0.0	0.0	0.0	0.0	0.0	0.0	0.0	0.0	0.0	0.0	0.0	0.0	0.0	0.0	0.0	0.0	0.0	0.0	0.0	0.0	0.0	1.0	0.0	0.0	0.0	0.0	0.0	0.0	0.0	0.0	0.0	0.0	0.0	0.0	0.0	0.0	0.0	0.0	0.0	0.0	0.0	0.0	0.0	0.0	0.0	0.0	0.0	0.0	0.0	0.0
924.6619493315172	-0.6258227840465906	854999.7205415614	0.3916541570318256	951.5818673200148	1.8464098027684488	905508.0502122462	3.409229159759421	865.865729673661	-4.75712256338079	749723.4618233014	22.630215083026616	891.0716908772787	693.1703124279743	0.957552	34.007652	0.3687189909335254	0.171975655535009	0.0914263086	0.0827521316	0.0330177879	-0.0913643904	-0.0314221956	0.0318668836	-0.0475501983	0.0635841265	-0.1129582307	-0.0283352359	-0.0045028828	0.0543091706	-0.0401348579	0.0581737069	-0.0712782187	-0.0528814927	0.074169815	0.1052705234	0.0476739441	-0.0330854967	0.0160562694	-0.0169451285	-0.0547591364	0.1001452329	-0.0625594169	0.002278365	0.0124178665	-0.1036377005	-0.0634247163	-0.0331245725	-0.0046877292	-0.1191798408	0.0477682101	-0.0639429259	0.1275393289	-0.1082734851	0.2577120169	0.0364135489	-0.0491979829	0.0036083285	0.120041953	-0.0060387781	-0.0768122433	0.0251035055	-0.0504901333	0.0362148108	-0.0129812693	0.1949031463	-0.0975790839	-0.0055636179	0.0636006909	0.0118128082	-0.1269376627	-0.0350428114	0.1205247148	0.2811930284135684	-0.0519441461612614	0.0790695192283938	0.0026981943204224	0.1235214009343224	-0.1031120212669662	0.0106320889297592	0.0152575364887776	-0.6921323182484969	0.0021910244836078	0.4790471459640385	4.800588287769097e-06	0.0238095003242732	0.0008051712425152	6.483007297736318e-07	0.0005668923056915	0.0066097687311441	0.0016708033104162	2.791583702097736e-06	4.368904267921029e-05	0.0200897508646767	0.0017534614275022	3.0746269777384e-06	0.0004035980898047	0.0	0.0	0.0	0.0	0.0	0.0	0.0	0.0	0.0	0.0	0.0	0.0	0.0	0.0	0.0	0.0	0.0	0.0	0.0	0.0	0.0	0.0	0.0	0.0	0.0	0.0	0.0	0.0	0.0	0.0	0.0	0.0	0.0	0.0	0.0	0.0	0.0	0.0	0.0	0.0	0.0	0.0	0.0	0.0	0.0	0.0	0.0	0.0	0.0	0.0
926.8063376122476	2.144388280730368	858969.9874382275	4.598401098533744	948.4626069502395	-3.1192603697752475	899581.3167828446	9.729785254450414	870.5668897985774	4.701160124916441	757886.7096135685	22.10090652010437	894.9354212984766	694.930684009632	0.936701	33.267117	0.245818426345346	0.1381908179772963	0.0755947298	0.0344313713	0.0566181011	-0.0778343858	0.0073726527	-0.0012504583	-0.1135737323	0.0557685478	-0.0853147407	0.0456524363	-0.032074228	0.0487896493	-0.0001171123	-0.0180115124	-0.193873252	0.1032386569	0.0849572841	0.0781427862	-0.0262521125	-0.0493147033	0.0592596454	-0.0293342076	0.0902623805	0.1519715605	0.0533639576	-0.1024200291	0.0851719018	-0.1059473429	-0.0471095431	-0.0748614418	-0.0099982556	-0.0760558617	0.0643536683	-0.0930346493	0.2228768389	0.0228433961	0.3362718276	0.1448423956	0.0024081829	0.0080655288	0.0186641596	0.0272837893	-0.1381944172	-0.027618058	-0.0241974474	-0.0863418537	-0.0813169351	-0.1646518794	-0.0836001234	-0.0388767888	0.0897918158	0.0084435077	-0.1279949812	-0.0251860523	0.124700488	0.2789487655226992	-0.0022442628908692	0.0778124137866378	5.036715923332617e-06	0.2457431802964294	0.1222217793621069	0.0149381633504395	0.0603897106622034	-0.6980378522482766	-0.0059055339997797	0.4872568431713869	3.4875331822554935e-05	0.0245731495202972	0.000763649196024	5.831600945881028e-07	0.0006038396773468	0.0074331499913431	0.0008233812601989	6.779566996468921e-07	5.525171879380392e-05	0.0208116574103055	0.0007219065456288	5.211490606217073e-07	0.0004331250841639	0.0	0.0	0.0	0.0	0.0	0.0	0.0	0.0	0.0	0.0	0.0	0.0	0.0	0.0	0.0	0.0	0.0	0.0	0.0	0.0	0.0	0.0	0.0	0.0	0.0	0.0	0.0	0.0	0.0	0.0	0.0	0.0	0.0	0.0	0.0	0.0	0.0	0.0	0.0	0.0	0.0	0.0	0.0	0.0	0.0	0.0	0.0	0.0	0.0	0.0
918.7985340381877	-8.007803574059949	844190.7461507227	64.1249180807273	933.2699548649916	-15.192652085247914	870992.8086537035	230.8166773833878	871.1082021131873	0.5413123146098542	758829.4997888696	0.2930190219482778	896.2998183311247	673.1714471403535	1.631996	57.960667	2.174266053390968	1.2492282895029485	0.0333438626	0.1915817761	0.0411347072	-0.0634066513	-0.1646766701	0.001723621	-0.008332457	0.1351263954	-0.0557300618	-0.063143278	-0.0413612686	0.1997099554	0.2007183467	-0.0665292729	-0.1410674549	0.1695445197	0.0032769503	0.0585331397	0.1499428002	-0.0799581213	0.1089380001	0.1152833261	0.2036888962	0.1447793174	0.1036314176	-0.0237451238	-0.0647196629	-0.0802315474	-0.1975410735	0.1388365734	0.1765282457	-0.2115460619	-0.0786368641	-0.0647796786	-0.0513979009	-0.0636361402	0.0238553565	-0.2575505566	-0.0440944302	-0.1099428366	-0.0583421372	-0.1217022507	0.10174622	-0.0488914632	0.2627841225	0.0497681775	0.1248985994	0.1477084277	0.1176184212	-0.2021952123	0.117287022	0.0050684204	-0.1287014744	-0.0151740128	0.1275100165	0.2636426148417143	-0.0153061506809848	0.0695074283605765	0.000234278248669	0.4688955591637125	0.2231523788672831	0.0497969841941274	0.2198630454034506	-1.1288842113325614	-0.4308463590842848	1.274379562595939	0.1856285851361845	0.0447215146863198	0.0201483651660225	0.0004059566188633	0.0020000138758387	0.012815100553386	0.0053819505620429	2.8965391852273887e-05	0.0001642268021933	0.0253805649774083	0.0045689075671028	2.0874916356729253e-05	0.0006441730785724	0.0	0.0	0.0	0.0	0.0	0.0	0.0	0.0	0.0	0.0	0.0	0.0	0.0	0.0	0.0	0.0	0.0	0.0	0.0	0.0	0.0	0.0	1.0	0.0	0.0	0.0	0.0	0.0	0.0	0.0	0.0	0.0	0.0	0.0	0.0	0.0	0.0	0.0	0.0	0.0	0.0	0.0	0.0	0.0	0.0	0.0	0.0	0.0	0.0	0.0
926.4335236230874	7.634989584899699	858279.0736926895	58.293065961526885	952.001582099792	18.731627234800385	906307.0123205072	350.8738588635155	869.0963552002388	-2.0118469129484997	755328.4746223397	4.047528001140407	894.6471936428413	691.5128113489884	1.308776	46.481453	0.6775762456108361	0.4147132037001061	0.0235004366	0.1546678944	-0.0212079856	-0.0657887502	-0.1171204843	-0.0118584033	-0.22239929	-0.0667557396	-0.0977252639	-0.0124090659	-0.0277271991	0.2415101923	0.0856536191	-0.0065928511	0.0363432695	-0.0325003079	0.102540265	0.101150428	0.1461036546	-0.1528929535	0.1219354618	0.0611768734	0.0699022895	-0.0304693694	0.0173459252	-0.021778992	0.074151095	-0.0773038551	-0.1927375784	0.1677364903	0.1484243285	-0.1164580767	-0.091054297	-0.0353275154	-0.1101951544	0.0380938925	0.1144986616	-0.1127210423	0.1468646715	-0.0811588176	0.0785583579	-0.1242802141	-0.034750609	-0.0485493823	0.233062534	0.1204852793	-0.165889455	-0.0995661189	0.1762366104	0.165292034	-0.3813084686	0.0016898595	-0.1290552057	-0.0050684204	0.1289225186	0.218684263228269	-0.0449583516134453	0.0478228069836908	0.0020212533797981	0.3720701245031819	-0.0968254346605306	0.0093751647972006	0.1384361775478132	-1.1713305968435463	-0.0424463855109848	1.3720153671018585	0.0018016956429471	0.0516099190724455	0.0068884043861257	4.74501149867958e-05	0.0026635837466643	0.0133891430369745	0.0005740424835885	3.295247729644546e-07	0.0001792691512645	0.022976090370605	-0.0024044746068033	5.781498134761895e-06	0.0005279007287182	0.0	0.0	0.0	0.0	0.0	0.0	0.0	0.0	0.0	0.0	0.0	0.0	0.0	0.0	0.0	0.0	0.0	0.0	0.0	0.0	0.0	0.0	0.0	1.0	0.0	0.0	0.0	0.0	0.0	0.0	0.0	0.0	0.0	0.0	0.0	0.0	0.0	0.0	0.0	0.0	0.0	0.0	0.0	0.0	0.0	0.0	0.0	0.0	0.0	0.0
919.96059233364	-6.472931289447388	846327.4914468616	41.89883947790703	933.256581433954	-18.74500066583801	870967.8467897904	351.37504996226727	869.3601724281243	0.2638172278855109	755787.1094042581	0.0695995297291955	893.8393528804742	686.6669296157944	1.272311	45.186375	1.190141507284551	0.5287238354323758	0.0003413159	0.1809335905	0.0298253161	-0.07027414	-0.2084184959	-0.0030294608	-0.0153351787	0.0203883148	-0.1018586042	-0.035373165	-0.0719223073	0.2363182079	0.1559619403	0.0100148332	0.0714508895	-0.0241140614	-0.037248276	0.1050521151	0.1659151811	-0.1195814308	0.1571170367	0.107400715	0.0518451734	-0.0389684923	0.010290667	0.0989459648	-0.0213116544	-0.0804283562	-0.206115938	0.1630175754	0.1286156871	-0.0699098088	-0.1057162451	0.015293013	-0.1136047713	0.1041544489	-0.1257578297	-0.1464268735	0.1561978672	-0.0814282327	0.0320852167	0.0361653139	-0.0560364869	-0.1011511513	0.2285105418	0.0819181378	0.035274383	-0.4399554592	-0.1962164353	-0.0957821227	0.3032030605	-0.0016898595	-0.1290552057	0.0050684204	0.1289225186	0.0558127818461144	-0.1628714813821546	0.0031150666174019	0.0265271194476175	0.6399352435615953	0.2678651190584133	0.0717517220081779	0.4095171159522382	-1.219537219937834	-0.0482066230942876	1.487271030813701	0.0023238785101547	0.0556241319877572	0.0040142129153117	1.6113905329455293e-05	0.0030940440593914	0.0080010477242782	-0.0053880953126963	2.903157109869984e-05	6.401676468617737e-05	0.0181544329236191	-0.0048216574469859	2.3248380536074584e-05	0.0003295834347781	0.0	0.0	0.0	0.0	0.0	0.0	0.0	0.0	0.0	0.0	0.0	0.0	0.0	0.0	0.0	0.0	0.0	0.0	0.0	0.0	0.0	0.0	0.0	0.0	1.0	0.0	0.0	0.0	0.0	0.0	0.0	0.0	0.0	0.0	0.0	0.0	0.0	0.0	0.0	0.0	0.0	0.0	0.0	0.0	0.0	0.0	0.0	0.0	0.0	0.0
917.7815304223236	-2.179061911316353	842322.9375843426	4.748310813349677	945.9304376693972	12.673856235443168	894784.3929094173	160.62663187668167	862.9112108743977	-6.448961553726576	744615.7578527193	41.589105121443495	888.8849876047669	687.2077005212957	1.550555	55.068283	2.149822044922216	1.2528342505755408	0.0672614274	0.1470745611	0.057153743	-0.0685550034	-0.0787019216	0.0043984968	-0.1155130351	0.12645714	-0.0739875872	-0.1385647356	0.0332287744	0.075790878	0.0045869411	-0.0450182253	-0.0588003328	-0.0270286621	0.0688444753	0.0784544133	0.1253325294	0.0217424675	-0.0222220798	-0.0331588646	0.106308764	0.0420871848	-0.018784698	0.06855389	0.0207983648	-0.0811636283	-0.1359886295	0.0532195136	0.0690388567	-0.1183027476	0.0411656241	-0.0507319119	0.1194831001	-0.1262341674	0.2026621295	-0.0106106838	-0.0617574312	-0.0321810159	0.0763279623	-0.0763094719	0.1701002153	0.0994654659	-0.0940371622	0.1080687514	-0.2300018603	0.2074249556	-0.066018862	0.0015002408	-0.0108693714	-0.0050684204	-0.1287014744	0.0151740128	0.1275100165	0.2833562029027661	0.2275434210566516	0.0802907377234735	0.0517760084661646	0.2741675855958334	-0.3657676579657619	0.1337859796137585	0.0751678649914486	-0.8728874339094119	0.3466497860284221	0.7619324722769579	0.1201660741535508	0.035076283686568	-0.0205478483011892	0.0004222140698086	0.0012303456772605	0.0076137911825782	-0.0003872565417	1.499676290894444e-07	5.7969816171905546e-05	0.0214165516781575	0.0032621187545384	1.0641418768711174e-05	0.0004586686857831	0.0	0.0	0.0	0.0	0.0	0.0	0.0	0.0	0.0	0.0	0.0	0.0	0.0	0.0	0.0	0.0	0.0	0.0	0.0	0.0	0.0	0.0	0.0	0.0	0.0	1.0	0.0	0.0	0.0	0.0	0.0	0.0	0.0	0.0	0.0	0.0	0.0	0.0	0.0	0.0	0.0	0.0	0.0	0.0	0.0	0.0	0.0	0.0	0.0	0.0
930.9016093298226	13.120078907498964	866577.8062528536	172.13647053899922	956.4586595749472	10.528221905550026	914813.1674759048	110.84345649250342	870.7447109936393	7.833500119241535	758196.3517233963	61.36372411815714	894.1786844277366	692.2426766115469	1.637828	58.167805	2.340576589120236	1.2114211285202785	0.0841694836	-0.0673213316	0.0167758388	-0.0563652156	0.0817763049	-0.0011349976	-0.0202829986	0.0265224681	-0.0856302111	0.1094853225	-0.0426021384	-0.0029478919	-0.0494073811	0.1394821453	-0.1097780413	0.1313141324	-0.1153280776	0.0676413758	-0.1034123189	-0.0491635321	0.0511249723	-0.0295804052	-0.063751161	0.1565672514	0.0892591875	0.0292362757	-0.1082351538	-0.0739818398	0.0852452143	-0.1331161221	-0.0246261674	0.0433779987	0.0061243433	-0.0438234152	0.1009974156	0.0669218603	-0.0014924811	0.1066645754	0.1279591668	-0.079751661	-0.148529642	0.0738234692	-0.1005431367	0.0469873409	0.087990315	0.0934873817	0.0454083509	-0.094691715	-0.0803707574	-0.0309082203	0.0222733187	-0.0084435077	-0.1279949812	0.0251860523	0.124700488	0.1042347338938896	-0.1791214690088765	0.0108648797499299	0.0320845006598979	0.1383389190059176	-0.1358286665899157	0.0184494266675945	0.0191376565117258	-0.5384514150607487	0.3344360188486632	0.2899299263809226	0.1118474507033434	0.0181232152162767	-0.0169530684702912	0.0002874065305583	0.0003284509297754	0.0028298321465212	-0.004783959036057	2.2886264058671424e-05	8.007949977484784e-06	0.0093297704910502	-0.0120867811871073	0.000146090279465	8.704461741567108e-05	0.0	0.0	0.0	0.0	0.0	0.0	0.0	0.0	0.0	0.0	0.0	0.0	0.0	0.0	0.0	0.0	0.0	0.0	0.0	0.0	0.0	0.0	0.0	0.0	0.0	0.0	1.0	0.0	0.0	0.0	0.0	0.0	0.0	0.0	0.0	0.0	0.0	0.0	0.0	0.0	0.0	0.0	0.0	0.0	0.0	0.0	0.0	0.0	0.0	0.0
913.6629873466844	-17.23862198313816	834780.0544472676	297.17008787753423	947.69959675182	-8.759062823127238	898134.5256835622	76.72118153948969	863.5898340670608	-7.154876926578481	745787.4015039736	51.19226383448513	887.3644390219062	675.7868978540381	1.484774	52.732052	0.8329630252532618	0.4268786924150879	0.0357268094	-0.0239061274	-0.2254577351	0.0157310299	0.0220507418	0.0386245797	0.0895939671	0.0409440562	0.0289528302	-0.0575250555	-0.0299002307	-0.1208047619	-0.093828069	-0.1078148432	0.0065871334	0.1545743546	-0.1382988651	-0.0218883221	-0.0335926712	0.1401812046	-0.0339541037	-0.1058876114	0.0209891444	-0.0210523914	0.0893132777	0.0100466355	-0.1375709203	-0.0091263943	0.0999716885	-0.0512433319	-0.0028003333	0.0968360099	-0.2317647196	-0.0844008516	0.027171501	-0.0219804681	-0.089731161	-0.0377772246	-0.2089277601	-0.0273500471	-0.1136031271	0.0170454469	-0.0474144687	0.1420766733	0.1952843688	0.1062133281	0.0596298604	0.0702984572	-0.1846617975	0.0486152929	-0.0719829105	-0.0118128082	-0.1269376627	0.0350428114	0.1205247148	-0.0707461349696245	-0.1749808688635141	0.0050050156131403	0.0306183044682303	0.0749754712504255	-0.0633634477554921	0.0040149265114629	0.0056213212892233	-0.4185492616719131	0.1199021533888355	0.1751834844461035	0.0143765263872798	0.0127575269498229	-0.0053656882664537	2.879061057275997e-05	0.0001627544938754	0.0025197734353044	-0.0003100587112168	9.613640440142305e-08	6.349258165265737e-06	0.0055111863638124	-0.0038185841272378	1.458158473679247e-05	3.037317513667174e-05	0.0	0.0	0.0	0.0	0.0	0.0	0.0	0.0	0.0	0.0	0.0	0.0	0.0	0.0	0.0	0.0	0.0	0.0	0.0	0.0	0.0	0.0	0.0	0.0	0.0	0.0	0.0	1.0	0.0	0.0	0.0	0.0	0.0	0.0	0.0	0.0	0.0	0.0	0.0	0.0	0.0	0.0	0.0	0.0	0.0	0.0	0.0	0.0	0.0	0.0
920.06636555391	6.403378207225615	846522.1170235812	41.003252464771926	970.293852148209	22.59425539638903	941470.1595166104	510.5003769172548	864.9946909205798	1.4048568535190498	748215.8153207895	1.973622778879445	888.9273523836055	689.7868430711172	1.955506	69.450203	3.2503440971234308	1.966829935652792	-0.2012567704	-0.0290073559	-0.0225950211	0.2404632129	0.090335516	-0.074035912	-0.0321786945	0.256437268	0.1802065228	-0.0075512657	0.0372944385	-0.0315901723	-0.0001234055	-0.1706151925	-0.1217401685	-0.194690256	-0.0812662896	-0.1926003912	-0.0192146196	0.0349471463	-0.0498939779	-0.0713163311	0.138416038	0.0442568824	-0.2204311561	0.0871660386	0.0369063678	0.1881723096	-0.0212222013	-0.0863206824	-0.1937321266	0.0163208772	0.0635562274	-0.0870465994	-0.0460979233	0.1082343034	-0.0647347694	-0.0453445662	0.084803118	-0.1651049568	-0.0181380936	-0.0896919823	0.0542069676	0.0176192314	-0.1000566754	-0.0697817164	-0.0021187079	-0.0097179118	0.0154137057	-0.0886221377	0.0957496502	-0.0151740128	-0.1255324169	0.0446835199	0.1150284477	0.1328850544749542	0.2036311894445787	0.0176584377028115	0.0414656613146139	-0.0817327057994958	-0.1567081770499213	0.0245574527543094	0.0066802351973069	0.4545778355515324	0.8731270972234455	0.206641008574716	0.76235092790584	-0.0184234819784209	-0.0311810089282437	0.0009722553177832	0.0003394246882091	-0.0052297971731909	-0.0077495706084953	6.005584461605421e-05	2.735077847271553e-05	0.0041042132324418	-0.0014069731313706	1.9795733923987917e-06	1.684456625735037e-05	0.0	0.0	0.0	0.0	0.0	0.0	0.0	0.0	0.0	0.0	0.0	0.0	0.0	0.0	0.0	0.0	0.0	0.0	0.0	0.0	0.0	0.0	0.0	0.0	0.0	0.0	0.0	0.0	1.0	0.0	0.0	0.0	0.0	0.0	0.0	0.0	0.0	0.0	0.0	0.0	0.0	0.0	0.0	0.0	0.0	0.0	0.0	0.0	0.0	0.0
929.2946739787836	9.228308424873603	863588.5910853337	85.16167638459312	957.4546830284404	-12.8391691197686	916719.4700530912	164.84426368601956	869.6106475993274	4.61595667874758	756222.6784181216	21.307056060074387	892.7474124263887	695.1337378815338	1.209049	42.939629	0.4543671182329025	0.2383032310798186	-0.1745068502	-0.0457461696	0.0126014344	0.1187127935	-0.0134470457	-0.0427112287	0.060755814	-0.2662269862	0.119553666	0.1497398924	-0.0438600545	0.0112314205	-0.0029470571	0.137123269	0.0513361628	-0.163815088	0.0264206571	-0.1267030452	-0.0747447281	-0.0813054214	0.0659850155	0.0755082344	-0.1617982908	-0.0247202512	-0.0796108102	-0.0148392653	0.1378015327	0.1846078851	0.0191009877	-0.0183290988	-0.0799069373	-0.0119723989	0.0970484776	-0.0916170294	-0.0432192298	0.004081617	-0.0748344401	-0.0062215553	-0.0460048454	0.0545392485	0.0233122599	0.0321985949	0.0916465988	-0.0181471845	0.0195666395	0.0256489568	-0.0850959463	0.0318328099	0.0627404584	0.0970638744	0.1342936503	-0.0185248178	-0.1237830955	0.0540487397	0.1082719048	0.0737584745533865	-0.0591265799215676	0.0054403125684425	0.0034959524532215	-0.041407660054503	0.0403250457449928	0.0016261093143357	0.0017145943111892	0.3285667844043303	-0.1260110511472021	0.1079561318138016	0.0158787850112227	-0.0152860402962508	0.00313744168217	9.843540309018332e-06	0.0002336630279386	-0.0052780714482301	-4.827427503919981e-05	2.330405630560309e-09	2.7858038212621787e-05	0.0027118403612683	-0.0013923728711734	1.9387022123799355e-06	7.354078145003784e-06	0.0	0.0	0.0	0.0	0.0	0.0	0.0	0.0	0.0	0.0	0.0	0.0	0.0	0.0	0.0	0.0	0.0	0.0	0.0	0.0	0.0	0.0	0.0	0.0	0.0	0.0	0.0	0.0	0.0	0.0	0.0	0.0	0.0	0.0	0.0	0.0	0.0	0.0	0.0	0.0	0.0	0.0	0.0	0.0	0.0	0.0	0.0	0.0	0.0	0.0
917.3292759993471	-11.965397979436489	841493.0006054864	143.1707488063028	945.6993743978082	-11.755308630632156	894347.3067364059	138.1872810014149	863.9884238829587	-5.622223716368694	746475.9966037591	31.60939951689861	887.8961560451851	677.6486502360631	1.097555	38.979893	0.362435387242173	0.1752293603328196	-0.1690836676	-0.0888856473	-0.0095566883	0.0857273496	0.0386465516	-0.092735204	0.1556528328	-0.1011792456	0.1250937213	0.0665114619	0.105540062	-0.0648414723	0.0056402755	0.0296902525	0.1031655418	-0.1493566081	0.1603033649	-0.1192862234	-0.0683868903	-0.024343775	-0.1003105338	0.032909787	-0.0718558114	-0.1511253728	-0.0372320021	0.1641841353	0.2258936915	0.1865314143	0.0418499325	0.0074162902	-0.0520994486	-0.00721359	0.0947768213	-0.1956878258	-0.0394701576	0.0929147362	-0.0795440946	0.0416741134	-0.0133025629	0.1176709045	0.0612785614	0.0591262509	0.1723479916	-0.0560294908	-0.0368220384	0.0515147619	0.0260645929	-0.076001177	0.0533909374	-0.0825215059	-0.0223573404	-0.0218629269	-0.1216944932	0.063080731	0.1003291122	-0.0167710107653391	-0.0905294853187256	0.0002812668020911	0.0081955877120733	-0.0295586336397803	0.0118490264147227	0.0001403994269767	0.0008737128226507	0.2835218628538456	-0.0450449215504846	0.0803846467161148	0.0020290449574893	-0.0134726739006825	0.0018133663955683	3.2882976845763703e-06	0.0001815129420341	-0.006152222154375	-0.0008741507061449	7.641394570536276e-07	3.784983743678257e-05	0.0010991183838167	-0.0016127219774516	2.6008721765553997e-06	1.2080612216438348e-06	0.0	0.0	0.0	0.0	0.0	0.0	0.0	0.0	0.0	0.0	0.0	0.0	0.0	0.0	0.0	0.0	0.0	0.0	0.0	0.0	0.0	0.0	0.0	0.0	0.0	0.0	0.0	0.0	0.0	0.0	0.0	0.0	0.0	0.0	0.0	0.0	0.0	0.0	0.0	0.0	0.0	0.0	0.0	0.0	0.0	0.0	0.0	0.0	0.0	0.0
913.4614514838656	-3.867824515481516	834411.8233470106	14.960066482559824	935.9272963579964	-9.772078039811843	875959.9040679889	95.49350921617292	860.768459925252	-3.219963957706682	740922.3416020903	10.368167888930078	886.4977174617208	687.477527303629	1.277991	45.388123	1.2017247193881873	0.6116682872694503	-0.0888555495	-0.1015135172	0.0453932839	0.0036110752	-0.0109536768	-0.1065782367	0.1380510161	0.000323963	0.1396677617	-0.0773266817	0.109049666	-0.1698608102	-0.0732169487	0.0295867484	0.1049181944	-0.020330882	0.3421680919	-0.1078127507	0.0069533059	0.1086295776	-0.1778766322	0.0098008084	-0.1669443342	-0.099730203	0.052086536	-0.0287677584	0.2549559692	0.1374155469	0.0578213477	0.0218149415	0.0871431344	-0.1295179856	0.0628693989	-0.2046032014	-0.0343427363	-0.0548741582	-0.2555332565	0.1465929242	-0.1060457573	0.1953389861	0.2305430417	0.2034043514	0.2157606149	-0.0731790052	-0.0065204757	0.0337242036	-0.037160825	-0.1125631638	-0.1764698651	-0.1916181796	-0.4510749335	-0.0251860523	-0.1192723348	0.0717238087	0.0912870929	0.0751257427618412	0.0918967535271803	0.0056438772255183	0.0084450133088353	0.114794158259599	0.1443527918993793	0.0208377285291455	0.0131776987705298	0.1635896030337278	-0.1199322598201178	0.0267615582207326	0.0143837469455602	-0.0040382071709282	0.0094344667297543	8.900916247484082e-05	1.6307117155335934e-05	-0.0113754873192042	-0.0052232651648291	2.72824989821182e-05	0.0001294017117493	-0.00115400800443	-0.0022531263882467	5.076578521413618e-06	1.3317344742885109e-06	0.0	0.0	0.0	0.0	0.0	0.0	0.0	0.0	0.0	0.0	0.0	0.0	0.0	0.0	0.0	0.0	0.0	0.0	0.0	0.0	0.0	0.0	0.0	0.0	0.0	0.0	0.0	0.0	0.0	1.0	0.0	0.0	0.0	0.0	0.0	0.0	0.0	0.0	0.0	0.0	0.0	0.0	0.0	0.0	0.0	0.0	0.0	0.0	0.0	0.0
921.7000273023932	8.238575818527579	849530.9403292324	67.87413151762738	968.0714295943152	32.144133236318794	937162.2927967812	1033.2453015142146	866.8345522957052	6.066092370453134	751402.1410536956	36.797476646869725	889.9370562812359	679.4461282970188	1.695718	60.223763	1.9900436010261733	1.052830273931613	-0.2013031362	-0.0319516621	0.0113299355	0.2841340612	0.0304657683	0.0133624882	-0.0727035867	0.2138840289	0.1950732891	0.0257880317	0.0021618452	0.0122373405	-0.0447981188	-0.0154312034	-0.134026031	-0.0719729448	0.0095891662	-0.212155993	0.0156990113	-0.0089272167	0.0089739318	-0.0618499836	0.0037697275	0.1415483884	-0.0940347121	-0.0717146337	0.082407269	0.1876051867	-0.0394015597	-0.1229649782	-0.0600442012	-0.039095409	0.0913355541	-0.189919554	-0.1350054305	0.1215379128	-0.0450363011	-0.003854814	-0.0665319505	-0.110442047	-0.0258706444	-0.1075506266	0.0216186732	0.015871457	-0.1777827859	0.0820859496	-0.1051882915	-0.0001922405	0.1406260616	0.0848781113	0.1123678845	-0.0284919163	-0.1165232592	0.0799246852	0.0812449131	0.211524128607067	0.1363983858452258	0.044742456982979	0.018604519661183	-0.2393377540567343	-0.3541319123163333	0.1254094113208231	0.0572825605169218	0.6280228729460475	0.4644332699123197	0.3944127289434073	0.2156982622014496	-0.019045306474287	-0.0150070993033588	0.0002252130295008	0.0003627236986995	-0.0103112229686328	0.0010642643505713	1.1326586078971613e-06	0.0001063213191088	0.0034762290006857	0.0046302370051157	2.1439094723542807e-05	1.2084168065208302e-05	0.0	0.0	0.0	0.0	0.0	0.0	0.0	0.0	0.0	0.0	0.0	0.0	0.0	0.0	0.0	0.0	0.0	0.0	0.0	0.0	0.0	0.0	0.0	0.0	0.0	0.0	0.0	0.0	0.0	0.0	1.0	0.0	0.0	0.0	0.0	0.0	0.0	0.0	0.0	0.0	0.0	0.0	0.0	0.0	0.0	0.0	0.0	0.0	0.0	0.0
932.318217931255	10.61819062886184	869217.2594865112	112.74597223084938	949.6709923973696	-18.40043719694563	901874.9938010048	338.5760890387404	872.6100702676756	5.77551797197043	761448.3347325578	33.35660784455343	894.8451739730684	703.3088205190805	1.291804	45.8787	0.8427814259852271	0.3908254553605929	-0.2157121983	0.0254150414	0.0310177985	0.1357096446	-0.0749460595	-0.1161322926	0.0022958531	-0.1293199389	0.1727536151	0.1524411933	-0.0708037667	0.1434335799	-0.0676331486	0.1110690186	-0.0494691616	0.0685587914	-0.0271645869	-0.1860219054	-0.0221179621	-0.1435115553	0.1465613037	-0.033541076	-0.0710616494	0.0850188141	0.1407935838	0.0198466473	0.0540358261	0.204431692	-0.0640096461	-0.1613204766	0.021594453	0.0364855091	-0.0112964139	-0.0981698818	-0.0201003897	-0.0308497535	-0.038210728	-0.1133062301	0.1662801042	0.138289988	0.1425144665	-0.0112767616	-0.0224447152	-0.0919598598	-0.0231122386	-0.020569984	0.034866468	0.206678605	-0.0863847768	0.0656003731	0.0930597395	-0.0317782535	-0.1134548014	0.0876327994	0.0703125971	0.067954904513158	-0.143569224093909	0.0046178690473924	0.020612122106927	-0.0076886909174049	0.2316490631393294	0.053661288453329	5.91159680233846e-05	0.6502241565211762	0.0222012835751286	0.422791453723675	0.0004928969923832	-0.0236902456659134	-0.0046449391916263	2.157546009390691e-05	0.0005612277397113	-0.0079202095539319	0.0023910134147009	5.716945149279664e-06	6.272971937819414e-05	0.0016049445034758	-0.0018712844972099	3.5017056694981087e-06	2.575846859237182e-06	0.0	0.0	0.0	0.0	0.0	0.0	0.0	0.0	0.0	0.0	0.0	0.0	0.0	0.0	0.0	0.0	0.0	0.0	0.0	0.0	0.0	0.0	0.0	0.0	0.0	0.0	0.0	0.0	0.0	0.0	0.0	1.0	0.0	0.0	0.0	0.0	0.0	0.0	0.0	0.0	0.0	0.0	0.0	0.0	0.0	0.0	0.0	0.0	0.0	0.0
915.4352019446568	-16.883015986598252	838021.6089594546	285.0362288037322	947.8134123169802	-1.857580080389312	898350.264567958	3.450603755059161	863.8489749248865	-8.761095342789076	746235.0514787772	76.75679160544044	888.2236194497735	686.8849995593091	1.436165	51.00568	0.4273048586761554	0.2184196080910428	-0.1782830905	0.0168932411	0.151237457	0.201304386	-0.0805914538	-0.0630784887	0.0465668095	0.0872605374	0.1954229097	-0.0509266775	0.0432487212	0.0255417659	-0.0858283147	-0.1272664129	0.0602428994	-0.0325273357	0.0125505845	-0.1890172049	0.0851669246	0.0121178982	-0.040656281	-0.0593731018	0.0319331105	-0.0792424845	-0.0595924764	-0.1811847967	0.0717739908	0.1837637824	-0.0568242931	-0.1537739884	0.0804208126	-0.0160111126	0.1246528412	-0.0199456498	-0.1328271342	-0.0052078104	-0.0666548085	-0.1216995738	-0.201506833	-0.0204849279	-0.0730367643	-0.003302704	-0.1580283357	-0.1039078926	-0.0953061713	0.1471635106	-0.082476246	0.1329723562	0.0291167582	0.084875162	0.034640416	-0.0350428114	-0.1100753719	0.0948006283	0.0586099215	-0.0227855577994233	-0.0907404623125813	0.0005191816442308	0.0082338315007009	0.1519110536655006	0.1595997445829055	0.0254720784709286	0.0230769682257626	0.6654385222136199	0.0152143656924437	0.4428084268458462	0.0002314769234234	-0.0244158586259885	-0.000725612960075	5.265141678289484e-07	0.0005961341524442	-0.0073110471162123	0.0006091624377195	3.710788755284846e-07	5.34514099354762e-05	-0.000295285820494	-0.0019002303239698	3.610875284134371e-06	8.71937157848148e-08	0.0	0.0	0.0	0.0	0.0	0.0	0.0	0.0	0.0	0.0	0.0	0.0	0.0	0.0	0.0	0.0	0.0	0.0	0.0	0.0	0.0	0.0	0.0	0.0	0.0	0.0	0.0	0.0	0.0	0.0	0.0	0.0	0.0	0.0	0.0	0.0	0.0	0.0	0.0	0.0	0.0	0.0	0.0	0.0	0.0	0.0	0.0	0.0	0.0	0.0
918.3058648698128	2.870662925156012	843285.6614542949	8.24070562986527	937.94396536108	-9.86944695590023	879738.8821572668	97.40598321532832	861.7616614683427	-2.087313456543825	742633.1611766785	4.35687746586893	888.4822256275104	701.2030852791313	2.052873	72.908218	4.537423704981431	2.83501129040272	0.1042587959	-0.0309321651	0.1045630067	-0.1397251857	0.0613272981	-0.2055029231	0.073642031	0.0231517128	-0.0736997877	0.0070419897	0.2980857898	-0.0624382537	-0.0607791877	-0.0198092812	0.0858359394	0.1265761373	0.0249819208	0.0662232831	-0.0160855572	-0.0956930355	-0.2719160986	-0.0630455393	0.0251333295	-0.1036415709	0.2006664636	0.1700501562	-0.0167951003	-0.0792538509	0.0790700292	-0.0479682088	0.132972406	0.1909647318	0.1036600668	0.0304898759	0.1220362414	-0.0642345377	-0.1156548592	-0.0562673628	0.1406078367	-0.0195276849	-0.0743087251	-0.0647038608	0.0721739222	0.0885535911	-0.2340396116	0.0872870771	0.0904590199	-0.1668074556	-0.0275237901	0.0478453921	-0.0309914404	-0.0382833527	-0.1063942335	0.1013839798	0.0462651033	-0.1439903421453436	-0.1212047843459202	0.0207332186311331	0.014690599748341	0.1360693276087943	-0.0158417260567062	0.0002509602844557	0.0185148619159093	-0.615129391615099	-1.280567913828719	0.3783841684287619	1.639854181927637	0.0197428506639628	0.0441587092899513	0.0019499916061544	0.0003897801523395	0.0066331824840331	0.0139442296002454	0.0001944415391443	4.399910986648352e-05	0.003997960904311	0.004293246724805	1.843196744004886e-05	1.598369139239923e-05	0.0	0.0	0.0	0.0	0.0	0.0	0.0	0.0	0.0	0.0	0.0	0.0	0.0	0.0	0.0	0.0	0.0	0.0	0.0	0.0	0.0	0.0	0.0	0.0	0.0	0.0	0.0	0.0	0.0	0.0	0.0	0.0	1.0	0.0	0.0	0.0	0.0	0.0	0.0	0.0	0.0	0.0	0.0	0.0	0.0	0.0	0.0	0.0	0.0	0.0
930.6044199976176	12.298555127804777	866024.5865191022	151.25445823165313	962.8350990009818	24.8911336399018	927051.4278682304	619.5685338794508	869.0364329292175	7.274771460874831	755224.3217583384	52.92229980795892	892.4378225513385	696.288079183085	1.453323	51.615051	0.8772810264285933	0.5083192846585755	0.0529573605	-0.098793764	-0.0721126082	-0.0174585623	0.0873822303	0.0141504126	-0.0539777509	-0.1329578703	-0.035875485	0.094444576	-0.0704769217	-0.0414532907	-0.0477140429	0.0967596839	0.00544228	0.1166527215	-0.234069527	0.0242349951	-0.0943354051	-0.0163178305	0.0484043159	0.0091011903	-0.1463733257	0.0449340744	-0.0093801525	-0.061762031	-0.3250557027	-0.0298160795	0.1289607658	-0.0483269402	0.0594707475	0.1186225681	-0.111804621	0.0485596174	-0.0534903715	0.0217386322	0.0048899738	-0.0547711507	0.0382011165	-0.1448669669	0.0401494875	-0.0218533905	-0.1503267553	-0.0026748329	-0.0595529814	0.0180295666	0.0308017805	0.0966710365	0.0531313159	0.0423284939	-0.0420600351	-0.0414976565	-0.1024214758	0.1073422654	0.033413395	-0.1361942038117263	0.0077961383336172	0.01854886115191	6.077977291689683e-05	0.0369028083522806	-0.0991665192565137	0.0098339985414525	0.0013618172642851	-0.3872041885346817	0.2279252030804173	0.1499270836188013	0.0519498981992494	0.0121728124026226	-0.0075700382613402	5.7305479278154566e-05	0.0001481773617894	0.0042923136242014	-0.0023408688598317	5.479667018929763e-06	1.8423956248504957e-05	0.003061004710322	-0.000936956193989	8.778869094543532e-07	9.369749836613471e-06	0.0	0.0	0.0	0.0	0.0	0.0	0.0	0.0	0.0	0.0	0.0	0.0	0.0	0.0	0.0	0.0	0.0	0.0	0.0	0.0	0.0	0.0	0.0	0.0	0.0	0.0	0.0	0.0	0.0	0.0	0.0	0.0	0.0	1.0	0.0	0.0	0.0	0.0	0.0	0.0	0.0	0.0	0.0	0.0	0.0	0.0	0.0	0.0	0.0	0.0
926.8163806459032	-3.78803935171436	858988.6034335718	14.34924213013655	951.836787300314	-10.99831170066784	905993.2696581832	120.96286026504714	866.535478996508	-2.500953932709536	750883.7363597075	6.254770573535291	890.1829116891514	698.8569298910928	1.091656	38.770374	0.3295250687754765	0.2000631593042972	0.0940948879	-0.1537373666	0.1065947341	-0.0670326362	0.129160728	-0.0437646219	0.0498168087	-0.0496039636	-0.0559063897	0.1374245289	0.0462486095	-0.079818251	0.0174481373	0.0491972181	0.0881163635	0.1573653776	0.0057908989	0.034925734	-0.1528995855	-0.0530182499	-0.0530423394	0.0044278699	-0.0310219726	-0.0476283868	0.166726711	0.1329105815	-0.150012527	-0.0184151097	0.1597856641	0.0113587743	0.159929627	0.0743792028	0.0493562587	0.1023250139	-0.0134691183	0.0090039977	-0.0464790136	-0.0300610325	0.1267367129	0.0090541771	-0.1023096083	-0.083324116	-0.0119452574	0.1725972287	-0.0253251745	-0.0317684489	0.0291386393	0.0062366644	-0.063035546	0.0311977706	-0.0454290498	-0.0446835199	-0.098167988	0.1126387502	0.0201956026	-0.1404698840363067	-0.0042756802245803	0.0197317883211734	1.828144138286778e-05	0.0363576509122225	-0.0005451574400581	2.971966344507069e-07	0.001321878779855	-0.2965359753840886	0.090668213150593	0.0879335846969928	0.0082207248759213	0.0092062683459761	-0.0029665440566464	8.800383640024671e-06	8.475537685812152e-05	0.0031998106690112	-0.0010925029551901	1.193562707099319e-06	1.0238788317517905e-05	0.0024393313629538	-0.0006216733473681	3.864777508279825e-07	5.950337498290044e-06	0.0	0.0	0.0	0.0	0.0	0.0	0.0	0.0	0.0	0.0	0.0	0.0	0.0	0.0	0.0	0.0	0.0	0.0	0.0	0.0	0.0	0.0	0.0	0.0	0.0	0.0	0.0	0.0	0.0	0.0	0.0	0.0	0.0	0.0	0.0	0.0	0.0	0.0	0.0	0.0	0.0	0.0	0.0	0.0	0.0	0.0	0.0	0.0	0.0	0.0
926.4279324182118	-0.3884482276914696	858268.7139646828	0.1508920255966438	966.8780233617772	15.041236061463223	934853.1120599774	226.2387822566617	870.1830113592845	3.6475323627764737	757218.4732583127	13.304492337501726	893.7955471944214	681.1785839200853	1.20249	42.70668	0.533095648044542	0.287029093705291	-0.0248398127	-0.1728652241	-0.0797696677	0.0677790368	0.1551703932	-0.0245953518	-0.0363085211	-0.044532554	0.0042151969	0.1597016943	-0.0837397885	-0.0499804982	0.0904822069	0.0164900804	0.0339856242	0.0312384185	-0.1484521122	-0.0255502833	-0.1524936843	-0.0402729349	0.0748964792	0.094849523	-0.0319006546	0.0100625154	-0.0171686238	-0.1052694653	-0.1422237786	0.0404420195	0.1569991508	0.0447896615	0.0474716923	0.0031816558	-0.1353422842	0.0622318566	-0.045503541	0.086005629	0.0211344645	0.0653743484	0.0623657239	-0.0645244656	0.0334581684	-0.0530422326	-0.1275307135	-0.0844799115	-0.0224013914	-0.0369111978	0.0057347034	0.0889337689	0.0390486222	-0.0550698784	-0.0491248193	-0.0478387595	-0.0936454286	0.1172407796	0.0067565429	-0.0875990747257873	0.0528708093105193	0.007673597892814	0.0027953224771493	0.0670005538367348	0.0306429029245123	0.000938987499641	0.0044890742144291	-0.2008167797515483	0.0957191956325403	0.0403273790297818	0.0091621644125405	0.0050903562379327	-0.0041159121080434	1.6940732481138264e-05	2.5911726629060357e-05	0.0005018832371799	-0.0026979274318313	7.278812427427834e-06	2.518867837621758e-07	0.0027027466266185	0.0002634152636646	6.938760113154331e-08	7.3048393276976815e-06	0.0	0.0	0.0	0.0	0.0	0.0	0.0	0.0	0.0	0.0	0.0	0.0	0.0	0.0	0.0	0.0	0.0	0.0	0.0	0.0	0.0	0.0	0.0	0.0	0.0	0.0	0.0	0.0	0.0	0.0	0.0	0.0	0.0	0.0	1.0	0.0	0.0	0.0	0.0	0.0	0.0	0.0	0.0	0.0	0.0	0.0	0.0	0.0	0.0	0.0
929.1310258218934	2.703093403681692	863284.463144844	7.306713949027473	955.8550264491116	-11.022996912665576	913658.8315880318	121.50646093663482	868.453703365224	-1.7293079940604912	754211.8348887725	2.99050613832152	892.8491453111837	689.0701362339767	1.029411	36.559742	0.2574978106874119	0.1397913248404565	0.0343939761	-0.1931760744	0.0754910132	0.035848188	0.1549816005	-0.0483302205	-0.0062874111	-0.0312443874	-0.0135353271	0.1925706174	0.0210125647	-0.0710879204	0.0570444308	0.0187249412	0.0443518625	0.1057891057	0.0994721275	-0.009685703	-0.1886914734	-0.0834768721	0.0014007227	0.0483921883	0.0381304848	-0.0239911093	0.167943978	-0.0117995837	0.0868351154	0.0253884308	0.1682505498	0.0836596825	0.1177534341	0.0017644092	0.0320022127	0.143268375	-0.0262331558	0.0601622555	0.0235538497	0.0066404569	0.0566954727	0.0630647687	-0.0795278631	-0.0827075526	0.0402049678	0.0697682326	-0.0106170598	0.0056617166	-0.0171428167	0.0329095939	-0.0614458805	-0.0374714959	0.0755475612	-0.0509612127	-0.0888661936	0.1211199807	-0.0067565429	-0.1228746947890186	-0.0352756200632312	0.0150981906194944	0.0012443693708454	0.0788573298624584	0.0118567760257236	0.0001405831377241	0.0062184784730365	-0.1743162088408212	0.0265005709107271	0.0303861406646367	0.0007022802585944	0.0033846913441772	-0.0017056648937555	2.9092927297899616e-06	1.1456135495348062e-05	0.0023712595589964	0.0018693763218165	3.4945678325681865e-06	5.622871896131801e-06	0.0028050022848011	0.0001022556581825	1.0456219630356706e-08	7.86803781773939e-06	0.0	0.0	0.0	0.0	0.0	0.0	0.0	0.0	0.0	0.0	0.0	0.0	0.0	0.0	0.0	0.0	0.0	0.0	0.0	0.0	0.0	0.0	0.0	0.0	0.0	0.0	0.0	0.0	0.0	0.0	0.0	0.0	0.0	0.0	0.0	0.0	0.0	0.0	0.0	0.0	0.0	0.0	0.0	0.0	0.0	0.0	0.0	0.0	0.0	0.0
927.6083446470492	-1.5226811748442517	860457.2410588388	2.31855796022507	964.6984103605708	8.843383911459227	930643.0229522124	78.2054390054559	868.8810192522943	0.4273158870703355	754954.2256169058	0.1825988673427077	892.8063677926349	682.5644757250806	1.086495	38.587078	0.1394441499006233	0.0918467718892311	-0.0479089365	-0.1682656582	-0.1204613456	0.0985196094	0.1309819609	-0.0060425159	-0.0352345392	-0.0505642223	0.0339826464	0.1507873794	-0.0569951716	-0.0545562798	0.0460976759	-0.005106522	0.0416888935	0.0124649526	-0.1822258317	-0.0523724609	-0.1464954187	-0.0360749783	0.0584496044	0.0685715875	-0.0131606553	-0.0076029774	-0.0422416893	-0.1213666888	-0.1242658743	0.0523630851	0.1434660936	0.0957180611	0.0244962609	0.0329183633	-0.1580858145	0.1118995719	-0.0133404668	0.0857378485	0.0865792546	0.0304255491	0.0165419744	-0.0514063271	0.0334996001	-0.0642602456	-0.0774987548	-0.1076705245	-0.1007002934	-0.015716042	0.0283075163	0.0663657983	0.0352568113	-0.0354784689	0.0696504448	-0.0540487397	-0.0838433825	0.1242524367	-0.0201956026	-0.1220546659612011	0.0008200288278174	0.0148973414829003	6.724472784517357e-07	0.0729415470025571	-0.0059157828599012	3.499648684550197e-05	0.0053204692791262	-0.1539123747437116	0.0204038340971095	0.0236890190992487	0.0004163164458623	0.0018182271649874	-0.0015664641791898	2.4538100246847745e-06	3.305950023498118e-06	0.0030021051776563	0.0006308456186598	3.979661945823918e-07	9.012635497710764e-06	0.0028537825692673	4.8780284466200165e-05	2.379516152603409e-09	8.144074952653872e-06	0.0	0.0	0.0	0.0	0.0	0.0	0.0	0.0	0.0	0.0	0.0	0.0	0.0	0.0	0.0	0.0	0.0	0.0	0.0	0.0	0.0	0.0	0.0	0.0	0.0	0.0	0.0	0.0	0.0	0.0	0.0	0.0	0.0	0.0	0.0	0.0	0.0	0.0	0.0	0.0	0.0	0.0	0.0	0.0	0.0	0.0	0.0	0.0	0.0	0.0
930.5554022211384	2.947057574089172	865933.3566029446	8.685148344996355	957.4065518710704	-7.2918584895004415	916627.3055656528	53.17120023089966	867.7331119204163	-1.1479073318780593	752960.7535230897	1.317691242579405	892.0613624828571	701.7810418575793	1.211227	43.016983	0.5146695421402495	0.3029020786599383	0.0201497188	-0.1996156205	0.1110812128	0.0257047687	0.1526075353	-0.066016256	-0.0032921151	-0.1116623546	-0.0035911939	0.1798951975	0.0283543044	-0.0692304651	0.0740688648	0.0597663356	0.1057168762	0.041455961	0.036849313	-0.015504227	-0.1761849029	-0.0807292431	-0.0194717219	0.0875828393	-0.030839627	-0.0931769534	0.0711757865	0.0721236976	-0.0330608735	0.0619168194	0.1560991896	0.1592806916	0.1276568791	0.0120345254	0.1126923009	0.1180347591	-0.0432886611	0.009761853	0.1199371112	0.036788806	-0.0088565963	0.0957577438	-0.1246706917	-0.0544705611	0.0975500873	0.0868463882	0.0137964302	0.045688739	0.0194173509	0.0385403917	-0.077854179	-0.0280986508	0.0860037027	-0.0570992244	-0.0785907625	0.1266188352	-0.033413395	-0.1323159486237415	-0.0102612826625403	0.0175075102602005	0.0001052939218805	0.0413495113579216	-0.0315920356446355	0.0009980567161719	0.0017097820895388	-0.006119002635728	0.1477933721079836	3.744219325604621e-05	0.0218428808390489	-0.0027309158675466	-0.004549143032534	2.069470233045264e-05	7.457901475617799e-06	0.0019738707187577	-0.0010282344588986	1.0572661024664967e-06	3.89616561436904e-06	0.0019307030261981	-0.0009230795430691	8.520758428328429e-07	3.7276141753705015e-06	0.0	0.0	0.0	0.0	0.0	0.0	0.0	0.0	0.0	0.0	0.0	0.0	0.0	0.0	0.0	0.0	0.0	0.0	0.0	0.0	0.0	0.0	0.0	0.0	0.0	0.0	0.0	0.0	0.0	0.0	0.0	0.0	0.0	0.0	0.0	1.0	0.0	0.0	0.0	0.0	0.0	0.0	0.0	0.0	0.0	0.0	0.0	0.0	0.0	0.0
924.75433079987	-5.801071421268375	855170.5723331154	33.652429634656684	962.6925507611768	5.285998890106384	926776.9472910608	27.94178426620593	868.9517077549681	1.2185958345518202	755077.0704102755	1.4849758079870472	892.4426520734457	678.2525693903436	1.26749	45.015182	0.1896748753702615	0.0940405473195751	-0.0819887856	-0.1478323168	-0.1224352487	0.0933766427	0.0910447223	-0.0477763071	-0.0036191484	-0.0716378148	0.0624774731	0.134185092	-0.0551546629	-0.0350958457	0.0947058208	0.0109183353	0.1016918739	-0.024708791	-0.2050177937	-0.0788735026	-0.1202959439	-0.0400056338	0.055420867	0.1135191345	-0.0369095794	-0.0824232564	-0.0864827145	-0.0450784589	-0.1936529229	0.093024108	0.1148363625	0.1442605561	0.0107121115	0.0480893884	-0.1053248677	0.0420737727	0.0246203998	0.0458282819	0.1263804953	0.096214437	0.022708998	-0.0302103774	0.0442592975	-0.0131649188	-0.0414485478	-0.1095262026	-0.077344781	-0.0126038344	0.0332667879	0.0332474668	0.0994841238	-0.0961137131	0.0309986093	-0.0601105761	-0.0731227308	0.1282045865	-0.0462651033	-0.156924969573339	-0.0246090209495975	0.0246254460755933	0.0006056039120977	0.0415256398951129	0.0001761285371912	3.102126161314574e-08	0.0017243787686985	0.0218493430994897	0.0279683457352177	0.0004773937938792	0.0007822283631646	-0.0038686607280721	-0.0011377448605254	1.294463367652189e-06	1.4966535828927353e-05	0.0009919665690933	-0.0009819041496644	9.641357591281686e-07	9.839976741987326e-07	0.0013119244334229	-0.0006187785927752	3.82886946876857e-07	1.721145719011997e-06	0.0	0.0	0.0	0.0	0.0	0.0	0.0	0.0	0.0	0.0	0.0	0.0	0.0	0.0	0.0	0.0	0.0	0.0	0.0	0.0	0.0	0.0	0.0	0.0	0.0	0.0	0.0	0.0	0.0	0.0	0.0	0.0	0.0	0.0	0.0	0.0	0.0	0.0	0.0	0.0	0.0	0.0	0.0	0.0	0.0	0.0	0.0	0.0	0.0	0.0
932.8757308069283	8.121400007058355	870257.1291285607	65.95713807464745	958.8465177770604	-3.846032984116391	919386.6446531946	14.791969714911232	869.9528888015611	1.0011810465930466	756818.0287341814	1.002363488057148	894.0339627338036	705.5380912774926	1.511708	53.688618	0.1411666331634054	0.0729390053211286	0.0253545704	-0.1997724102	0.1784084994	-0.0025005187	0.1692320085	-0.0675425292	-0.0241181762	-0.1343726323	-0.0064989433	0.2338321531	0.0112719929	-0.0386545425	0.1487170786	0.0200387702	0.1158082947	0.1242861907	0.0675849617	-0.009918816	-0.2019907752	-0.1161978509	0.0190132441	0.1328693816	0.0399799584	-0.1298152777	0.1449504603	0.1435180652	-0.065349058	0.0716749783	0.1491864196	0.1906323578	0.1576222615	0.0220165297	0.2094483889	0.0928329815	-0.0545564381	0.0148328177	0.1668833215	0.0554069946	-0.0732945172	0.1356113658	-0.1545775887	-0.0457458415	0.1357847256	0.1301089224	0.050855423	0.0448496768	0.0663503406	0.0167545949	-0.0418980253	-0.0022145663	0.0526837166	-0.063080731	-0.0674542747	0.1289999139	-0.0586099215	-0.183141930155628	-0.0262169605822889	0.0335409665811289	0.0006873290221732	0.0542636181757103	0.0127379782805974	0.0001622560906769	0.0029445402575192	0.0238183386787937	0.0019689955793039	0.0005673132574177	3.876943591318688e-06	-0.004805350578333	-0.0009366898502609	8.77387875581788e-07	2.30913941806853e-05	0.0012692588928453	0.000277292323752	7.689103281178398e-08	1.6110181370668766e-06	0.0005210526330115	-0.0007908718004113	6.254782046859691e-07	2.714958463682169e-07	0.0	0.0	0.0	0.0	0.0	0.0	0.0	0.0	0.0	0.0	0.0	0.0	0.0	0.0	0.0	0.0	0.0	0.0	0.0	0.0	0.0	0.0	0.0	0.0	0.0	0.0	0.0	0.0	0.0	0.0	0.0	0.0	0.0	0.0	0.0	0.0	1.0	0.0	0.0	0.0	0.0	0.0	0.0	0.0	0.0	0.0	0.0	0.0	0.0	0.0
914.9494256725336	-17.926305134394738	837132.4515384991	321.3524157714272	956.700433251692	-2.146084525368451	915275.7189839752	4.60567879002593	865.6840274695194	-4.268861332041752	749408.8354158476	18.22317707220128	889.0439470380172	674.2953542749365	2.521957	89.56783299999998	1.411658814800426	0.7378888060394017	-0.1544782904	0.0268314089	-0.2584038031	0.1765587013	-0.0390940589	0.0019798778	-0.0106168719	-0.0550953242	0.165487668	-0.0504331402	-0.0815594359	0.0236173528	-0.0488803195	-0.0401361113	0.0615114524	-0.0605004533	-0.1621645244	-0.1724385073	0.0445081375	0.0557878455	0.0677763573	-0.0603525936	-0.0373111428	-0.095558631	-0.1010520176	0.1147005659	-0.2111502938	0.1194657045	-0.0331837338	0.0671196043	-0.1410843467	0.1369750493	-0.2672159966	0.0907618801	0.2699901662	-0.0489407384	0.1154488459	-0.0700461507	0.3057436293	0.0318666943	0.2170353255	0.1500666204	0.0464215955	-0.123487361	-0.1517092601	0.1964879841	0.014350147	-0.0586349401	0.2018024457	-0.1056156406	-0.0671044381	-0.0660076536	-0.0616009311	0.1289999139	-0.0703125971	0.0027292156128311	0.1858711457684591	7.448617861321038e-06	0.0345480828292797	0.0212191426724643	-0.033044475503246	0.0010919373612846	0.0004502520157543	0.4594297539861145	0.4356114153073208	0.2110756988477417	0.1897573051460471	-0.0133572432042834	-0.0085518926259504	7.313486748578485e-05	0.0001784159460183	0.0027389696144723	0.0014697107216269	2.1600496052653567e-06	7.501954549002539e-06	0.0056420848498621	0.0051210322168506	2.6224970966021773e-05	3.183312145304344e-05	0.0	0.0	0.0	0.0	0.0	0.0	0.0	0.0	0.0	0.0	0.0	0.0	0.0	0.0	0.0	0.0	0.0	0.0	0.0	0.0	0.0	0.0	0.0	0.0	0.0	0.0	0.0	0.0	0.0	0.0	0.0	0.0	0.0	0.0	0.0	0.0	0.0	1.0	0.0	0.0	0.0	0.0	0.0	0.0	0.0	0.0	0.0	0.0	0.0	0.0
911.0571134066432	-3.892312265890382	830025.0638888452	15.15009477520072	948.7604870311716	-7.939946220520369	900146.4617516259	63.04274598475569	863.6490180955639	-2.0350093739555177	745889.6264574316	4.141263152086828	887.1775600576307	681.8770846310196	2.23256	79.289833	0.8962999381134013	0.4374898831471724	-0.0131460306	0.0776294427	0.1139462447	0.1929139692	-0.1137099885	0.3548457203	-0.0126304476	0.0482927398	0.1480476664	-0.2308124656	-0.3793000191	-0.0481564637	0.0198419187	-0.1272078101	0.1038797762	0.192240353	0.004100635	-0.1132898321	0.0869160918	0.3684309399	0.2866568331	-0.0075082887	0.1577316746	-0.0823024237	0.1638087367	-0.2856032658	-0.0696046743	0.067570515	-0.0446026448	0.0547741425	0.0011537897	0.0314088912	0.138995196	0.3305952985	0.1065021366	-0.4245657335	-0.0869403437	-0.2721696448	-0.1831877757	0.1135217234	-0.015098195	0.2580200603	-0.2073409757	-0.0717736306	0.0994767865	0.1138467309	-0.2436829718	-0.0038191036	0.0928876227	-0.0264913396	0.076103402	-0.0688893378	-0.0555787436	0.1282045865	-0.0812449131	-0.0664956619155248	-0.0692248775283559	0.0044216730535837	0.0047920836688158	0.2955576984602999	0.2743385557878356	0.0752616431917553	0.0873543531191495	0.2454623660179749	-0.2139673879681396	0.0602517731311422	0.0457820431139083	-0.0190153534513348	-0.0056581102470514	3.2014211567788064e-05	0.0003615836668791	0.0035600330060832	0.0008210633916109	6.741450930435946e-07	1.2673835004401786e-05	0.005345876151943	-0.0002962086979191	8.773959272292874e-08	2.8578391831912897e-05	0.0	0.0	0.0	0.0	0.0	0.0	0.0	0.0	0.0	0.0	0.0	0.0	0.0	0.0	0.0	0.0	0.0	0.0	0.0	0.0	0.0	0.0	0.0	0.0	0.0	0.0	0.0	0.0	0.0	0.0	0.0	0.0	0.0	0.0	0.0	0.0	0.0	0.0	1.0	0.0	0.0	0.0	0.0	0.0	0.0	0.0	0.0	0.0	0.0	0.0
909.7689600222166	-1.2881533844266642	827679.5606199055	1.6593391418098693	940.8689623338016	-7.891524697369959	885234.4042830846	62.27616204920003	859.9033298866422	-3.745688208921706	739433.7367501353	14.030180158455098	887.4763867079154	679.9851587042108	2.162606	76.805389	3.320328430517672	2.280314590493977	0.0793877114	0.0656178835	-0.1589443023	-0.0724178584	-0.0422124494	0.1058289213	0.0514581025	0.1848254366	-0.075216791	-0.1501907611	0.1447485163	-0.0691547566	0.0869173093	-0.2159062148	0.0308710253	0.1030878045	-0.1399494763	0.0955140789	0.0670434762	0.0895543197	-0.1692215694	0.0192719176	0.2239876965	-0.1325412075	0.0141139014	-0.0888282992	-0.0811517727	-0.0935564158	0.0078363443	-0.0170941485	0.0386748447	0.2074837875	-0.1239233219	-0.1049465465	0.0071283968	0.0429422836	0.1734758209	-0.0394812569	-0.3379638557	-0.2239255684	0.0036471356	-0.0152534728	-0.0064705969	0.0512193813	-0.0720512521	0.0835275704	0.0029098215	-0.155224626	0.0272858091	0.2441362939	-0.2171357612	-0.0717238087	-0.0494042187	0.1266188352	-0.0912870929	-0.0434452457673728	0.023050416148152	0.0018874893797874	0.0005313216846029	0.021116240072871	-0.2744414583874289	0.0753181140818188	0.0004458955948151	-0.5821768062108958	-0.8276391722288707	0.3389298336899189	0.6849865994076904	0.0199466643597361	0.0389620178110709	0.0015180388319102	0.0003978694190799	0.0061638727977442	0.0026038397916609	6.779981660637197e-06	3.79933278667709e-05	0.0076839662242755	0.0023380900723324	5.466665186339793e-06	5.904333693580668e-05	0.0	0.0	0.0	0.0	0.0	0.0	0.0	0.0	0.0	0.0	0.0	0.0	0.0	0.0	0.0	0.0	0.0	0.0	0.0	0.0	0.0	0.0	0.0	0.0	0.0	0.0	0.0	0.0	0.0	0.0	0.0	0.0	0.0	0.0	0.0	0.0	0.0	0.0	0.0	1.0	0.0	0.0	0.0	0.0	0.0	0.0	0.0	0.0	0.0	0.0
920.8789770587402	11.110017036523686	848018.0903887518	123.43247855184656	950.1572064894406	9.28824415563895	902798.7170438174	86.2714794947611	862.9340972084412	3.0307673217990896	744655.2561249476	9.185550558885229	885.8938139163688	701.5911405283255	2.250181	79.915642	4.673830736248554	2.9949435169304675	-0.1968119362	0.0841404152	0.0748794953	-0.0161872301	-0.11446846	-0.3551852487	-0.0209428808	-0.0741095104	0.1509397521	-0.0067511111	0.4136060179	0.1188505691	-0.1909193376	-0.0989645061	0.0363943586	-0.1364319057	-0.071405069	-0.1596157523	0.1030535584	-0.2119790642	-0.3333076838	-0.2394532975	0.0687494574	-0.0926173643	-0.0938282838	0.114422868	-0.0346846283	0.163506739	-0.1298297278	-0.149138481	0.0475315303	0.0971916551	0.0449145282	-0.0123249899	0.0646803514	0.040095425	-0.0091660619	-0.0081675977	0.0788885165	-0.074693491	-0.0084389861	-0.0779935762	-0.0519903867	0.0645280761	0.1299335896	-0.3622775143	-0.0092463282	0.0621745825	-0.0317483806	-0.229576937	0.0383028824	-0.0745091236	-0.0430942802	0.1242524367	-0.1003291122	0.0437609426134315	0.0872061883808043	0.001915020098416	0.0076049192919083	-0.0024826944235485	-0.0235989344964194	0.0005569097093662	6.163771600718818e-06	0.6715069017877795	1.2536837079986751	0.4509215191486225	1.571722839701308	-0.0287263587645314	-0.0486730231242675	0.0023690631800554	0.0008252036878685	-0.0059830583158682	-0.0121469311136124	0.0001475479354788	3.579698681107962e-05	0.0023170823547023	-0.0053668838695731	2.8803442469485e-05	5.3688706384727545e-06	0.0	0.0	0.0	0.0	0.0	0.0	0.0	0.0	0.0	0.0	0.0	0.0	0.0	0.0	0.0	0.0	0.0	0.0	0.0	0.0	0.0	0.0	0.0	0.0	0.0	0.0	0.0	0.0	0.0	0.0	0.0	0.0	0.0	0.0	0.0	0.0	0.0	0.0	0.0	0.0	1.0	0.0	0.0	0.0	0.0	0.0	0.0	0.0	0.0	0.0
902.7920121741536	-18.08696488458668	815033.4172454571	327.1382987362716	922.5371051319142	-27.620101357526323	851074.7103451726	762.8699990000274	859.3562830416702	-3.577814166771077	738493.2212031952	12.800754211947815	886.1141955133021	651.4099511520012	2.760435	98.037437	1.8523589390933228	1.0802235421231778	-0.0041400743	0.1018857828	-0.4951555149	-0.0105068623	-0.1846786487	0.1970933245	0.4018770315	-0.1798582929	0.1360055566	-0.2844480027	-0.0485234633	-0.1535524855	0.1188048953	0.6663375991	0.0817317953	0.0856506385	0.0621486478	-0.0658051601	0.1778480558	0.2716365161	-0.0914215895	0.3621526683	-0.4856769711	0.1496172131	0.2306919509	-0.02285645	0.0923916863	0.0739780953	-0.0195461044	0.0787020724	-0.1293699032	0.1371552293	-0.2945551392	-0.2690673247	-0.0318837799	-0.4535248968	0.0360807795	0.1223101725	0.1179584369	0.1835324383	0.0280418942	-0.1190223345	0.1191496388	0.1511766561	0.1858816106	-0.2023188598	0.0662438491	-0.1364344663	-0.0464601127	0.3663927515	0.1820722429	-0.0772433738	-0.0366662233	0.1211199807	-0.1082719048	-0.019488465845356	-0.0632494084587875	0.0003798003010056	0.0040004876703865	0.0417612490259671	0.0442439434495156	0.0019575265319639	0.0017440019202088	0.1567944129954099	-0.5147124887923696	0.0245844879465751	0.2649289461188352	-0.0118354551058777	0.0168909036586537	0.0002853026264059	0.0001400779975632	-0.0015667790470581	0.00441627926881	1.950352258012187e-05	2.454796582300288e-06	0.0056129613950915	0.0032958790403892	1.0862818648876834e-05	3.150533562278752e-05	0.0	0.0	0.0	0.0	0.0	0.0	0.0	0.0	0.0	0.0	0.0	0.0	0.0	0.0	0.0	0.0	0.0	0.0	0.0	0.0	0.0	0.0	0.0	0.0	0.0	0.0	0.0	0.0	0.0	0.0	0.0	0.0	0.0	0.0	0.0	0.0	0.0	0.0	0.0	0.0	0.0	1.0	0.0	0.0	0.0	0.0	0.0	0.0	0.0	0.0
906.2412012635986	3.4491890894449853	821273.1148676901	11.896905374746328	912.9792134086078	-9.557891723306398	833531.0441162003	91.35329419444894	858.0235745843081	-1.3327084573620596	736204.4545424337	1.7761118323243603	883.3126316710102	679.4135117177364	2.701372	95.939789	1.8762511045882204	1.0313577518849306	0.081819202	0.0089449014	0.0704209462	-0.2025582779	-0.1325622003	-0.2530357887	0.2569505512	0.1068413066	-0.0565669801	-0.1705807755	0.431316376	-0.1014882765	0.1850757341	-0.1462587274	-0.0349331755	-0.0606169314	-0.1328237023	0.0658264686	0.1088569384	-0.0084407246	-0.4550257493	0.1110030249	0.2202172113	-0.00829045	-0.1453883754	-0.3228844618	-0.0500308386	-0.0524929857	0.0104660393	-0.0008666024	-0.1050335139	-0.1076931703	0.1492356477	0.1184577092	-0.2461002451	-0.2550644659	0.070851156	0.0437945474	-0.0823478827	-0.1929984212	0.2107285188	-0.019979273	-0.0653057864	-0.1853939595	-0.0522118692	-0.0339171502	0.4787311254	-0.1178215843	-0.3122852417	-0.1314438512	-0.1373155724	-0.0799246852	-0.0301376669	0.1172407796	-0.1150284477	0.06068361110826	0.080172076953616	0.0036825006571385	0.0064275619230565	0.2637729958806289	0.2220117468546618	0.0492892157414584	0.0695761933558422	-0.4672197906141377	-0.6240142036095476	0.2182943327415187	0.3893937263064579	0.0011019428729399	0.0129373979788176	0.0001673762664623	1.2142780952230403e-06	-0.000975921186427	0.0005908578606311	3.491130114695604e-07	9.524221621170831e-07	0.0110857670990507	0.0054728057039592	2.9951602273288352e-05	0.0001228942321743	0.0	0.0	0.0	0.0	0.0	0.0	0.0	0.0	0.0	0.0	0.0	0.0	0.0	0.0	0.0	0.0	0.0	0.0	0.0	0.0	0.0	0.0	0.0	0.0	0.0	0.0	0.0	0.0	0.0	0.0	0.0	0.0	0.0	0.0	0.0	0.0	0.0	0.0	0.0	0.0	0.0	0.0	1.0	0.0	0.0	0.0	0.0	0.0	0.0	0.0
916.9931971494724	10.75199588587384	840876.5236184112	115.60541552984796	963.437503263912	50.4582898553042	928211.8226954006	2546.039015121895	865.2571187010849	7.233544116776784	748669.8814629033	52.324160489356025	888.2060617902105	681.7551844230065	2.831868	100.574371	1.3339076932712692	0.7517909472081447	-0.0059095757	0.1095369007	-0.04424338	0.1172859073	0.0417802426	0.3216323385	-0.1009730231	-0.1800867732	0.0447847908	-0.0957769067	-0.397193382	-0.0342096235	-0.1735660115	-0.2558969326	-0.0300004362	0.039560082	0.1139842323	-0.0318777926	-0.0372760545	0.2803795675	0.3342270499	-0.2831323542	0.1536780752	-0.0691218481	0.0930621984	0.2637346598	0.0666320384	-0.06407299	-0.0473326238	-0.0365559913	-0.0492725489	-0.0207129679	-0.190363508	-0.0499559353	0.3146604715	0.2080291169	-0.0738072604	-0.1484253561	-0.3806428169	0.1618544126	-0.1021065197	0.1398275868	0.024470375	0.1194772885	0.0359637921	-0.1176610738	0.0088695965	-0.0235804566	-0.12214165	-0.2229089756	0.0702432905	-0.0825512202	-0.0235265052	0.1126387502	-0.1205247148	0.1946203448755454	0.1339367337672853	0.0378770786394762	0.0179390486522486	0.1739776502818131	-0.0897953455988158	0.0080632040912107	0.0302682227975808	-0.4469304051997795	0.0202893854143582	0.199746787092039	0.0004116591604923	0.0135946917395524	0.0124927488666124	0.0001560687742442	0.0001848156434934	0.0053272896950189	0.0063032108814459	3.9730467415978e-05	2.8380015494654563e-05	0.0140875319208085	0.0030017648217577	9.010592045142634e-06	0.0001984585556197	0.0	0.0	0.0	0.0	0.0	0.0	0.0	0.0	0.0	0.0	0.0	0.0	0.0	0.0	0.0	0.0	0.0	0.0	0.0	0.0	0.0	0.0	0.0	0.0	0.0	0.0	0.0	0.0	0.0	0.0	0.0	0.0	0.0	0.0	0.0	0.0	0.0	0.0	0.0	0.0	0.0	0.0	0.0	1.0	0.0	0.0	0.0	0.0	0.0	0.0
915.6593449548392	-1.3338521946332094	838432.0360031251	1.7791616771278291	955.9322687648836	-7.505234499028461	913806.5024659776	56.32854488540699	867.7053723122772	2.448253611192285	752912.6131395876	5.993945744716067	891.0420476448214	680.2760261909111	2.342078	83.179398	3.069916951223159	1.758051560060352	-0.0960116971	0.0411983887	0.0452969886	0.1217406867	-0.0570926948	0.1029285866	0.052240676	0.1644880694	0.1164800052	-0.0750642816	-0.0716492016	0.0294573708	0.099158961	-0.1551845638	-0.195427955	-0.0228874131	-0.1577910562	-0.1179907576	0.0673550031	0.0724189871	0.0486547323	0.0576515586	0.1797243549	0.1462004372	-0.2067759916	-0.0958669423	-0.1674408258	0.0828331091	-0.0704405141	0.0079185251	-0.153857558	-0.0084420166	0.2195847746	0.020965023	-0.0037269549	-0.0750786444	-0.027967939	0.0334187681	-0.1434916553	-0.4047931566	0.04101004	-0.0062921846	-0.1257149646	0.0140003101	0.0918660236	-0.2757740826	-0.1317462426	-0.1990366145	0.251534901	-0.0122595922	-0.0020983414	-0.0851211787	-0.016850859	0.1073422654	-0.124700488	0.1233011293555392	-0.0713192155200061	0.0152031685003514	0.005086430502389	0.3217897208038778	0.1478120705220647	0.0218484081920198	0.1035486244150376	0.3064868605923436	0.7534172657921231	0.0939341957157506	0.5676375763936786	-0.0138097979770182	-0.0274044897165706	0.0007510060566256	0.000190710520166	-0.0039622742461313	-0.0092895639411502	8.629599821671804e-05	1.5699617201555364e-05	0.00883421759075	-0.0052533143300585	2.7597311450397987e-05	7.804340044071673e-05	0.0	0.0	0.0	0.0	0.0	0.0	0.0	0.0	0.0	0.0	0.0	0.0	0.0	0.0	0.0	0.0	0.0	0.0	0.0	0.0	0.0	0.0	0.0	0.0	0.0	0.0	0.0	0.0	0.0	0.0	0.0	0.0	0.0	0.0	0.0	0.0	0.0	0.0	0.0	0.0	0.0	0.0	0.0	0.0	1.0	0.0	0.0	0.0	0.0	0.0
905.3325042754096	-10.326840679429552	819626.9432975847	106.643638418321	927.1562683595056	-28.776000405378	859618.7459583236	828.0581993303148	863.092382257635	-4.612990054642182	744928.4603111595	21.279677244227685	889.8409002280251	684.5483244249037	2.416048	85.806458	5.676859358451148	3.7290664538522655	0.0574435334	0.2458137709	0.0980609031	-0.235502596	-0.3120844686	-0.126795226	0.1391850289	-0.0370683785	-0.0749428133	-0.2318127267	0.1284204777	0.1923930264	0.2290271832	-0.0394758925	-0.0102194016	0.2142613659	0.126220172	0.1008290189	0.3306380178	-0.0607543601	-0.0781893009	0.2017551243	0.1166224567	0.0552892218	0.2267945617	0.1298003792	-0.0149882279	-0.1238341745	-0.2567591383	0.165522912	0.1737280035	-0.0423689473	0.0173522307	-0.1300081	0.2060602069	-0.0347084442	-0.2500292578	0.0744151664	0.0908611827	-0.0155069017	-0.4982060036	0.0520666434	0.0689505457	-0.4554155826	-0.1973550454	-0.1406230636	0.1065478948	0.084270895	0.029955434	0.141714561	-0.048271313	-0.0876327994	-0.0101290257	0.1013839798	-0.1275100165	0.165678544266683	0.0423774149111437	0.0274493800303272	0.0017958452945512	0.4855128831791973	0.1637231623753194	0.0268052738981752	0.2357227597329768	-1.188549547149691	-1.4950364077420346	1.4126500260297354	2.2351338604742077	0.0471173092556148	0.060927107232633	0.0037121123957367	0.0022200408314892	0.0072742085454762	0.0112364827916075	0.000126258545526	5.291410996307897e-05	0.0161850750349625	0.0073508574442124	5.403510516513431e-05	0.0002619566538873	0.0	0.0	0.0	0.0	0.0	0.0	0.0	0.0	0.0	0.0	0.0	0.0	0.0	0.0	0.0	0.0	0.0	0.0	0.0	0.0	0.0	0.0	0.0	0.0	0.0	0.0	0.0	0.0	0.0	0.0	0.0	0.0	0.0	0.0	0.0	0.0	0.0	0.0	0.0	0.0	0.0	0.0	0.0	0.0	0.0	1.0	0.0	0.0	0.0	0.0
919.1859879978168	13.85348372240719	844902.8805315227	191.91901124700095	956.0660110718426	28.909742712336996	914062.2175268248	835.7732236935218	870.6139151017296	7.521532844094622	757968.5891687616	56.57345632479414	896.6099460258208	677.5372456143785	1.978534	70.268059	1.552358038132724	0.9350452659712584	0.0418721848	0.2523205799	0.0439262648	-0.0788627084	-0.2046664955	0.0249849795	-0.2956211679	-0.0844195599	-0.1554244284	0.0082511318	-0.0415849361	0.3779865185	0.2265616246	0.0268234041	0.1783587516	-0.1766343734	0.092138667	0.154006962	0.2356366245	-0.2683298362	0.1945797742	0.2360364412	-0.0118190529	-0.1405590063	-0.1454315607	-0.0891430762	0.1370220194	-0.1065395044	-0.2738007552	0.2243786523	0.0817217827	-0.0121608213	0.0109969919	-0.1129884555	-0.2856841552	0.1472376608	-0.0341268857	0.1931471406	0.14625737	-0.0954140385	0.0290118527	0.4626074341	-0.2166498213	0.3252332632	-0.1267434856	-0.0424916205	-0.0874866404	0.2611731867	-0.1307790686	0.0847912438	-0.0257215321	-0.090084361	-0.0033794295	0.0948006283	-0.1289225186	0.1369122689131359	-0.028766275353547	0.0187449693789428	0.000827498597716	0.5460087588357112	0.0604958756565139	0.0036597509714483	0.2981255647253138	-1.3904614920345892	-0.2019119448848982	1.933383160831056	0.0407684334872022	0.0601437821941061	0.0130264729384912	0.0001696889972172	0.003617274536612	-0.0030451832738898	-0.010319391819366	0.0001064898475215	9.2731411715782e-06	0.0180628891218605	0.001877814086898	3.526185744952574e-06	0.0003262679634286	0.0	0.0	0.0	0.0	0.0	0.0	0.0	0.0	0.0	0.0	0.0	0.0	0.0	0.0	0.0	0.0	0.0	0.0	0.0	0.0	0.0	0.0	0.0	0.0	0.0	0.0	0.0	0.0	0.0	0.0	0.0	0.0	0.0	0.0	0.0	0.0	0.0	0.0	0.0	0.0	0.0	0.0	0.0	0.0	0.0	0.0	1.0	0.0	0.0	0.0
902.1764233806796	-17.009564617137244	813922.2989039553	289.3252884645673	946.3030588078626	-9.762952263979969	895489.4791091171	95.3152369087516	860.2668862844321	-10.347028817297542	740059.115637512	107.06100534598576	886.1573941784419	685.0340598446506	2.356772	83.701248	4.066061540460722	2.463952213316637	-0.000786042	0.0876110277	0.3049734491	-0.0809310172	-0.1114359319	0.1251680404	-0.021158874	0.017592103	-0.0357292565	-0.2137702592	-0.0631419873	-0.013152562	-0.0030092071	-0.1450376303	0.0824958986	-0.0090204832	0.3919303201	0.070059775	0.1184331621	0.1825782588	0.027633748	-0.1028376384	0.1752624316	-0.1853227666	0.1154297478	0.1722470446	0.3250591902	-0.0682208275	-0.0947038639	0.0253267768	0.0225585684	-0.1462833334	0.1698648839	0.1022117011	0.4672131851	0.1420646787	-0.3807606969	0.1782038566	0.015831103	-0.069121164	0.368721391	-0.2563118593	-0.0974356972	0.1626765862	0.1428838246	0.1095574129	0.1246632504	0.1009449273	-0.0069064833	0.2264641455	0.0163271996	-0.0924741833	0.0033794295	0.0876327994	-0.1289225186	0.2634005126166272	0.1264882437034913	0.0693798300467019	0.0159992757951938	-0.0658266331664521	-0.6118353920021633	0.3743425469064408	0.0043331456340306	-0.5108855635502465	0.8795759284843427	0.2610040590440529	0.7736538139690936	0.0201643699545394	-0.0399794122395667	0.0015983534030212	0.0004066018156635	0.0008231448389963	0.0038683281128861	1.4963962388944936e-05	6.775674259662447e-07	0.0129473899488988	-0.0051154991729616	2.616833178857183e-05	0.0001676349064888	0.0	0.0	0.0	0.0	0.0	0.0	0.0	0.0	0.0	0.0	0.0	0.0	0.0	0.0	0.0	0.0	0.0	0.0	0.0	0.0	0.0	0.0	0.0	0.0	0.0	0.0	0.0	0.0	0.0	0.0	0.0	0.0	0.0	0.0	0.0	0.0	0.0	0.0	0.0	0.0	0.0	0.0	0.0	0.0	0.0	0.0	0.0	1.0	0.0	0.0
911.5627746754258	9.386351294746191	830946.6921739611	88.1035906283835	944.7919077337745	-1.5111510740881613	892631.748919225	2.283577568717804	862.9009119261607	2.6340256417286128	744597.9838029997	6.93809108128383	888.6067988629563	653.4733297334684	2.286591	81.208763	1.3120432197042573	0.8389034405651303	0.0108072525	0.0167972596	-0.2424226034	0.0163005276	0.0218086604	0.1977235812	0.036512685	-0.0954982427	-0.0419017714	-0.1081336419	-0.0950507314	-0.0813854407	-0.0759498738	0.1945592419	0.0121609776	-0.2179036822	-0.0083989548	0.0663473929	0.0475060698	0.1345067858	0.0295495122	0.0243523997	-0.2783018814	0.0202993297	-0.1722680715	0.073501285	0.1120344184	-0.0523031536	0.014046393	-0.0167371061	-0.1532840306	-0.0283859692	-0.2246108733	-0.0512503949	-0.124426735	0.1166679834	0.063522896	0.1046866146	-0.0785524267	0.055664721	0.0228825617	0.0328479562	0.0473426854	-0.1214868141	0.1266060294	-0.0112554713	0.0406240397	0.1499369374	0.0278811419	-0.0142487904	0.087259194	-0.0948006283	0.0101290257	0.0799246852	-0.1275100165	0.1325551375444718	-0.1308453750721554	0.0175708644894338	0.017120512177773	0.1126404965024221	0.1784671296688741	0.0318505163722467	0.0126878814523121	-0.4910502527831539	0.0198353107670926	0.2411303507583993	0.0003934395532271	0.0051844499182398	-0.0149799200362996	0.0002243980042939	2.6878520954736668e-05	0.0020431587185614	0.001220013879565	1.488433866331486e-06	4.174497549233462e-06	0.0094894157808408	-0.003457974168058	1.195758534695642e-05	9.00490118616704e-05	0.0	0.0	0.0	0.0	0.0	0.0	0.0	0.0	0.0	0.0	0.0	0.0	0.0	0.0	0.0	0.0	0.0	0.0	0.0	0.0	0.0	0.0	0.0	0.0	0.0	0.0	0.0	0.0	0.0	0.0	0.0	0.0	0.0	0.0	0.0	0.0	0.0	0.0	0.0	0.0	0.0	0.0	0.0	0.0	0.0	0.0	0.0	0.0	1.0	0.0
924.7172766500024	13.154501974576648	855102.0417349971	173.0409221991409	938.147621562774	-6.644286171000431	880120.9598438898	44.14653872214757	867.7420154374339	4.841103511273218	752976.2053554198	23.43628320686188	892.1712512054544	671.7819258133014	1.758037	62.437061	0.5220694151319083	0.3031932364377959	0.1414932382	0.0190311116	0.1196382273	-0.1286613458	0.047327985	-7.54869e-05	-0.0528063311	0.1274665578	-0.1525857731	0.0797131242	0.0364392439	0.0378391294	-0.1011645648	0.0484476199	-0.0771957194	-0.0216321464	0.0189032074	0.1450364949	-0.0314466197	-0.0977568194	-0.0056689031	-0.0704222666	-0.0910517653	0.0704740698	-0.0558556386	0.0106050394	0.0313215193	-0.1207768805	-0.0004732583	-0.0699742477	-0.0488341929	-0.0275556428	0.1793526876	0.0263299162	-0.0573310808	-0.0114035303	0.0678070484	0.0509115456	0.1043699563	0.0987889593	0.0080367942	-0.0312057232	0.0596320938	0.0715032261	0.1227151683	0.0782436158	0.0310240043	0.0163010809	0.0796835906	-0.092495073	-0.0258634354	-0.0970621018	0.016850859	0.0717238087	-0.124700488	0.1570308712707628	0.024475733726291	0.0246586945320548	0.0005990615414402	0.1392807108671405	0.0266402143647184	0.0007097010213981	0.0193991164196559	-0.5692281762608928	-0.0781779234777389	0.3240207166493021	0.0061117877192912	0.0103082686480508	0.0051238187298109	2.6253518375962e-05	0.0001062604025203	0.0033419830411094	0.001298824322548	1.6869446208422711e-06	1.1168850647062831e-05	0.010922283599745	0.0014328678189042	2.0531101864512807e-06	0.0001192962790332	0.0	0.0	0.0	0.0	0.0	0.0	0.0	0.0	0.0	0.0	0.0	0.0	0.0	0.0	0.0	0.0	0.0	0.0	0.0	0.0	0.0	0.0	0.0	0.0	0.0	0.0	0.0	0.0	0.0	0.0	0.0	0.0	0.0	0.0	0.0	0.0	0.0	0.0	0.0	0.0	0.0	0.0	0.0	0.0	0.0	0.0	0.0	0.0	0.0	1.0
922.9490226191596	-1.7682540308428545	851834.8983536619	3.1267223175920016	947.5433509541068	9.395729391332791	897838.4019373376	88.2797307951549	866.7862678840623	-0.955747553371566	751318.4341923814	0.9134533857757344	891.0746998482829	673.6706402491857	1.10118	39.108639	0.1595099012428613	0.0855257947083606	0.0529721407	0.0302810407	-0.0483163338	-0.0557497605	0.0304264458	0.0391421885	-0.0544819611	0.0641786182	-0.0971593497	0.0276882937	-0.0293472301	0.0185638544	-0.0983423576	0.0499899669	-0.0721517161	-0.0916494512	0.0267150426	0.0943084866	-0.0190303059	-0.0269213546	0.0301924468	-0.09587375	-0.0855872741	0.0895703773	-0.096779568	0.0348174022	0.0355186311	-0.0969759335	-0.0188122415	-0.0779742659	-0.0986037016	-0.0483829683	-0.0457375883	-0.0506062589	-0.0364123883	0.0941672257	0.0737733932	0.0480935825	-0.0441205467	0.0651347875	-0.0188402148	0.0472905903	0.0160192652	-0.0552672842	0.0912725345	-0.0080367034	0.0150370095	0.063286629	0.1079388212	-0.0284606636	-0.029564353	-0.0992570537	0.0235265052	0.063080731	-0.1205247148	0.185473357242941	0.0284424859721782	0.0344003662469676	0.0008089750082775	0.140642434578325	0.0013617237111845	1.854291465602113e-06	0.0197802944041184	-0.5935958024343364	-0.0243676261734435	0.3523559766676637	0.0005937812053286	0.0114022845599024	0.0010940159118516	1.196870815384491e-06	0.0001300120931849	0.0031984481398281	-0.0001435349012812	2.06022678858325e-08	1.0230070503169834e-05	0.0117914940943332	0.0008692104945882	7.555268839022645e-07	0.0001390393329766	0.0	0.0	0.0	0.0	0.0	0.0	0.0	0.0	0.0	0.0	0.0	0.0	0.0	0.0	0.0	0.0	0.0	0.0	0.0	0.0	0.0	0.0	0.0	0.0	0.0	0.0	0.0	0.0	0.0	0.0	0.0	0.0	0.0	0.0	0.0	0.0	0.0	0.0	0.0	0.0	0.0	0.0	0.0	0.0	0.0	0.0	0.0	0.0	0.0	0.0
927.9111693772286	4.962146758069025	861019.1382550158	24.62290044861493	956.6921123157848	9.148761361677998	915259.7977672382	83.69983445293227	867.4103317940724	0.6240639100100225	752400.6837031028	0.3894557637769974	892.6542073788414	689.2411369016954	0.8885779999999999	31.558039	0.1757778284946881	0.0782243830287814	0.1126016719	0.0136522103	0.0664510929	-0.0988454409	0.0847035953	-0.0189687489	-0.1557293807	0.0542996824	-0.1508614581	0.0853611648	-0.0134927299	0.0352044965	-0.0784973121	-0.0280949033	-0.031664767	-0.1199334879	0.0966867782	0.1365803095	-0.0591440637	-0.0803942746	0.0462923649	-0.0788222903	0.0045955721	0.0120068569	-0.072049982	-0.0333600739	0.1684623962	-0.1141996031	-0.0064023302	-0.0835971876	-0.0490276874	-0.0441730517	0.1222249664	0.0036962153	-0.0231683532	0.0288951162	0.0662858524	0.0221188988	0.0797353389	0.0708388569	-0.002899721	-0.0288424303	0.0703540606	0.0607075085	0.0846763316	0.0643745965	-0.0530009974	-0.0253442878	0.1102866071	-0.0423368586	-0.0128908524	-0.1013839798	0.0301376669	0.0540487397	-0.1150284477	0.1680560284702892	-0.0174173287726518	0.0282428287052066	0.0003033633415746	0.0957353860848826	-0.0449070484934424	0.0020166430043923	0.0091652641488215	-0.5624057816964125	0.0311900207379238	0.3163002632855528	0.0009728173936321	0.0106460461902643	-0.0007562383696381	5.718964717128927e-07	0.0001133382994852	0.0035571595949106	0.0003587114550824	1.2867390800740422e-07	1.2653384383664542e-05	0.0112611753092404	-0.0005303187850927	2.812380138223033e-07	0.0001268140693454	0.0	0.0	0.0	0.0	0.0	0.0	0.0	0.0	0.0	0.0	0.0	0.0	0.0	0.0	0.0	0.0	0.0	0.0	0.0	0.0	0.0	0.0	0.0	0.0	0.0	0.0	0.0	0.0	0.0	0.0	0.0	0.0	0.0	0.0	0.0	0.0	0.0	0.0	0.0	0.0	0.0	0.0	0.0	0.0	0.0	0.0	0.0	0.0	0.0	0.0
922.1837666041764	-5.727402773052177	850422.8993882661	32.80314252476576	948.6836968488234	-8.008415466961424	900000.7566667502	64.13471829146695	865.6287581771878	-1.7815736168845433	749313.1469833803	3.1740045523790736	890.3568042602137	673.8288711307765	0.79171	28.117739	0.1698215784258436	0.0903667753985173	0.0574231821	0.0184305103	-0.0440527239	-0.0578643313	0.0206774187	0.0288828154	-0.0220116593	0.0142965639	-0.0979111609	-0.0009201967	-0.0164841595	-0.0134019198	-0.1203326843	-9.50654e-05	-0.0244192455	-0.1517991287	-0.0147264216	0.0958646198	-0.0156075988	0.0079679678	0.0145843466	-0.0946108394	-0.0579597889	0.0013836483	-0.1362885306	0.0470607839	0.0345206303	-0.0877683322	-0.006521794	-0.0687521413	-0.0766758121	-0.0468847932	-0.0395463354	-0.0235997513	-0.0341567004	0.0738355604	0.0316875441	0.0102933391	-0.0074431247	0.0487040045	-0.0085731139	0.0141936205	0.0468721595	-0.0274097489	0.0593173159	0.0549831337	-0.0336802337	0.0037328034	0.0661477828	-0.0082669302	-0.007943272	-0.1034414224	0.0366662233	0.0446835199	-0.1082719048	0.1486648762345623	-0.0193911522357269	0.0221012454258377	0.0003760167850291	0.1023292383627136	0.0065938522778309	4.347888786185696e-05	0.010471273023893	-0.5128350985961418	0.0495706831002706	0.2629998383521145	0.0024572526230274	0.0095343505036445	-0.0011116956866198	1.2358672996490692e-06	9.090383952634613e-05	0.0037596573396216	0.000202497744711	4.10053366130414e-08	1.4135023311370567e-05	0.0106900509243309	-0.0005711243849095	3.26183063038256e-07	0.0001142771887647	0.0	0.0	0.0	0.0	0.0	0.0	0.0	0.0	0.0	0.0	0.0	0.0	0.0	0.0	0.0	0.0	0.0	0.0	0.0	0.0	0.0	0.0	0.0	0.0	0.0	0.0	0.0	0.0	0.0	0.0	0.0	0.0	0.0	0.0	0.0	0.0	0.0	0.0	0.0	0.0	0.0	0.0	0.0	0.0	0.0	0.0	0.0	0.0	0.0	0.0
927.9749799456172	5.791213341440766	861137.5634050686	33.53815196608153	955.0040696088006	6.320372759977204	912032.7729693708	39.94711182506185	867.5850232238225	1.956265046634712	752703.7725222807	3.8269729326847126	891.4282350258009	682.8805678377619	0.799636	28.399248	0.1128241325424961	0.0642782644457906	0.1026782865	0.0042837946	0.0809857078	-0.078237782	0.0864042081	0.0175846576	-0.0920776882	0.1129320057	-0.1058679505	0.0495066675	0.0008470997	-0.0046069296	-0.1134819103	0.0801450827	-0.0708605368	-4.04902e-05	0.0869333171	0.0978104674	-0.047568714	-0.0349477954	0.0019310022	-0.1078423092	-0.085208036	0.0942057704	0.007520918	-0.0116243465	0.0462923851	-0.1018365993	0.0058246916	-0.0751942888	-0.0411702653	-0.0349413677	0.0802435901	0.0058044273	-0.0542977679	0.0250515165	0.033414542	-0.0040974439	0.0584988942	0.0645152544	-0.029964363	-0.0393812446	0.0415176357	0.0326147292	0.0621291867	0.01296612	-0.0247783738	-0.0269648996	0.0373239386	-0.062830173	-0.0508609716	-0.1054279714	0.0430942802	0.0350428114	-0.1003291122	0.1296744769353068	-0.0189903992992555	0.0168154699684454	0.0003606352655451	0.1050838342891751	0.0027545959264615	7.587798718078308e-06	0.0110426122289148	-0.522787563447821	-0.0099524648516791	0.2733068364957094	9.90515566239081e-05	0.0089062332545849	-0.0006281172490596	3.945312785661999e-07	7.932099078507393e-05	0.0037289839735845	-3.0673366037100094e-05	9.408553840459256e-10	1.3905321475250046e-05	0.0097263080901256	-0.0009637428342053	9.288002504820652e-07	9.460106906404268e-05	0.0	0.0	0.0	0.0	0.0	0.0	0.0	0.0	0.0	0.0	0.0	0.0	0.0	0.0	0.0	0.0	0.0	0.0	0.0	0.0	0.0	0.0	0.0	0.0	0.0	0.0	0.0	0.0	0.0	0.0	0.0	0.0	0.0	0.0	0.0	0.0	0.0	0.0	0.0	0.0	0.0	0.0	0.0	0.0	0.0	0.0	0.0	0.0	0.0	0.0
926.6989859020327	-1.2759940435844328	858771.0104718559	1.6281607992629514	951.0094151624384	-3.994654446362233	904418.907727603	15.95726414584156	867.7810877835686	0.1960645597461052	753044.0163148337	0.038441311588434	891.6679113564877	681.7086353488735	0.756197	26.856504	0.0359622646249907	0.017958740079094	0.0648642791	0.0224876519	-0.0497464912	-0.0271192154	0.0422038299	0.0238296707	-0.0540014295	0.1185451934	-0.0718949854	0.02046522	-0.0351369483	-0.0112227076	-0.0905787506	0.0002259913	-0.1097683044	-0.0857192841	0.0420151727	0.0699468159	-0.0312984453	0.0014501399	0.0328941079	-0.0775690322	-0.0229589924	0.1198242899	-0.0634237456	-0.0953916966	0.1371083046	-0.0877714868	-0.0067774708	-0.0749619303	-0.0668534898	-0.0377986495	-0.0403980708	-0.0292177392	-0.0704798684	0.0444060211	0.028739703	-0.0308084172	-0.0113658479	0.0658527058	-0.0073590869	-0.0026832412	0.0526482821	-0.048400985	0.0232704403	0.0293990841	-0.0317460203	-0.0154615073	0.0582790701	-0.0266416811	-0.0096411121	-0.1073422654	0.0494042187	0.0251860523	-0.0912870929	0.1237368075295961	-0.0059376694057106	0.0153107975376163	3.525591797151278e-05	0.0985486309472776	-0.0065352033418975	4.270888271994825e-05	0.0097118326615827	-0.5299287241912936	-0.0071411607434725	0.2808244527230121	5.0996176764114086e-05	0.0088588725487708	-4.736070581409964e-05	2.2430364552096913e-09	7.847962283536484e-05	0.0040077629477222	0.0002787789741377	7.771771642126847e-08	1.606216384513494e-05	0.009727133032852	8.249427264003795e-07	6.805305018408915e-13	9.461711703880056e-05	0.0	0.0	0.0	0.0	0.0	0.0	0.0	0.0	0.0	0.0	0.0	0.0	0.0	0.0	0.0	0.0	0.0	0.0	0.0	0.0	0.0	0.0	0.0	0.0	0.0	0.0	0.0	0.0	0.0	0.0	0.0	0.0	0.0	0.0	0.0	0.0	0.0	0.0	0.0	0.0	0.0	0.0	0.0	0.0	0.0	0.0	0.0	0.0	0.0	0.0
929.871964963428	3.1729790613952678	864661.8712249467	10.06779612405279	949.7701147150866	-1.2393004473517522	902063.2708059088	1.535865598806253	867.7124818744081	-0.0686059091605102	752924.9512006451	0.0047067707717401	891.253553788024	689.7782115082641	0.696863	24.749224	0.1883630390965548	0.0836741858408992	0.101787526	0.0162305786	0.0495361371	-0.0820336871	0.0431531327	-0.0025912453	-0.0641585989	0.0501068633	-0.102841864	0.0246687233	0.0084214054	0.004955562	-0.1515899517	0.0642553944	-0.0811505342	-0.01737882	-0.0455871624	0.099392538	-0.0207282223	-0.0289001312	-0.0004325322	-0.1184971327	-0.0859349061	0.0862232926	-0.0290981673	0.028596974	-0.0170760159	-0.1015320513	7.09915e-05	-0.082594594	-0.0174126324	0.0023849549	0.074893681	-0.0098934604	-0.0558881478	0.0065220776	0.0204545254	-0.0547640842	0.0364587147	0.0677703978	-0.0164234416	-0.0152433734	0.074525711	0.0277582638	0.0057638973	0.0402011512	-0.0206177775	-0.0531162469	0.0153826134	-0.059856959	-0.0227094844	-0.1091829923	0.0555787436	0.0151740128	-0.0812449131	0.087031677758091	-0.0367051297715051	0.0075745129333881	0.001347266551543	0.1318364656850974	0.0332878347378198	0.0011080799415324	0.0173808536843378	-0.5542973006030536	-0.02436857641176	0.3072454974558319	0.0005938275163357	0.0092721908448901	0.0004133182961193	1.708320139069616e-07	8.59735230640638e-05	0.0049383368791426	0.0009305739314203	8.659678418392187e-07	2.4387171131899872e-05	0.0091909952968823	-0.0005361377359696	2.8744367193071484e-07	8.447439454731256e-05	0.0	0.0	0.0	0.0	0.0	0.0	0.0	0.0	0.0	0.0	0.0	0.0	0.0	0.0	0.0	0.0	0.0	0.0	0.0	0.0	0.0	0.0	0.0	0.0	0.0	0.0	0.0	0.0	0.0	0.0	0.0	0.0	0.0	0.0	0.0	0.0	0.0	0.0	0.0	0.0	0.0	0.0	0.0	0.0	0.0	0.0	0.0	0.0	0.0	0.0
928.4029013047592	-1.4690636586688015	861931.9471510944	2.158148033221365	947.8273267898968	-1.9427879251898048	898376.6414096819	3.7744249222633055	868.6054194649273	0.8929375905191819	754475.3747238424	0.7973375405622021	892.0506600625102	686.4316144022908	0.637992	22.65843	0.1268824422713398	0.0653750865236418	0.0685865841	0.0281168671	-0.0053504347	-0.061038299	0.0347455979	0.0143068067	-0.024331524	0.1177406334	-0.0674263724	0.0200421788	-0.0025393669	0.0025494527	-0.0740358183	0.0361015558	-0.1015344951	0.0107953374	-0.0135085652	0.0600229273	-0.0234712313	-0.0169434193	0.0017059807	-0.0859003902	-0.0509058353	0.1075787959	-0.0330528862	0.0140881515	-0.0643158901	-0.0850213026	-0.0010715409	-0.0829812526	-0.0243641243	0.0083736337	-0.0354718877	-0.031461361	-0.0551425207	0.0273176107	-0.0054946624	-0.0678227136	-0.0042848423	0.0271903578	-0.0251422739	-0.0079471105	0.0495568783	-0.0289227806	-0.0026687796	0.0406254167	-0.0552580765	-0.0110585754	-0.0094997483	-0.0230042904	-0.0362038311	-0.1109488906	0.0616009311	0.0050684204	-0.0703125971	0.0575545584094783	-0.0294771193486126	0.00331252719371	0.0008689005650923	0.1226178046861576	-0.0092186609989398	8.498371061337393e-05	0.0150351260260526	-0.5548876517885759	-0.0005903511855223	0.3079003061074398	3.4851452224759533e-07	0.0088439258913454	-0.0004282649535447	1.8341087043464482e-07	7.821502517160952e-05	0.0053879983751967	0.0004496614960541	2.021954610336116e-07	2.903052649112228e-05	0.0083169955317158	-0.0008739997651664	7.63875589511097e-07	6.91724146745806e-05	0.0	0.0	0.0	0.0	0.0	0.0	0.0	0.0	0.0	0.0	0.0	0.0	0.0	0.0	0.0	0.0	0.0	0.0	0.0	0.0	0.0	0.0	0.0	0.0	0.0	0.0	0.0	0.0	0.0	0.0	0.0	0.0	0.0	0.0	0.0	0.0	0.0	0.0	0.0	0.0	0.0	0.0	0.0	0.0	0.0	0.0	0.0	0.0	0.0	0.0
932.448801087714	4.045899782954734	869460.7666499151	16.369305053713166	957.2272255637428	9.399898773845962	916283.9613604604	88.35809695855082	869.7822611599682	1.1768416950409346	756521.1818285472	1.38495637518682	893.5499786336825	694.6678330319745	0.629983	22.373966	0.1580614342518194	0.0803125950791521	0.0917707233	0.0154068995	0.0494276743	-0.0691877551	0.0523206664	-0.0331640349	-0.0724856559	0.0703817825	-0.078203024	0.0457861519	-0.0240427797	0.0127657558	-0.0608027908	-0.0096637816	-0.1187658335	0.0375168945	-0.0040243181	0.0659763691	-0.0460397446	-0.0314858359	0.0349865675	-0.0681660243	0.0364026511	0.1232396014	0.0318554126	-0.0341189297	0.0002135017	-0.0894736261	0.0038648328	-0.0818291012	-0.0139341359	-0.0161400268	0.0559058661	0.0017519896	-0.0689755917	-0.0011303865	0.0096475662	-0.0824797755	0.0555891575	0.0495030818	-0.0091455905	-0.0366718953	0.0482030454	0.0170685832	-0.0146958787	0.0532441543	-0.075705314	-0.0633390392	0.0233869147	-0.0213584475	-0.039963842	-0.1126387502	0.0674542747	-0.0050684204	-0.0586099215	0.0674719853102203	0.009917426900742	0.0045524688017025	9.835535633156124e-05	0.1128568095308821	-0.0097609951552754	9.527702642131167e-05	0.0127366594574898	-0.518483770903984	0.0364038808845919	0.268825420690815	0.0013252425434595	0.0077684505274197	-0.0010754753639256	1.156647258411116e-06	6.034882359696741e-05	0.0049415031677739	-0.0004464952074228	1.9935797025152935e-07	2.4418453557119487e-05	0.0088346075865915	0.0005176120548757	2.679222393526448e-07	7.80502912090601e-05	0.0	0.0	0.0	0.0	0.0	0.0	0.0	0.0	0.0	0.0	0.0	0.0	0.0	0.0	0.0	0.0	0.0	0.0	0.0	0.0	0.0	0.0	0.0	0.0	0.0	0.0	0.0	0.0	0.0	0.0	0.0	0.0	0.0	0.0	0.0	0.0	0.0	0.0	0.0	0.0	0.0	0.0	0.0	0.0	0.0	0.0	0.0	0.0	0.0	0.0
931.0277712761732	-1.421029811540734	866812.7108874783	2.0193257252874943	953.0689318651822	-4.158293698560556	908340.3888866394	17.291406483488426	870.4342374478645	0.6519762878962183	757655.7617214452	0.4250730799789325	893.9445646788869	689.930871344613	0.607941	21.591158	0.1249662461671136	0.0614329108398916	0.0513711152	0.0144448537	-0.0298624363	-0.0266870578	0.0306905204	-0.0100052247	-0.0669383072	0.0278553134	-0.0633836582	0.0417818572	-0.0317644872	0.0266748724	-0.0188401023	-0.054917432	-0.07151875	-0.0252898754	-0.0274037428	0.0505309871	-0.0333695452	-0.0317592591	0.0540786933	-0.0442772603	0.0753383792	0.0504026606	-0.0262405979	-0.0327020318	0.0110042284	-0.0691168382	0.0036065866	-0.0714954686	-0.0215610088	-0.019435364	-0.0339262827	-0.0025572455	-0.044777761	0.0251605491	-0.0233584938	-0.078090672	0.0094987859	0.0215073036	0.0110634039	-0.0132580497	0.0328025895	-0.0236070124	-0.0439924392	0.0418396009	-0.1061990359	-0.0628462038	0.0216228249	0.038895707	0.0063262675	-0.1142514127	0.0731227308	-0.0151740128	-0.0462651033	0.0668379400298988	-0.0006340452803215	0.0044673102274403	4.020134174979719e-07	0.0871209025029173	-0.0257359070279648	0.000662336910552	0.0075900516529228	-0.4907623578970117	0.0277214130069722	0.2408476919286346	0.0007684767391031	0.0072436728770719	-0.0005247776503477	2.753915823045574e-07	5.24707967500271e-05	0.0050839470095862	0.0001424438418123	2.0290248070247643e-08	2.5846517196280465e-05	0.0080843314617145	-0.000750276124877	5.629142635604485e-07	6.53564151828669e-05	0.0	0.0	0.0	0.0	0.0	0.0	0.0	0.0	0.0	0.0	0.0	0.0	0.0	0.0	0.0	0.0	0.0	0.0	0.0	0.0	0.0	0.0	0.0	0.0	0.0	0.0	0.0	0.0	0.0	0.0	0.0	0.0	0.0	0.0	0.0	0.0	0.0	0.0	0.0	0.0	0.0	0.0	0.0	0.0	0.0	0.0	0.0	0.0	0.0	0.0
933.635424813904	2.607653537730812	871675.106467439	6.799856972840018	959.7722397258576	6.703307860675409	921162.7521483892	44.93433627499272	870.6126120936212	0.1783746457567758	757966.3203364782	0.0318175142488552	894.4170768682617	704.6955786971779	0.62519	22.203758	0.1953023293644559	0.115159259493419	0.0610100606	-0.0095049422	0.0451796179	-0.0520038279	0.0394883777	-0.0130534434	-0.0627946508	-0.0034634151	-0.0654373238	0.0372432387	-0.0249934806	0.0203141438	-0.0534840892	-0.0508607115	-0.0665631066	-0.009096686	-0.0647817657	0.0556707837	-0.032502297	-0.0284411845	0.0384669892	-0.0574516807	0.0551705782	0.0320767457	-0.0210563572	-0.0039739221	-0.0186657546	-0.0607852773	0.0155754839	-0.0568066616	0.007212883	-0.0245971007	0.0314585434	0.0355847165	-0.0578908038	0.0093009171	-0.0252274237	-0.071654271	0.049200343	0.0292731698	0.00720783	-0.0533771294	0.0293965985	0.015778399	-0.050313167	0.0211222254	-0.088371648	-0.0738369354	-0.0294699152	0.0314879077	0.0088621612	-0.1157857731	0.0785907625	-0.0251860523	-0.033413395	0.0576669579929358	-0.009170982036963	0.003325478044159	8.410691152229808e-05	0.0666889983407799	-0.0204319041621374	0.0004174627076907	0.0044474224996965	-0.4499582974211762	0.0408040604758355	0.2024624694181636	0.0016649713513156	0.0054027862117838	-0.001840886665288	3.38886371443554e-06	2.9190098850241147e-05	0.0050592534440248	-2.4693565561399903e-05	6.097721801351555e-10	2.55960454108768e-05	0.0074520040387736	-0.0006323274229409	3.998379698030804e-07	5.553236419389805e-05	0.0	0.0	0.0	0.0	0.0	0.0	0.0	0.0	0.0	0.0	0.0	0.0	0.0	0.0	0.0	0.0	0.0	0.0	0.0	0.0	0.0	0.0	0.0	0.0	0.0	0.0	0.0	0.0	0.0	0.0	0.0	0.0	0.0	0.0	0.0	0.0	0.0	0.0	0.0	0.0	0.0	0.0	0.0	0.0	0.0	0.0	0.0	0.0	0.0	0.0
927.8776893989054	-5.757735414998592	860957.0064842516	33.15151710912901	961.22962029605	1.457380570192413	923962.3829344884	2.1239581263743625	868.5341242009944	-2.0784878926268675	754351.5249015883	4.320111919796477	892.4666251057782	697.595272443678	0.658075	23.37166	0.0757326542463431	0.0547282955560591	0.0371284231	0.0012757365	-0.0076766468	-0.0491493663	0.0046869194	0.0118585973	-0.0046719597	-0.0337935909	-0.0410658128	-0.0055854664	0.0147084872	-0.0137798034	-0.049404811	0.0229061647	0.0103968552	-0.0394033747	-0.0289095472	0.0400909877	-0.0029639572	0.002867359	-0.021786233	-0.0395790856	-0.0485254458	0.0074872031	-0.049049269	-0.0270376703	-0.0310769265	-0.0456392225	0.0090885505	-0.0525534593	-0.0227870911	-0.031711551	-0.053777116	0.0061395646	-0.0392670167	0.0268972393	-0.0364994814	-0.0413915577	0.0118665815	0.009286215	-0.010592844	-0.0375369175	0.0177313908	-0.0076063372	-0.0456600105	0.0026256514	-0.0838875028	-0.0262268977	-0.0561527005	0.0400884651	-0.0114937552	-0.1172407796	0.0838433825	-0.0350428114	-0.0201956026	0.0606628896504588	0.002995931657523	0.0036799861807437	8.975606496548519e-06	0.0579390473781131	-0.0087499509626668	7.656164184907378e-05	0.0033569332110832	-0.3967375766636678	0.0532207207575083	0.1574007047369597	0.0028324451179486	0.0053619684851664	-4.081772661740021e-05	1.6660868062128216e-09	2.875070603591766e-05	0.0050997457175223	4.04922734975003e-05	1.639624212996365e-09	2.600740638338704e-05	0.0073179930215156	-0.0001340110172579	1.7958952746523862e-08	5.355302186295103e-05	0.0	0.0	0.0	0.0	0.0	0.0	0.0	0.0	0.0	0.0	0.0	0.0	0.0	0.0	0.0	0.0	0.0	0.0	0.0	0.0	0.0	0.0	0.0	0.0	0.0	0.0	0.0	0.0	0.0	0.0	0.0	0.0	0.0	0.0	0.0	0.0	0.0	0.0	0.0	0.0	0.0	0.0	0.0	0.0	0.0	0.0	0.0	0.0	0.0	0.0
931.201773915718	3.3240845168126043	867136.7437437801	11.049537874913286	954.3080317859344	-6.921588510115612	910703.819531144	47.90838750336445	869.401516565877	0.8673923648826758	755858.997007047	0.7523695146567609	892.744778404261	691.6197076717457	0.620432	22.034756	0.0501660531467327	0.0230305568516712	0.0542099749	-0.0100478947	0.0346083567	-0.0415562888	0.0405765911	0.0017723179	-0.0229836386	0.0687859503	-0.0484509012	0.0051662986	0.0012891226	-0.0075935169	-0.023115173	-0.0159548165	-0.0417989468	0.027442666	0.015497202	0.0410896856	-0.0191660638	-0.0020994944	-0.004068594	-0.0496401021	0.0143946079	0.0659563031	0.0247082433	-0.0669264706	0.0366043468	-0.0536021838	0.0135452595	-0.0610642559	-0.0035243189	-0.0241385459	0.0132124479	0.02062397	-0.0688701558	0.0029006533	-0.0195292615	-0.0610359989	0.0391716014	0.0321398674	0.0012921301	-0.057185776	0.0083764699	0.0123867884	-0.0268773376	-0.0161405344	-0.0636928411	-0.0498088881	0.0119446707	-0.0022503569	-0.0367757673	-0.1186154352	0.0888661936	-0.0446835199	-0.0067565429	0.056132897742458	-0.0045299919080008	0.0031509022089652	2.052082668655276e-05	0.0737728429339199	0.0158337955558068	0.000250709081703	0.0054424323545528	-0.408975678473098	-0.0122381018094301	0.1672611055825308	0.0001497711358979	0.0053110047061832	-5.096377898320022e-05	2.59730676824848e-09	2.8206770989100092e-05	0.0052778958177843	0.0001781501002619	3.173745822336044e-08	2.7856184263385e-05	0.0074401624197403	0.0001221693982246	1.492536186258529e-08	5.535601683211584e-05	0.0	0.0	0.0	0.0	0.0	0.0	0.0	0.0	0.0	0.0	0.0	0.0	0.0	0.0	0.0	0.0	0.0	0.0	0.0	0.0	0.0	0.0	0.0	0.0	0.0	0.0	0.0	0.0	0.0	0.0	0.0	0.0	0.0	0.0	0.0	0.0	0.0	0.0	0.0	0.0	0.0	0.0	0.0	0.0	0.0	0.0	0.0	0.0	0.0	0.0
930.7811486806188	-0.4206252350992372	866353.5467392122	0.1769255884022885	962.7437113389612	8.43567955302683	926875.4537227172	71.16068952135494	871.1738801299995	1.7723635641224291	758943.9294207587	3.14127260342876	894.9829053007247	686.1254084026897	0.676989	24.043417	0.1496521587695413	0.0949047306575862	0.0162479429	0.0071936944	-0.0579177136	0.0278305912	0.0179456285	0.004633417	-0.0472910069	0.0160410512	-0.0190065645	0.0381706731	-0.0210195862	0.0060754278	-0.0060390916	0.0279189762	-0.0994922685	0.0197053612	0.0373123942	0.0117709089	-0.0267395166	-0.0246657219	0.0327827309	-0.0193309153	0.0214180453	0.0982444448	0.0289317648	-0.0417574688	0.089444052	-0.0286781774	0.0055580503	-0.0422336021	-0.026044282	-0.0266774139	-0.088519802	0.0144989517	-0.0377577143	0.0343594137	-0.0387614095	-0.0728086379	-0.009668999	0.0268169972	-0.0035072049	-0.0402836989	0.0156068917	-0.0137325093	-0.0699111412	-0.0070488838	-0.0901025117	-0.0460716051	-0.0575719221	0.0178308587	0.0238048073	-0.1199087977	0.0936454286	-0.0540487397	0.0067565429	0.0534992765720971	-0.0026336211703609	0.0028621725937377	6.935960468973125e-06	0.0593111295577273	-0.0144617133761926	0.0002091411537751	0.0035178100894135	-0.3837008500793502	0.0252748283937478	0.1472263423516159	0.0006388169503334	0.0036698455938439	-0.0016411591123392	2.693403232014319e-06	1.3467766682655488e-05	0.0051934829855364	-8.441283224789979e-05	7.125526248112071e-09	2.697226552105608e-05	0.0070200944477427	-0.0004200679719976	1.7645710109817657e-07	4.928172605522788e-05	0.0	0.0	0.0	0.0	0.0	0.0	0.0	0.0	0.0	0.0	0.0	0.0	0.0	0.0	0.0	0.0	0.0	0.0	0.0	0.0	0.0	0.0	0.0	0.0	0.0	0.0	0.0	0.0	0.0	0.0	0.0	0.0	0.0	0.0	0.0	0.0	0.0	0.0	0.0	0.0	0.0	0.0	0.0	0.0	0.0	0.0	0.0	0.0	0.0	0.0
931.3017823997952	0.5206337191764305	867323.0099010356	0.2710594695434823	970.0841551592006	7.340443820239329	941063.26809094	53.88211547808976	871.3232339733212	0.1493538433217054	759204.178061727	0.0223065705149645	895.4989707289676	695.9067950135344	0.590381	20.967503	0.1902195527117655	0.1349684377679279	0.0118890797	-0.012599228	-0.0219820353	0.0317812772	0.0291446756	0.0085006371	-0.0554616141	-0.0454713338	-0.0275550734	0.0508909719	-0.0273288044	0.0157886177	-0.0133238357	-0.0188256062	-0.0026742082	-0.0251590432	-0.0636920026	0.0172972932	-0.0349308829	-0.0374191619	0.0463142742	-0.0061697212	0.0177428619	-0.0175033729	-0.0484674857	-0.0112802099	-0.0133072771	-0.013930396	0.0054603853	-0.0210009457	-0.0360762864	-0.0450715492	-0.0346428783	0.0581354935	-0.0440656836	0.0103187121	-0.0165090056	-0.043079896	0.0012833715	0.0054597586	0.0230344686	-0.0523155313	0.0325685655	-0.0332090408	-0.0926104362	0.02364758	-0.044180754	-0.0120975525	-0.1144900175	0.0177673408	0.0533621102	-0.1211199807	0.098167988	-0.063080731	0.0201956026	0.0637179958564928	0.0102187192843957	0.004059982995968	0.0001044222238132	0.0667104382770986	0.0073993087193713	5.474976952456424e-05	0.0044502825751225	-0.3299638514299516	0.0537369986493985	0.1088761432504871	0.0028876650238454	0.0014059172809783	-0.0022639283128656	5.125371405794482e-06	1.9766034009534164e-06	0.0052870401965536	9.355721101719956e-05	8.752951733316807e-09	2.795279403997353e-05	0.0070398994450319	1.980499728920001e-05	3.9223791762521965e-10	4.956018419616045e-05	0.0	0.0	0.0	0.0	0.0	0.0	0.0	0.0	0.0	0.0	0.0	0.0	0.0	0.0	0.0	0.0	0.0	0.0	0.0	0.0	0.0	0.0	0.0	0.0	0.0	0.0	0.0	0.0	0.0	0.0	0.0	0.0	0.0	0.0	0.0	0.0	0.0	0.0	0.0	0.0	0.0	0.0	0.0	0.0	0.0	0.0	0.0	0.0	0.0	0.0
927.3053453929804	-3.996437006814858	859895.2035943946	15.971508749439304	959.4122161457244	-10.671939013476162	920471.8004896502	113.89028230735455	868.4861289175649	-2.8371050557562967	754268.1561222172	8.049165097397939	892.7676256569806	687.3604346575437	0.528526	18.77071	0.0860451096248813	0.0446882822817992	-0.0010473653	-0.0021299507	-0.0235759914	-0.0021905158	-0.0063878751	-0.0110861082	0.0296535477	-0.0244147544	-0.0170140483	-0.030202154	0.0081067084	-0.0322434453	-0.0249956803	0.0217322938	0.0325971065	-0.0909629329	-0.0073810977	0.01635306	0.0078969203	0.0278363295	-0.0232453049	0.0001827824	-0.0554161721	-0.0313618479	-0.0633776536	0.0324123284	0.0151574355	-0.0026859126	0.0083481287	-0.0162714291	-0.0362759067	-0.0417978212	-0.0572308282	0.0380456267	-0.0211931488	0.0184692063	-0.0349920286	-0.0345595887	0.0029607795	-0.0048349067	0.0240306031	-0.0359699104	0.0176244397	-0.0273976548	-0.067598185	0.0184078769	-0.0535526871	-0.0017184286	-0.1197202131	0.0277787324	0.0364409768	-0.1222481541	0.1024214758	-0.0717238087	0.033413395	0.0600444299414277	-0.0036735659150651	0.003605333566991	1.3495086532328112e-05	0.0424798926514569	-0.0242305456256417	0.0005871193413163	0.0018045412796793	-0.2986120872236171	0.0313517642063345	0.0891691786360451	0.0009829331188495	0.0012659846908755	-0.0001399325901028	1.9581129772878276e-08	1.6027172375311353e-06	0.0052493126459989	-3.772755055469947e-05	1.4233680708574042e-09	2.755528325544397e-05	0.0066817749081326	-0.0003581245368992	1.2825318392933793e-07	4.464611592295042e-05	0.0	0.0	0.0	0.0	0.0	0.0	0.0	0.0	0.0	0.0	0.0	0.0	0.0	0.0	0.0	0.0	0.0	0.0	0.0	0.0	0.0	0.0	0.0	0.0	0.0	0.0	0.0	0.0	0.0	0.0	0.0	0.0	0.0	0.0	0.0	0.0	0.0	0.0	0.0	0.0	0.0	0.0	0.0	0.0	0.0	0.0	0.0	0.0	0.0	0.0
930.219765900836	2.9144205078556524	865308.8128726062	8.493846896609599	960.7988312257164	1.3866150799919978	923134.3940847028	1.9227013800612145	870.5024956415893	2.016366724024465	757774.5949182353	4.065734765753152	893.9682750413482	689.4516220386212	0.513947	18.252928	0.133634634115672	0.0722516957108696	-0.0061007052	-0.0220512835	0.0169627169	0.0181765813	0.0152750044	-0.0029086205	0.002691481	0.0146777662	0.0117302181	0.0050573993	0.0064611051	-0.0162456421	-0.0014694215	0.0429001263	-0.0395890163	0.0125172437	-0.026486836	-0.0112185284	-0.0133004152	0.0084515523	-0.0193786095	0.0010652643	-0.0463158865	0.0474971883	-0.0225883982	0.0273172334	-0.0859913921	0.0096181894	0.0132351238	-0.0037031739	-0.0117486262	-0.0308573848	-0.0213029756	0.0537656233	-0.0235684456	0.0111727243	-0.0190342171	-0.0280669806	0.0165428969	-0.0242811179	0.0174796724	-0.0468370553	-0.0124959092	-0.0273114497	-0.0655323627	0.031153723	-0.027194557	-5.78025e-05	-0.1275972079	0.0205693024	0.0473103848	-0.1232925447	0.1063942335	-0.0799246852	0.0462651033	0.030262830312381	-0.0297815996290467	0.0009158388985159	0.0008869436764648	0.0427780972921567	0.0002982046406998	8.892600773489805e-08	0.0018299656079372	-0.2727117042706766	0.0259003829529405	0.0743716736462169	0.0006708298371089	0.0003501715965778	-0.0009158130942977	8.387136236871279e-07	1.226201470498455e-07	0.0051806431469434	-6.866949905550042e-05	4.715500100533373e-09	2.6839063415971613e-05	0.0061131685636261	-0.0005686063445064	3.233131750130444e-07	3.73708298873064e-05	0.0	0.0	0.0	0.0	0.0	0.0	0.0	0.0	0.0	0.0	0.0	0.0	0.0	0.0	0.0	0.0	0.0	0.0	0.0	0.0	0.0	0.0	0.0	0.0	0.0	0.0	0.0	0.0	0.0	0.0	0.0	0.0	0.0	0.0	0.0	0.0	0.0	0.0	0.0	0.0	0.0	0.0	0.0	0.0	0.0	0.0	0.0	0.0	0.0	0.0
930.5501227310738	0.3303568302377471	865923.5309148164	0.1091356352847316	957.931728587431	-2.86710263828536	917633.1966345035	8.22027753846287	871.1231266776508	0.620631036061468	758855.5018326464	0.3851828829227312	894.3842896631405	690.8581056741568	0.412717	14.657723	0.0868859602630184	0.0474169438663057	-0.0204751252	-0.0151476422	-0.0040659873	0.0027678901	-0.0066742614	-0.0281692736	0.026251635	-0.0102631073	0.0244676425	0.0063720146	0.0015575778	-0.0089791592	-0.0006732096	-0.0117399608	-0.0420178249	-0.0060084523	-0.0367879426	-0.0265237911	-0.0120190328	0.0032737459	-0.0110109752	-0.0080562792	0.0085824637	0.0311729439	-0.0271412809	0.0241683313	-0.0720398636	0.0196317937	0.014632729	-0.0025612104	-0.0189544865	-0.03416601	-0.0404991985	0.0309996644	-0.010993173	0.0123441328	-0.0384580178	-0.0057885293	0.0133911402	-0.023014056	0.0184656484	-0.0255688824	-0.0129621539	-0.0369387573	-0.0509465026	0.0091411684	-0.0471379345	0.0158745366	-0.1278076675	0.0164275893	0.0493862184	-0.1242524367	0.1100753719	-0.0876327994	0.0586099215	0.0358660137054158	0.0056031833930347	0.001286370939117	3.139566413598094e-05	0.0427175945108615	-6.050278129520609e-05	3.6605865444555397e-09	0.0018247928807943	-0.2530789025484381	0.0196328017222384	0.0640489309151218	0.0003854469034647	0.0003099079188113	-4.0263677766500005e-05	1.6211637472845465e-09	9.60429181419513e-08	0.0044859182023433	-0.0006947249446	4.826427486496112e-07	2.0123462118114947e-05	0.0056163677386637	-0.0004968008249624	2.468110596833212e-07	3.1543586575902406e-05	0.0	0.0	0.0	0.0	0.0	0.0	0.0	0.0	0.0	0.0	0.0	0.0	0.0	0.0	0.0	0.0	0.0	0.0	0.0	0.0	0.0	0.0	0.0	0.0	0.0	0.0	0.0	0.0	0.0	0.0	0.0	0.0	0.0	0.0	0.0	0.0	0.0	0.0	0.0	0.0	0.0	0.0	0.0	0.0	0.0	0.0	0.0	0.0	0.0	0.0
931.80017273393	1.2500500028562556	868251.5619069819	1.5626250096409244	965.6276437280012	7.6959151405701505	932436.7463316916	59.22710985085688	872.386343236913	1.2632165592622189	761057.931866273	1.5957160755942783	895.7515657463802	693.2119655955921	0.387758	13.771312	0.0880596830411145	0.0543331300074904	-0.0199033275	-0.0222862418	0.0059618484	0.0157107867	0.0129090431	-0.0280242078	-0.0131450231	-0.0371801355	0.0226628492	0.0383198143	-0.00239174	0.0130280178	0.0366312067	-0.0425713628	-0.0332610336	0.0212614111	-0.0276925605	-0.0307961295	-0.02565392	-0.0240357203	0.0110746277	0.0168746297	0.0542041458	0.0180715106	-0.0074766583	0.0198740555	-0.0558162398	0.0265056761	0.0159287072	0.0037197113	-0.0113946978	-0.0265042854	-0.0167619796	0.0305592671	-0.0073459159	0.0108797378	-0.0263767513	0.0028189916	0.0135516984	-0.0270147096	0.0074778495	-0.0338244879	-0.017920278	-0.0244716317	-0.0320057139	0.0235481184	-0.0402604425	0.0100630207	-0.1111086953	0.0152259378	0.0399448037	-0.1251271724	0.1134548014	-0.0948006283	0.0703125971	0.0296131242664046	-0.0062528894390111	0.0008769371288175	3.909862633649775e-05	0.0329041116649051	-0.0098134828459563	9.63044455678804e-05	0.0010826805644565	-0.2197995801688961	0.033279322379542	0.0483118554424229	0.0011075132980414	-0.0004057650089936	-0.0007156729278049	5.121877395928377e-07	1.646452425235763e-07	0.004540911689693	5.499348734969937e-05	3.0242836508815443e-09	2.061987897359053e-05	0.0056199810910412	3.613352377499976e-06	1.3056315403984728e-11	3.158418746366064e-05	0.0	0.0	0.0	0.0	0.0	0.0	0.0	0.0	0.0	0.0	0.0	0.0	0.0	0.0	0.0	0.0	0.0	0.0	0.0	0.0	0.0	0.0	0.0	0.0	0.0	0.0	0.0	0.0	0.0	0.0	0.0	0.0	0.0	0.0	0.0	0.0	0.0	0.0	0.0	0.0	0.0	0.0	0.0	0.0	0.0	0.0	0.0	0.0	0.0	0.0
930.5287172481716	-1.2714554857584517	865883.6936235277	1.6165990522652602	960.5543694725648	-5.073274255436445	922664.6967128364	25.73811167087421	871.3424318690988	-1.0439113678141894	759237.6335755552	1.0897509438516917	894.8935529419186	692.6753631212495	0.400803	14.234612	0.2147805766502914	0.1106122944056866	-0.0400084562	-0.0172087065	-0.010849248	0.0191944895	-0.0223377057	-0.0225211042	0.0400174099	-0.0301917125	0.0308358175	0.016210897	-0.0001599077	-0.0077293404	0.0251307088	-0.0279310097	0.0224726945	-0.0257579763	-0.0594056414	-0.0379342096	-0.0116409681	-0.0070733859	-0.0005116124	0.0214493596	0.0123583819	-0.0302940089	-0.0305448198	0.0398029734	-0.0616792058	0.0454494533	0.0109190259	0.0188030434	-0.017686366	-0.0186936051	-0.0238227822	0.0197922412	0.0097180631	-0.0024946871	-0.0193112568	0.0148493664	0.0074255384	-0.0431577492	0.0025061308	-0.0166213334	-0.0165831111	-0.022619393	-0.0333327003	0.0160379311	-0.0357381044	0.0096287877	-0.0956089888	0.044362949	0.0546970799	-0.1259161521	0.1165232592	-0.1013839798	0.0812449131	0.024280360856423	-0.0053327634099816	0.0005895359233181	2.84383655868386e-05	4.167941867194713e-05	-0.0328624322462331	0.0010799394531382	1.7371739408314552e-09	-0.1600911950735195	0.0597083850953766	0.0256291907400676	0.0035650912506977	-0.0017829484118134	-0.0013771834028197	1.896634125002323e-06	3.178905039187925e-06	0.0048246406635714	0.0002837289738784	8.050213061808993e-08	2.327715753258668e-05	0.0049433535497654	-0.0006766275412758	4.578248296129347e-07	2.443674431797818e-05	0.0	0.0	0.0	0.0	0.0	0.0	0.0	0.0	0.0	0.0	0.0	0.0	0.0	0.0	0.0	0.0	0.0	0.0	0.0	0.0	0.0	0.0	0.0	0.0	0.0	0.0	0.0	0.0	0.0	0.0	0.0	0.0	0.0	0.0	0.0	0.0	0.0	0.0	0.0	0.0	0.0	0.0	0.0	0.0	0.0	0.0	0.0	0.0	0.0	0.0
930.792148323694	0.263431075522476	866374.0233810376	0.0693959315509284	965.1662537987856	4.611884326220888	931545.897471982	21.2694770384419	870.5038774187765	-0.8385544503223628	757777.0006011243	0.7031735661554399	894.28930598854	696.8001848547609	0.394481	14.01007	0.141180192769467	0.0730837352858688	-0.0373912911	-0.0284410421	0.003786927	0.0235951676	-0.0003926046	-0.0164708973	0.0341125786	-0.0669790623	0.0389326546	0.0042821841	0.024151922	-0.0094695033	-0.0003216406	0.0210104582	0.0259130099	-0.023992776	0.0069675531	-0.0381593115	-0.0051487331	-0.0001962134	-0.0230613107	0.0183762122	-0.0235856827	-0.0351514051	-0.016424869	0.0546352547	-0.012523007	0.0527700503	0.0159319719	0.0278086046	0.0019737437	-0.0009615902	0.0025039372	0.0177258155	0.0188279373	-0.00791225	-0.0057418789	0.0241727346	0.0027474243	-0.040670484	-0.0025862231	-0.0135651303	-0.0099798926	-0.0022473586	-0.0260660618	0.010872303	-0.0122821003	0.0187228279	-0.0699502058	0.0110324658	0.04188179	-0.1266188352	0.1192723348	-0.1073422654	0.0912870929	0.0030842820127361	-0.0211960788436868	9.51279553408745e-06	0.0004492737583477	0.0051532140516314	0.0051115346329594	2.612778630394393e-05	2.6555615061931317e-05	-0.1311119259135438	0.0289792691599757	0.0171903371167585	0.0008397980410463	-0.0024189140971859	-0.0006359656853724	4.0445235297131365e-07	5.851145409564677e-06	0.0049542210458854	0.0001295803823139	1.6791075480642326e-08	2.4544306171493826e-05	0.003991033414795	-0.0009523201349703	9.069136394700406e-07	1.592834771801024e-05	0.0	0.0	0.0	0.0	0.0	0.0	0.0	0.0	0.0	0.0	0.0	0.0	0.0	0.0	0.0	0.0	0.0	0.0	0.0	0.0	0.0	0.0	0.0	0.0	0.0	0.0	0.0	0.0	0.0	0.0	0.0	0.0	0.0	0.0	0.0	0.0	0.0	0.0	0.0	0.0	0.0	0.0	0.0	0.0	0.0	0.0	0.0	0.0	0.0	0.0
928.9905828454812	-1.801565478212865	863023.5030155869	3.245638172288349	961.6449040295606	-3.5213497692250257	924760.9214460228	12.399904197221142	870.3863566189526	-0.1175207998238647	757572.4097884146	0.0138111383912408	893.8570840949686	689.7426766500606	0.411015	14.59729	0.1307483575794496	0.0653906833203407	-0.0587083095	-0.0222069439	-0.0091127534	0.0298758885	-0.0304878261	-0.0144820511	0.0655482132	-0.0425398134	0.0704993138	-0.0226324062	0.0052820429	-0.0211846772	0.0093298219	-0.0201718334	0.0335695195	0.0094049632	-0.0177299308	-0.0640199242	0.0120548337	0.0332755879	-0.0186145078	0.0199620544	-0.012433787	-0.0523544736	-0.0098157126	0.0390995958	-0.0515229191	0.0666619815	0.0108926534	0.0375539161	0.0085128903	0.0055925502	-0.0012419489	-0.0013670665	0.0331619502	-0.0133416092	-0.0066363861	0.037824133	-0.0044723188	-0.0450926127	0.0013492612	0.0112618688	-0.0140183448	-0.0129969292	-0.0090305947	-0.0081911198	0.0037596876	0.0237417371	-0.0342421583	0.0340263053	0.0379846805	-0.1272347401	0.1216944932	-0.1126387502	0.1003291122	-0.0104139031830357	-0.0134981851957718	0.0001084493795056	0.0001822010035793	0.0182545924117363	0.0131013783601049	0.0001716461149346	0.0003332301441186	-0.1031550338874609	0.0279568920260828	0.0106409610163232	0.000781587811758	-0.0032482427457513	-0.0008293286485654	6.877860073313128e-07	1.0551080935325944e-05	0.0050829876902489	0.0001287666443635	1.6580848700636272e-08	2.583676385922185e-05	0.0034252906677741	-0.0005657427470209	3.200648558067542e-07	1.173261615874034e-05	0.0	0.0	0.0	0.0	0.0	0.0	0.0	0.0	0.0	0.0	0.0	0.0	0.0	0.0	0.0	0.0	0.0	0.0	0.0	0.0	0.0	0.0	0.0	0.0	0.0	0.0	0.0	0.0	0.0	0.0	0.0	0.0	0.0	0.0	0.0	0.0	0.0	0.0	0.0	0.0	0.0	0.0	0.0	0.0	0.0	0.0	0.0	0.0	0.0	0.0
931.099640137882	2.1090572924008484	866946.5398648934	4.448122662629197	965.3269565806668	3.682052551106153	931856.1331012924	13.557510989107332	871.204732095919	0.8183754769663665	758997.6852263219	0.6697384212999278	895.1057976817395	691.6816574137945	0.427769	15.192299	0.1304419987806319	0.0597570283950414	-0.052220971	-0.0290209607	0.0160565216	0.0369576879	-0.0081526621	-0.0252090216	0.0336772344	-0.056146468	0.0637639523	0.0017410872	0.0218417322	-0.014221954	0.0361002454	0.0066987136	0.0401650824	0.0232666443	0.0222862834	-0.0570743879	0.0020696143	0.0046412826	-0.0286449964	0.039341793	-0.0072011554	-0.0479291163	0.0192840745	0.0469841304	-0.020392079	0.0696141424	0.0144250529	0.0455128799	0.0366031858	0.0261707568	0.0238094407	-0.0011590151	0.0313900763	-0.0248806366	0.0180865562	0.036529846	-0.0064524585	-0.0289703931	-0.0061238501	0.0058104355	-0.0179910962	0.0127769371	0.0212511628	0.003253187	0.022800914	0.0086579423	0.0075993635	0.0074865593	0.0181592288	-0.1277634447	0.1237830955	-0.1172407796	0.1082719048	-0.0443712341621989	-0.0339573309791632	0.0019688064210766	0.0011531003272284	0.0027003029318564	-0.0155542894798799	0.0002419359212239	7.29163592379227e-06	-0.0857735764975871	0.0173814573898738	0.0073571064251874	0.0003021150609959	-0.0035963430171321	-0.0003481002713808	1.211737989353868e-07	1.2933683096874816e-05	0.0054459004476667	0.0003629127574177	1.3170566949659058e-07	2.965783168589636e-05	0.0028653252779384	-0.0005599653898357	3.135612378138476e-07	8.210088948392769e-06	0.0	0.0	0.0	0.0	0.0	0.0	0.0	0.0	0.0	0.0	0.0	0.0	0.0	0.0	0.0	0.0	0.0	0.0	0.0	0.0	0.0	0.0	0.0	0.0	0.0	0.0	0.0	0.0	0.0	0.0	0.0	0.0	0.0	0.0	0.0	0.0	0.0	0.0	0.0	0.0	0.0	0.0	0.0	0.0	0.0	0.0	0.0	0.0	0.0	0.0
931.0206502204696	-0.0789899174124002	866799.4511369461	0.0062394070528178	965.7730287358086	0.4460721551417919	932717.5430335368	0.1989803675928428	871.6263487028779	0.421616606958878	759732.4917531108	0.177760563263517	895.1985460591112	690.5002442630021	0.421433	14.967294	0.1856460653777407	0.0920017667007355	-0.0733817448	-0.0299887398	-0.0069111937	0.0485094371	-0.0244291796	-0.0159113472	0.036071197	-0.0578131627	0.0769344717	0.0046079508	0.005377488	-0.0007142835	0.0399699617	-0.0021399699	0.0923470843	0.008116526	-0.0616291397	-0.0707994642	0.0055711911	0.0029165482	-0.0075715157	0.050618478	-0.0091638709	-0.0861118465	0.0059479059	0.040925148	-0.0775089876	0.0818589313	0.0116372106	0.0564562243	0.0551304183	0.0510462851	0.0052662653	-0.0210023418	0.0554194215	-0.026055488	0.0286972067	0.0332245195	-0.0232548614	-0.021765896	-0.005239727	0.0410970318	-0.0224988324	0.0050731408	0.0134923496	-0.0383283631	0.0718913877	0.0221055021	0.0563862899	0.0063666158	-0.0115669048	-0.1282045865	0.1255324169	-0.1211199807	0.1150284477	-0.0997693324327002	-0.0553980982705012	0.0099539196940666	0.0030689492919881	0.02773440597349	0.0250341030416336	0.0006267063150991	0.0007691972747023	-0.093406554971068	-0.0076329784734809	0.0087247845115631	5.82623603766229e-05	-0.0041519897932516	-0.0005556467761194	3.0874333981199346e-07	1.7239019243265464e-05	0.0058391968033661	0.0003932963556994	1.5468202340642905e-07	3.409621930844088e-05	0.0018626506979148	-0.0010026745800236	1.0053563134255023e-06	3.4694676224424918e-06	0.0	0.0	0.0	0.0	0.0	0.0	0.0	0.0	0.0	0.0	0.0	0.0	0.0	0.0	0.0	0.0	0.0	0.0	0.0	0.0	0.0	0.0	0.0	0.0	0.0	0.0	0.0	0.0	0.0	0.0	0.0	0.0	0.0	0.0	0.0	0.0	0.0	0.0	0.0	0.0	0.0	0.0	0.0	0.0	0.0	0.0	0.0	0.0	0.0	0.0
932.2300578234316	1.20940760296196	869052.8807094786	1.462666750102194	967.580947304792	1.807918568983382	936212.8895872384	3.2685695520749203	872.1063719832748	0.4800232803969493	760569.5240538301	0.2304223497230482	896.0042311287804	697.134603551051	0.45968	16.325647	0.1543526284431939	0.0782216014945394	-0.0518220418	-0.0342860668	0.012385479	0.0485195799	-0.0177389483	-0.0173587205	0.0287304862	-0.0292642442	0.0555882518	-0.001511395	0.0202077517	0.0109820992	0.0719820929	0.0051178067	0.0971106965	0.0694505756	-0.0744231948	-0.0514794574	0.0145971388	-0.0092483091	-0.0147548796	0.0815548699	0.0106474222	-0.0776907396	0.061280655	-0.0077358234	-0.0924160722	0.0712397414	0.0200861042	0.0471656833	0.0828854503	0.0585621385	0.0273122571	-0.0021375065	0.0285203113	-0.044955004	0.0350439784	0.0292579399	-0.01898323	-0.0162527248	-0.0035934721	0.0371323104	-0.0551199664	0.019494583	0.027118106	-0.0326045232	0.0956872949	0.0261336326	0.0832515936	0.0001623213	-0.0129155352	-0.1285578634	0.1269376627	-0.1242524367	0.1205247148	-0.1303741200742791	-0.0306047876415788	0.0169974111851425	0.0009366530265861	0.0447293904597927	0.0169949844863026	0.0002888294976896	0.0020007183709045	-0.1342098947724253	-0.0408033398013572	0.0180122958548254	0.001664912538945	-0.0032135142935896	0.000938475499662	8.807362634658405e-07	1.0326674115104664e-05	0.0057680497953687	-7.114700799740019e-05	5.061896746982126e-09	3.32703984418529e-05	0.0015532828752951	-0.0003093678226196	9.570844967245408e-08	2.4126876906850136e-06	0.0	0.0	0.0	0.0	0.0	0.0	0.0	0.0	0.0	0.0	0.0	0.0	0.0	0.0	0.0	0.0	0.0	0.0	0.0	0.0	0.0	0.0	0.0	0.0	0.0	0.0	0.0	0.0	0.0	0.0	0.0	0.0	0.0	0.0	0.0	0.0	0.0	0.0	0.0	0.0	0.0	0.0	0.0	0.0	0.0	0.0	0.0	0.0	0.0	0.0
930.1299392623664	-2.100118561065188	865141.7039122134	4.410497970530513	964.937325258306	-2.643622046485916	931104.041676654	6.988737524666384	870.8732721393334	-1.2330998439414316	758420.2561266695	1.5205352251283828	894.5225208590957	696.8549995955888	0.523909	18.606728	0.1684067225292438	0.0771902391748945	-0.061325193	-0.0300508059	-0.0036239054	0.025557436	-0.0190765392	-0.0155860669	0.0754314151	-0.0477287936	0.0774591941	-0.0019431983	0.0259962894	-0.0313486957	0.0467915244	0.0056089016	0.1073860362	0.0594532634	0.0910546981	-0.0717647812	4.66793e-05	0.0186303526	-0.0367003419	0.0501513983	-0.0054823736	-0.0954898589	0.0917564956	0.0057423075	0.0238938545	0.078573149	0.0181803367	0.0597357054	0.0936478522	0.0690395713	0.0120490181	-0.03225376	0.0615878704	-0.0371840908	0.0318245558	0.0283167896	-0.0289630397	0.0062063677	-0.0128995198	0.0576725301	-0.0310511779	0.0347263839	0.0486392195	-0.0546597099	0.108391576	0.0278070894	0.1173080408	-0.0449184802	-0.069778447	-0.1288230331	0.1279949812	-0.1266188352	0.124700488	-0.1721805619083056	-0.0418064418340265	0.0296461458990598	0.0017477785788218	0.0751361455446044	0.0304067550848117	0.0009245707547877	0.0056454403672999	-0.0873272354996146	0.0468826592728106	0.0076260460600051	0.0021979837404904	-0.0030194419811571	0.0001940723124325	3.7664062452897895e-08	9.117029877573911e-06	0.0054629270136501	-0.0003051227817185	9.309991192369597e-08	2.9843571556468e-05	0.0010662606426943	-0.0004870222326008	2.3719065504746785e-07	1.1369117581588616e-06	0.0	0.0	0.0	0.0	0.0	0.0	0.0	0.0	0.0	0.0	0.0	0.0	0.0	0.0	0.0	0.0	0.0	0.0	0.0	0.0	0.0	0.0	0.0	0.0	0.0	0.0	0.0	0.0	0.0	0.0	0.0	0.0	0.0	0.0	0.0	0.0	0.0	0.0	0.0	0.0	0.0	0.0	0.0	0.0	0.0	0.0	0.0	0.0	0.0	0.0
930.3953924265936	0.2654531642272104	865635.5862486351	0.0704653823982383	962.2132953501002	-2.7240299082058077	925854.4257484992	7.420338940799739	871.412900873684	0.5396287343505719	759360.4438090889	0.2911991709368001	895.0724023923052	690.891281912877	0.589724	20.944172	0.284654305467032	0.1601287323002934	-0.078156466	-0.0327463601	-0.0274896783	0.0988621406	0.0075298943	-0.0037158042	0.0308459932	0.0374681644	0.104393469	-0.0149686166	0.0121815452	-0.0237759458	0.0975352288	0.029354952	0.0825139511	0.0935850991	0.0453787804	-0.0979583943	0.0117590772	0.0216583257	-0.0211765583	0.0946781641	0.0181767063	-0.0350093607	0.129768196	-0.0790431261	0.0509925321	0.0988497496	0.0116152227	0.0800451233	0.0871914565	0.0838428243	0.0220948968	-0.0739680141	0.0734616645	-0.0581100353	0.0763540387	0.0421930043	-0.0270025016	0.0019121252	-0.0103404073	0.0594691224	-0.0368599385	0.0477213337	0.0764959376	-0.0171541542	0.1434021948	0.0277958246	0.1870217538	-0.0690791761	-0.0889272903	-0.1289999139	0.1287014744	-0.1282045865	0.1275100165	-0.1944872670441668	-0.0223067051358611	0.037825297042309	0.0004975890940182	0.0709145429855908	-0.0042216025590136	1.7821928166270212e-05	0.0050288724068552	0.0149387843260626	0.1022660198256772	0.0002231672771406	0.0104583388109858	-0.0049496976522681	-0.001930255671111	3.7258869558561775e-06	2.449950684886834e-05	0.0046282801529755	-0.0008346468606746	6.966353820339663e-07	2.1420977174426917e-05	0.0007139636155503	-0.0003522970271439	1.2411319533450026e-07	5.097440443296566e-07	0.0	0.0	0.0	0.0	0.0	0.0	0.0	0.0	0.0	0.0	0.0	0.0	0.0	0.0	0.0	0.0	0.0	0.0	0.0	0.0	0.0	0.0	0.0	0.0	0.0	0.0	0.0	0.0	0.0	0.0	0.0	0.0	0.0	0.0	0.0	0.0	0.0	0.0	0.0	0.0	0.0	0.0	0.0	0.0	0.0	0.0	0.0	0.0	0.0	0.0
930.543319617578	0.1479271909844328	865910.869684902	0.0218824538325448	963.877735525529	1.6644401754288085	929060.2890418216	2.7703610975814823	872.4092323452819	0.996331471597955	761097.868681284	0.9926764012965466	895.6601363463593	683.4059988288612	0.573673	20.374115	0.2342142226957625	0.1176147515873108	-0.0850685724	-0.0154240521	-0.0105549131	0.1129783102	-0.0170634309	-0.0114325466	0.0544560532	0.0363288276	0.1101827736	-0.0056009682	0.0199431257	-0.0068957322	0.0850357397	-0.0414763594	0.0352500687	0.1152449601	0.0539542603	-0.1067109714	0.0053635147	0.0113931365	-0.0121680958	0.0587292447	0.0871663591	-0.0329453482	0.1371500696	-0.1005746606	0.1047035371	0.1075503157	0.0009471425	0.0700700868	0.0576498331	0.0661870118	0.0506839918	-0.0804943964	0.0712446357	-0.0431474527	0.046336359	0.0197185465	-0.0502199301	-0.0037082464	-0.0200394678	0.0884646691	-0.0113572387	0.0326539481	0.0777089928	-0.0102501415	0.118505565	0.0020144478	0.1338850127	-0.0698874149	-0.0554723782	-0.1290883846	0.1290552057	-0.1289999139	0.1289225186	-0.1699400331297198	0.0245472339144469	0.0288796148601302	0.0006025666928505	0.0492123825930406	-0.0217021603925502	0.0004709837657039	0.0024218586004838	0.075624035339743	0.0606852510136804	0.0057189947210666	0.0036826996905933	-0.0062301874321969	-0.0012804897799287	1.6396540765021057e-06	3.88152354403042e-05	0.0034179866699213	-0.0012102934830541	1.4648103151234669e-06	1.1682632875759697e-05	0.0006591553310316	-5.480828451869999e-05	3.003948051882769e-09	4.3448575042737837e-07	0.0	0.0	0.0	0.0	0.0	0.0	0.0	0.0	0.0	0.0	0.0	0.0	0.0	0.0	0.0	0.0	0.0	0.0	0.0	0.0	0.0	0.0	0.0	0.0	0.0	0.0	0.0	0.0	0.0	0.0	0.0	0.0	0.0	0.0	0.0	0.0	0.0	0.0	0.0	0.0	0.0	0.0	0.0	0.0	0.0	0.0	0.0	0.0	0.0	0.0
