#Insight Transform File V1.0
#Transform 0
Transform: AffineTransform_float_3_3
Parameters: 1 0.00113228 0.00039194 -0.00113244 0.999998 -0.00164545 -0.000393971 0.00164456 0.999999 0.00120596 -0.0318378 0.113625
FixedParameters: 0 0 0

#Transform 1
Transform: AffineTransform_float_3_3
Parameters: 0.999999 0.00149148 0.000436272 -0.00149021 0.999998 -0.00161795 -0.000438866 0.00161805 0.999998 0.0408488 -0.00915598 0.232507
FixedParameters: 0 0 0

#Transform 2
Transform: AffineTransform_float_3_3
Parameters: 1 0.000147442 0.000216827 -0.000146857 0.999999 -0.00134703 -0.000217223 0.00134697 0.999999 0.00624647 -0.0464052 0.225671
FixedParameters: 0 0 0

#Transform 3
Transform: AffineTransform_float_3_3
Parameters: 0.999999 -2.16991e-05 -0.000818478 2.14366e-05 0.999999 -0.00152302 0.000818694 0.00152298 0.999998 0.0278327 -0.0535048 0.225571
FixedParameters: 0 0 0

#Transform 4
Transform: AffineTransform_float_3_3
Parameters: 1 0.000297882 -5.76139e-05 -0.000297958 0.999999 -0.000661983 5.72195e-05 0.000662017 1 0.049721 -0.142697 0.257495
FixedParameters: 0 0 0

#Transform 5
Transform: AffineTransform_float_3_3
Parameters: 0.999999 -4.84749e-05 -0.00088209 4.79163e-05 0.999999 -0.00158069 0.000882393 0.00158131 0.999999 0.0726061 0.0235536 0.160508
FixedParameters: 0 0 0

#Transform 6
Transform: AffineTransform_float_3_3
Parameters: 0.999999 -0.000442592 -0.000716405 0.00044126 0.999997 -0.00221596 0.000717592 0.00221604 0.999997 0.0319293 -0.0265652 0.165715
FixedParameters: 0 0 0

#Transform 7
Transform: AffineTransform_float_3_3
Parameters: 1 -0.000366838 -0.000537935 0.00036636 0.999999 -0.0013012 0.000538503 0.0013008 0.999999 0.0417653 -0.0639533 0.214988
FixedParameters: 0 0 0

#Transform 8
Transform: AffineTransform_float_3_3
Parameters: 0.999999 -0.000818929 -0.000558658 0.000818251 0.999999 -0.00108746 0.000559129 0.00108654 1 -0.0127783 -0.0142834 0.181057
FixedParameters: 0 0 0

#Transform 9
Transform: AffineTransform_float_3_3
Parameters: 1 -0.000303062 -0.000360906 0.000302563 0.999999 -0.000691109 0.000361324 0.00069089 0.999999 0.0116783 -0.0658078 0.217153
FixedParameters: 0 0 0

#Transform 10
Transform: AffineTransform_float_3_3
Parameters: 1 -3.53975e-06 7.19268e-05 3.48983e-06 1 0.000347 -7.19293e-05 -0.000347 1 0.0275323 -0.0176647 0.103078
FixedParameters: 0 0 0

#Transform 11
Transform: AffineTransform_float_3_3
Parameters: 0.999999 0.000366944 0.000922889 -0.000366254 1 -0.000373982 -0.000923164 0.000374018 1 0.0177771 -0.00942233 0.0743584
FixedParameters: 0 0 0

#Transform 12
Transform: AffineTransform_float_3_3
Parameters: 1 -0.000268341 0.000620583 0.000268231 1 8.81665e-05 -0.00062063 -8.78335e-05 1 0.0206291 -0.0727469 0.10672
FixedParameters: 0 0 0

#Transform 13
Transform: AffineTransform_float_3_3
Parameters: 1 -0.000325285 0.000422202 0.000325227 1 6.91373e-05 -0.000422247 -6.88626e-05 1 -0.00816492 -0.0383839 0.0832294
FixedParameters: 0 0 0

#Transform 14
Transform: AffineTransform_float_3_3
Parameters: 1 0.000307073 0.000218419 -0.000307077 1 6.93293e-06 -0.000218415 -7.06707e-06 1 0.0112758 -0.056739 0.151828
FixedParameters: 0 0 0

#Transform 15
Transform: AffineTransform_float_3_3
Parameters: 1 0.000289596 0.000329833 -0.000289788 1 0.000290904 -0.000329665 -0.000291095 1 0.0207499 -0.0684065 0.193719
FixedParameters: 0 0 0

#Transform 16
Transform: AffineTransform_float_3_3
Parameters: 0.999999 0.000146157 0.000843016 -0.000145125 1 -0.000611767 -0.000843194 0.000612233 1 0.0377741 -0.027303 0.177221
FixedParameters: 0 0 0

#Transform 17
Transform: AffineTransform_float_3_3
Parameters: 1 -3.16991e-05 0.000571594 3.1164e-05 1 -0.000338982 -0.000571187 0.000339018 1 0.0398353 -0.014703 0.0914027
FixedParameters: 0 0 0

#Transform 18
Transform: AffineTransform_float_3_3
Parameters: 0.999999 0.00019802 0.00096759 -0.000197457 1 -0.000290835 -0.000967705 0.000291165 1 0.0190403 -0.0177295 0.0857168
FixedParameters: 0 0 0

#Transform 19
Transform: AffineTransform_float_3_3
Parameters: 1 -1.55407e-05 0.000457488 1.5795e-05 1 -0.000277993 -0.000457479 0.000278007 1 0.0046119 -0.0471176 0.131121
FixedParameters: 0 0 0

#Transform 20
Transform: AffineTransform_float_3_3
Parameters: 1 -0.000340981 -0.000320222 0.000340993 1 1.97419e-05 0.000320209 -1.92581e-05 1 0.00926796 -0.0167251 -0.0121845
FixedParameters: 0 0 0

#Transform 21
Transform: AffineTransform_float_3_3
Parameters: 1 -1.50868e-05 0.000457503 1.62488e-05 0.999999 -0.00126999 -0.000457464 0.00127001 0.999999 -0.0235452 0.0202626 -0.0154855
FixedParameters: 0 0 0

#Transform 22
Transform: AffineTransform_float_3_3
Parameters: 1 0.000251976 0.000345492 -0.00025176 1 -0.000313087 -0.00034565 0.000312913 1 -0.0216603 -0.0343529 0.0540733
FixedParameters: 0 0 0

#Transform 23
Transform: AffineTransform_float_3_3
Parameters: 1 0.000460505 0.0002581 -0.000459832 0.999999 -0.000557119 -0.00025769 0.000556881 1 -0.0264048 -0.0232091 0.0884545
FixedParameters: 0 0 0

#Transform 24
Transform: AffineTransform_float_3_3
Parameters: 1 4.91853e-05 0.000430439 -4.90196e-05 1 -0.000640021 -0.000431424 0.000639979 0.999999 -0.0160744 -0.0306407 0.0689778
FixedParameters: 0 0 0

#Transform 25
Transform: AffineTransform_float_3_3
Parameters: 1 -7.83377e-05 0.00030717 7.88033e-05 0.999999 -0.000757975 -0.00030705 0.000758024 0.999999 0.00621667 -0.0737242 0.169406
FixedParameters: 0 0 0

#Transform 26
Transform: AffineTransform_float_3_3
Parameters: 1 0.000330943 0.000339461 -0.000331392 0.999999 -0.000697112 -0.000339537 0.000696887 0.999999 -0.0130053 -0.0303163 0.122152
FixedParameters: 0 0 0

#Transform 27
Transform: AffineTransform_float_3_3
Parameters: 1 0.000365041 -0.000223381 -0.000365258 1 -0.000486918 0.000223025 0.000487081 1 0.0112987 -0.0612099 0.131553
FixedParameters: 0 0 0

#Transform 28
Transform: AffineTransform_float_3_3
Parameters: 1 0.00059847 0.000333591 -0.000598925 0.999999 -0.000700199 -0.000334043 0.0006998 0.999999 -0.00724873 -0.0488479 0.122081
FixedParameters: 0 0 0

#Transform 29
Transform: AffineTransform_float_3_3
Parameters: 1 0.000608541 0.000357534 -0.000608921 0.999999 -0.000758217 -0.000358071 0.000757782 0.999999 0.0143661 -0.0385717 0.130567
FixedParameters: 0 0 0

#Transform 30
Transform: AffineTransform_float_3_3
Parameters: 1 0.000791406 0.000793757 -0.000791125 0.999999 -0.000758272 -0.000794571 0.000757727 1 -0.0117854 -0.0171709 0.0977338
FixedParameters: 0 0 0

#Transform 31
Transform: AffineTransform_float_3_3
Parameters: 1 0.000785858 0.000782294 -0.000785718 1 -8.94077e-05 -0.000782434 8.95923e-05 1 -0.0242883 -0.00671998 0.0440736
FixedParameters: 0 0 0

#Transform 32
Transform: AffineTransform_float_3_3
Parameters: 1 0.00100282 0.000517883 -0.00100248 0.999999 -0.000329519 -0.000518543 0.00032848 1 0.00548138 -0.0273001 0.128058
FixedParameters: 0 0 0

#Transform 33
Transform: AffineTransform_float_3_3
Parameters: 0.999999 0.00126739 -0.000814075 -0.00126587 0.999998 0.00140082 0.000815778 -0.00140017 0.999999 0.0630764 -0.108209 0.212319
FixedParameters: 0 0 0

#Transform 34
Transform: AffineTransform_float_3_3
Parameters: 1 0.000785647 -0.000614734 -0.000785558 0.999999 7.34829e-05 0.000614849 -7.25169e-05 1 0.0250876 -0.0489734 0.105449
FixedParameters: 0 0 0

#Transform 35
Transform: AffineTransform_float_3_3
Parameters: 1 0.000784957 -0.000615617 -0.000785863 0.999999 -0.00104952 0.00061489 0.00105048 1 -0.00605393 -0.0337903 0.112602
FixedParameters: 0 0 0

#Transform 36
Transform: AffineTransform_float_3_3
Parameters: 0.999999 0.000524975 -0.000506456 -0.000525919 1 -0.00093309 0.000505475 0.000932909 0.999999 -0.0100111 -0.000743147 0.112701
FixedParameters: 0 0 0

#Transform 37
Transform: AffineTransform_float_3_3
Parameters: 0.999999 0.000947443 -0.000228321 -0.000947536 0.999999 -0.00104978 0.000227253 0.00105022 1 -0.0233528 0.00436061 0.0875058
FixedParameters: 0 0 0

#Transform 38
Transform: AffineTransform_float_3_3
Parameters: 0.999999 0.000756411 0.000184625 -0.000756877 0.999999 -0.00123414 -0.000186106 0.00123386 0.999999 -0.0301651 -0.0292384 0.0763927
FixedParameters: 0 0 0

#Transform 39
Transform: AffineTransform_float_3_3
Parameters: 0.999999 0.00122888 0.000441566 -0.00122905 0.999999 -0.00146005 -0.000443459 0.00145895 0.999998 -0.0532052 -0.028002 0.0537565
FixedParameters: 0 0 0

#Transform 40
Transform: AffineTransform_float_3_3
Parameters: 0.999999 0.000708188 0.000323167 -0.000707487 0.999999 -0.00108223 -0.000324699 0.00108177 1 -0.0465946 -0.0472508 0.0923452
FixedParameters: 0 0 0

#Transform 41
Transform: AffineTransform_float_3_3
Parameters: 1 0.000617796 0.000811193 -0.00061686 1 -0.000908501 -0.000811006 0.0009075 1 -0.0335824 0.0392969 0.03517
FixedParameters: 0 0 0

#Transform 42
Transform: AffineTransform_float_3_3
Parameters: 0.999999 0.000536867 0.00120731 -0.000535818 0.999999 -0.00103929 -0.00120673 0.00103871 0.999998 -0.0504857 0.00942567 0.0679779
FixedParameters: 0 0 0

#Transform 43
Transform: AffineTransform_float_3_3
Parameters: 0.999999 0.000595282 0.00114906 -0.000592242 0.999997 -0.00212433 -0.00115081 0.00212367 0.999997 -0.0376745 0.0395382 0.0301793
FixedParameters: 0 0 0

#Transform 44
Transform: AffineTransform_float_3_3
Parameters: 0.999998 0.000728069 0.00180925 -0.000723458 0.999998 -0.0022936 -0.00181103 0.0022924 0.999996 -0.0796663 0.07616 -0.058787
FixedParameters: 0 0 0

#Transform 45
Transform: AffineTransform_float_3_3
Parameters: 0.999999 0.00059044 0.00126186 -0.000589092 1 -0.000534388 -0.00126249 0.000533611 0.999999 -0.0655056 -0.067901 0.0402614
FixedParameters: 0 0 0

#Transform 46
Transform: AffineTransform_float_3_3
Parameters: 0.999999 0.00131816 0.000406687 -0.00131767 0.999999 -0.000123041 -0.000406088 0.00012196 1 -0.0178202 -0.0523403 0.0835378
FixedParameters: 0 0 0

#Transform 47
Transform: AffineTransform_float_3_3
Parameters: 0.999998 0.00147059 0.000975098 -0.00147021 0.999998 -0.000942584 -0.000976173 0.000940417 0.999999 -0.0429831 -0.0341819 0.00693085
FixedParameters: 0 0 0

#Transform 48
Transform: AffineTransform_float_3_3
Parameters: 0.999999 0.00134162 0.000666669 -0.00134102 0.999998 -0.00125804 -0.000667426 0.00125696 0.999999 -0.0225825 0.0228386 -0.0396418
FixedParameters: 0 0 0

#Transform 49
Transform: AffineTransform_float_3_3
Parameters: 0.999999 0.00136567 0.000722092 -0.00136405 0.999997 -0.00186013 -0.000724551 0.00185886 0.999998 -0.00671163 0.053439 0.041445
FixedParameters: 0 0 0

#Transform 50
Transform: AffineTransform_float_3_3
Parameters: 0.999999 0.0012075 0.000938795 -0.00120567 0.999998 -0.00125893 -0.000940524 0.00125807 0.999999 0.0313132 0.00606961 0.0930246
FixedParameters: 0 0 0

#Transform 51
Transform: AffineTransform_float_3_3
Parameters: 0.999999 0.000984349 0.00116238 -0.000981754 0.999999 -0.00174294 -0.00116411 0.00174206 0.999998 0.0371978 0.0812744 0.0193366
FixedParameters: 0 0 0

#Transform 52
Transform: AffineTransform_float_3_3
Parameters: 0.999997 0.00102819 0.0019377 -0.00102262 0.999995 -0.00310028 -0.00194136 0.00309772 0.999993 -0.0157373 0.109039 -0.0244525
FixedParameters: 0 0 0

#Transform 53
Transform: AffineTransform_float_3_3
Parameters: 0.999997 0.00127086 0.0018352 -0.00126481 0.999994 -0.00329977 -0.00183994 0.00329724 0.999993 -0.022374 0.111388 -0.0208458
FixedParameters: 0 0 0

#Transform 54
Transform: AffineTransform_float_3_3
Parameters: 0.999997 0.00106406 0.00192245 -0.00105648 0.999993 -0.00354812 -0.00192635 0.00354688 0.999992 -0.0363083 0.12179 -0.0458161
FixedParameters: 0 0 0

#Transform 55
Transform: AffineTransform_float_3_3
Parameters: 0.999997 0.00127229 0.00183421 -0.00126485 0.999991 -0.00407841 -0.00183924 0.00407659 0.99999 -0.016391 0.11774 0.0155709
FixedParameters: 0 0 0

#Transform 56
Transform: AffineTransform_float_3_3
Parameters: 0.999997 0.000864273 0.00193734 -0.000855771 0.999989 -0.00457075 -0.00194134 0.00457025 0.999988 0.00427459 0.11902 0.0672648
FixedParameters: 0 0 0

#Transform 57
Transform: AffineTransform_float_3_3
Parameters: 0.999996 0.000803458 0.00263545 -0.000790461 0.999989 -0.00481203 -0.00263902 0.00480997 0.999984 -0.00573805 0.144072 0.0298631
FixedParameters: 0 0 0

#Transform 58
Transform: AffineTransform_float_3_3
Parameters: 0.999994 0.00101446 0.00316296 -0.000998856 0.999987 -0.0049189 -0.00316853 0.0049161 0.999983 0.0189599 0.0787262 0.219336
FixedParameters: 0 0 0

#Transform 59
Transform: AffineTransform_float_3_3
Parameters: 0.999997 0.00160742 0.00220729 -0.00159907 0.999991 -0.00380142 -0.00221377 0.00379858 0.99999 0.0505839 0.0344273 0.247988
FixedParameters: 0 0 0

#Transform 60
Transform: AffineTransform_float_3_3
Parameters: 0.999997 0.00185844 0.001668 -0.00184917 0.999983 -0.00566369 -0.00167844 0.00566032 0.999983 0.0362433 0.0814491 0.28376
FixedParameters: 0 0 0

#Transform 61
Transform: AffineTransform_float_3_3
Parameters: 0.999998 0.00153424 0.00162251 -0.00152762 0.999991 -0.00395307 -0.00162875 0.00395092 0.999991 0.0499956 0.0557622 0.188698
FixedParameters: 0 0 0

#Transform 62
Transform: AffineTransform_float_3_3
Parameters: 0.999997 0.00159104 0.00175322 -0.00158303 0.999989 -0.00457438 -0.00176111 0.00457163 0.999988 0.0797446 0.081184 0.192238
FixedParameters: 0 0 0

#Transform 63
Transform: AffineTransform_float_3_3
Parameters: 0.999994 0.00151623 0.00304996 -0.00149963 0.999983 -0.00552662 -0.00305837 0.00552238 0.99998 0.00737799 0.117761 0.129805
FixedParameters: 0 0 0

#Transform 64
Transform: AffineTransform_float_3_3
Parameters: 0.999995 0.00133761 0.00263042 -0.00132353 0.999985 -0.00540423 -0.0026377 0.00540077 0.999982 0.041784 0.143174 0.142145
FixedParameters: 0 0 0

#Transform 65
Transform: AffineTransform_float_3_3
Parameters: 0.999995 0.00106789 0.00302629 -0.00105312 0.999986 -0.00509328 -0.00303145 0.00508972 0.999983 0.0228639 0.130365 0.150188
FixedParameters: 0 0 0

#Transform 66
Transform: AffineTransform_float_3_3
Parameters: 0.999996 0.000559453 0.00250044 -0.000550313 0.999994 -0.00364117 -0.00250286 0.00363983 0.99999 0.0116678 0.0408595 0.174859
FixedParameters: 0 0 0

#Transform 67
Transform: AffineTransform_float_3_3
Parameters: 0.999995 0.00126748 0.00266022 -0.00125344 0.999985 -0.00533658 -0.00266657 0.00533342 0.999983 0.0184362 0.176271 0.0562645
FixedParameters: 0 0 0

#Transform 68
Transform: AffineTransform_float_3_3
Parameters: 0.999994 0.00107508 0.00313273 -0.00106207 0.999991 -0.00419742 -0.00313721 0.00419358 0.999986 -0.00137789 0.154186 0.092438
FixedParameters: 0 0 0

#Transform 69
Transform: AffineTransform_float_3_3
Parameters: 0.999995 0.0007233 0.00331143 -0.000706663 0.999988 -0.00491394 -0.00331504 0.00491206 0.999983 0.010124 0.174623 0.0838609
FixedParameters: 0 0 0

#Transform 70
Transform: AffineTransform_float_3_3
Parameters: 0.999995 0.000683189 0.00328627 -0.00066724 0.999987 -0.00518615 -0.00329001 0.00518386 0.999981 0.0197657 0.182022 0.0419086
FixedParameters: 0 0 0

#Transform 71
Transform: AffineTransform_float_3_3
Parameters: 0.999998 -0.00196667 3.98872e-05 0.00196701 0.999991 -0.00374579 -3.2769e-05 0.00374521 0.999993 0.200491 0.150526 -0.0064945
FixedParameters: 0 0 0

#Transform 72
Transform: AffineTransform_float_3_3
Parameters: 0.999993 0.000628541 0.00367256 -0.000612351 0.999991 -0.0042977 -0.00367579 0.0042953 0.999984 0.04699 0.151868 -0.0169881
FixedParameters: 0 0 0

#Transform 73
Transform: AffineTransform_float_3_3
Parameters: 0.999973 0.00361953 0.00648974 -0.00358573 0.99998 -0.00511869 -0.00650857 0.0050953 0.999966 -0.149231 0.144189 -0.0676511
FixedParameters: 0 0 0

#Transform 74
Transform: AffineTransform_float_3_3
Parameters: 0.999959 0.00577459 0.0069607 -0.00574877 0.999976 -0.0038445 -0.00698243 0.00380452 0.999969 -0.177045 0.0868431 -0.150558
FixedParameters: 0 0 0

#Transform 75
Transform: AffineTransform_float_3_3
Parameters: 0.999955 0.00605482 0.00720158 -0.00603521 0.999978 -0.00276749 -0.00721775 0.00272351 0.99997 -0.210828 0.087983 -0.170764
FixedParameters: 0 0 0

#Transform 76
Transform: AffineTransform_float_3_3
Parameters: 0.999975 0.00527681 0.00482575 -0.00528377 0.999986 0.00141026 -0.00481788 -0.00143574 0.999987 -0.116298 -0.0684056 -0.0775377
FixedParameters: 0 0 0

#Transform 77
Transform: AffineTransform_float_3_3
Parameters: 0.999969 0.00594064 0.00526602 -0.00595063 0.999981 0.00190476 -0.00525505 -0.00193624 0.999984 -0.140368 -0.118576 -0.0800171
FixedParameters: 0 0 0

#Transform 78
Transform: AffineTransform_float_3_3
Parameters: 0.99997 0.00544103 0.00547076 -0.0054459 0.999985 0.000914583 -0.00546611 -0.000944421 0.999985 -0.145568 -0.0500126 -0.127435
FixedParameters: 0 0 0

#Transform 79
Transform: AffineTransform_float_3_3
Parameters: 0.99997 0.00512204 0.00590284 -0.00512457 0.999987 0.000479836 -0.00590024 -0.000509166 0.999982 -0.149979 -0.0806678 -0.0930568
FixedParameters: 0 0 0

#Transform 80
Transform: AffineTransform_float_3_3
Parameters: 0.999965 0.00504647 0.00676603 -0.00504801 0.999987 0.000164861 -0.00676457 -0.000199135 0.999978 -0.163046 -0.0652691 -0.252159
FixedParameters: 0 0 0

#Transform 81
Transform: AffineTransform_float_3_3
Parameters: 0.999963 0.00422511 0.00743485 -0.00422153 0.999991 -0.000567138 -0.00743757 0.000534864 0.999972 -0.171551 -0.0459988 -0.249081
FixedParameters: 0 0 0

#Transform 82
Transform: AffineTransform_float_3_3
Parameters: 0.999959 0.00461273 0.00776156 -0.00460876 0.999989 -0.000486545 -0.00776341 0.000450454 0.99997 -0.204602 -0.0519311 -0.307487
FixedParameters: 0 0 0

#Transform 83
Transform: AffineTransform_float_3_3
Parameters: 0.999952 0.00488021 0.00841006 -0.00487994 0.999988 -9.18114e-05 -0.00841037 5.01915e-05 0.999964 -0.247718 -0.0418087 -0.284716
FixedParameters: 0 0 0

#Transform 84
Transform: AffineTransform_float_3_3
Parameters: 0.999956 0.0042732 0.0082807 -0.00426575 0.999991 -0.000945099 -0.00828422 0.000909906 0.999966 -0.255149 -0.0348793 -0.190645
FixedParameters: 0 0 0

#Transform 85
Transform: AffineTransform_float_3_3
Parameters: 0.999945 0.00485813 0.0092679 -0.00484528 0.999987 -0.00139125 -0.00927486 0.00134675 0.999956 -0.298745 -0.0287372 -0.290368
FixedParameters: 0 0 0

#Transform 86
Transform: AffineTransform_float_3_3
Parameters: 0.999947 0.00465035 0.0091223 -0.00464211 0.999989 -0.000978077 -0.00912734 0.000935926 0.999958 -0.291816 -0.0333914 -0.298011
FixedParameters: 0 0 0

#Transform 87
Transform: AffineTransform_float_3_3
Parameters: 0.999948 0.00465672 0.00912913 -0.00464507 0.999988 -0.00129415 -0.00913504 0.00125185 0.999957 -0.276756 0.0176829 -0.348644
FixedParameters: 0 0 0

#Transform 88
Transform: AffineTransform_float_3_3
Parameters: 0.999958 0.00420821 0.00807389 -0.00420276 0.999991 -0.000730765 -0.00807627 0.00069624 0.999967 -0.178531 -0.0124349 -0.186489
FixedParameters: 0 0 0

#Transform 89
Transform: AffineTransform_float_3_3
Parameters: 0.999948 0.00410876 0.00935688 -0.00409036 0.99999 -0.00193816 -0.00936528 0.00189983 0.999954 -0.258779 0.0493559 -0.293995
FixedParameters: 0 0 0

#Transform 90
Transform: AffineTransform_float_3_3
Parameters: 0.999956 0.0045332 0.00819449 -0.00450983 0.999986 -0.00289112 -0.00820728 0.00285389 0.999963 -0.20878 0.0780607 -0.175782
FixedParameters: 0 0 0

#Transform 91
Transform: AffineTransform_float_3_3
Parameters: 0.999953 0.00443903 0.00856051 -0.00441102 0.999985 -0.00330858 -0.00857451 0.00327043 0.999958 -0.260536 0.063369 -0.232378
FixedParameters: 0 0 0

#Transform 92
Transform: AffineTransform_float_3_3
Parameters: 0.999957 0.00405403 0.00831709 -0.00402619 0.999987 -0.00330542 -0.00833024 0.00327158 0.99996 -0.263524 0.048582 -0.16792
FixedParameters: 0 0 0

#Transform 93
Transform: AffineTransform_float_3_3
Parameters: 0.999952 0.00368105 0.00906509 -0.00364764 0.999987 -0.00365936 -0.0090792 0.00362563 0.999952 -0.247702 0.0494275 -0.126283
FixedParameters: 0 0 0

#Transform 94
Transform: AffineTransform_float_3_3
Parameters: 0.999964 0.00339077 0.00785903 -0.00336832 0.99999 -0.00284855 -0.00786893 0.00282245 0.999965 -0.179118 0.0861306 -0.0823695
FixedParameters: 0 0 0

#Transform 95
Transform: AffineTransform_float_3_3
Parameters: 0.999966 0.0032323 0.00766647 -0.00321463 0.999992 -0.00222141 -0.00767284 0.00219759 0.999968 -0.169459 0.0390591 -0.0894435
FixedParameters: 0 0 0

#Transform 96
Transform: AffineTransform_float_3_3
Parameters: 0.999975 0.00335308 0.00630811 -0.00333782 0.999992 -0.00239996 -0.0063157 0.00237904 0.999977 -0.103636 -0.0356842 0.0923477
FixedParameters: 0 0 0

#Transform 97
Transform: AffineTransform_float_3_3
Parameters: 0.999984 0.00351475 0.00457728 -0.00350554 0.999992 -0.00199493 -0.00458422 0.00197907 0.999988 -0.0452803 0.073836 0.149047
FixedParameters: 0 0 0

#Transform 98
Transform: AffineTransform_float_3_3
Parameters: 0.99998 0.00363441 0.0051856 -0.00362465 0.999992 -0.00190462 -0.00519195 0.00188539 0.999985 -0.0421314 0.050521 0.0958135
FixedParameters: 0 0 0

#Transform 99
Transform: AffineTransform_float_3_3
Parameters: 0.999983 0.0038238 0.00450386 -0.00381743 0.999992 -0.00134672 -0.00450954 0.00132928 0.999989 -0.0328792 0.0527476 0.0349085
FixedParameters: 0 0 0

#Transform 100
Transform: AffineTransform_float_3_3
Parameters: 0.999986 0.00368228 0.00383353 -0.00367954 0.999993 -0.000744689 -0.00383557 0.000731314 0.999993 -0.0496226 0.053774 0.00589857
FixedParameters: 0 0 0

#Transform 101
Transform: AffineTransform_float_3_3
Parameters: 0.999983 0.00495047 0.00330184 -0.00494703 0.999988 -0.000772388 -0.00330548 0.000756611 0.999994 -0.0588403 0.0350128 0.00541124
FixedParameters: 0 0 0

#Transform 102
Transform: AffineTransform_float_3_3
Parameters: 0.999984 0.00522668 0.00210975 -0.005226 0.999986 -0.000421415 -0.00211148 0.000410588 0.999998 -0.0629805 -0.0400657 0.12781
FixedParameters: 0 0 0

#Transform 103
Transform: AffineTransform_float_3_3
Parameters: 0.999982 0.00593381 0.00145137 -0.00593219 0.999982 -0.000851086 -0.00145565 0.000842917 0.999999 -0.0768827 -0.0278058 0.142702
FixedParameters: 0 0 0

#Transform 104
Transform: AffineTransform_float_3_3
Parameters: 0.999978 0.0060368 0.00249765 -0.00602829 0.999976 -0.00330925 -0.00251786 0.00329374 0.999991 -0.095869 0.0574268 0.0204007
FixedParameters: 0 0 0

#Transform 105
Transform: AffineTransform_float_3_3
Parameters: 0.999975 0.00572027 0.00415002 -0.0056967 0.999967 -0.00574279 -0.00418257 0.00571921 0.999975 -0.133161 0.119679 -0.0189264
FixedParameters: 0 0 0

#Transform 106
Transform: AffineTransform_float_3_3
Parameters: 0.999967 0.005785 0.00570622 -0.00574003 0.999952 -0.00784989 -0.00575067 0.00781711 0.999953 -0.172416 0.19546 -0.129647
FixedParameters: 0 0 0

#Transform 107
Transform: AffineTransform_float_3_3
Parameters: 0.999969 0.00585035 0.00523718 -0.00579524 0.999929 -0.010444 -0.00529778 0.010413 0.999932 -0.147679 0.306907 0.308176
FixedParameters: 0 0 0

#Transform 108
Transform: AffineTransform_float_3_3
Parameters: 0.999966 0.00687028 0.00443599 -0.0068128 0.999895 -0.0127456 -0.00452257 0.0127154 0.999909 -0.116162 0.265098 0.484332
FixedParameters: 0 0 0

#Transform 109
Transform: AffineTransform_float_3_3
Parameters: 0.999975 0.00632569 0.00323616 -0.00629491 0.999935 -0.00952491 -0.0032965 0.00950409 0.999949 -0.0426378 0.141667 0.400766
FixedParameters: 0 0 0

#Transform 110
Transform: AffineTransform_float_3_3
Parameters: 0.999976 0.00569734 0.00377271 -0.00566514 0.999949 -0.00845665 -0.00382063 0.00843536 0.999957 -0.0947046 0.162644 0.358621
FixedParameters: 0 0 0

#Transform 111
Transform: AffineTransform_float_3_3
Parameters: 0.999984 0.00529386 0.00211119 -0.00527919 0.999963 -0.00676479 -0.00214641 0.00675422 0.999975 -0.042767 0.0631294 0.457116
FixedParameters: 0 0 0

#Transform 112
Transform: AffineTransform_float_3_3
Parameters: 0.999987 0.00488669 0.00151187 -0.00487705 0.99997 -0.00599146 -0.00154178 0.00598354 0.999981 -0.0365553 -0.0244243 0.537568
FixedParameters: 0 0 0

#Transform 113
Transform: AffineTransform_float_3_3
Parameters: 0.999983 0.00552337 0.0014805 -0.00551621 0.99997 -0.00547006 -0.00151099 0.00546194 0.999984 -0.0518333 0.0966793 0.433294
FixedParameters: 0 0 0

#Transform 114
Transform: AffineTransform_float_3_3
Parameters: 0.999981 0.00581659 0.00193898 -0.0057954 0.999925 -0.0107882 -0.00200108 0.0107758 0.99994 -0.110815 0.248291 0.259698
FixedParameters: 0 0 0

#Transform 115
Transform: AffineTransform_float_3_3
Parameters: 0.999981 0.00581571 0.00172226 -0.00579659 0.99992 -0.0112954 -0.00178843 0.0112856 0.999934 -0.131951 0.223249 0.280133
FixedParameters: 0 0 0

#Transform 116
Transform: AffineTransform_float_3_3
Parameters: 0.999983 0.00545759 0.00175598 -0.0054368 0.999919 -0.0115192 -0.0018187 0.0115088 0.999932 -0.147204 0.30697 0.235678
FixedParameters: 0 0 0

#Transform 117
Transform: AffineTransform_float_3_3
Parameters: 0.999983 0.00553484 0.0016026 -0.00551949 0.999939 -0.00953545 -0.00165479 0.00952654 0.999953 -0.117429 0.177948 0.379519
FixedParameters: 0 0 0

#Transform 118
Transform: AffineTransform_float_3_3
Parameters: 0.999982 0.00594527 0.00143245 -0.00593014 0.999928 -0.0104241 -0.00149448 0.0104158 0.999945 -0.117299 0.229072 0.394467
FixedParameters: 0 0 0

#Transform 119
Transform: AffineTransform_float_3_3
Parameters: 0.999981 0.0057815 0.00218411 -0.0057574 0.999923 -0.010964 -0.00224721 0.010951 0.999937 -0.145622 0.266107 0.304384
FixedParameters: 0 0 0
