#Insight Transform File V1.0
#Transform 0
Transform: AffineTransform_float_3_3
Parameters: 0.999992 0.00345679 -0.00188547 -0.00344163 0.999964 0.00769495 0.00191208 -0.00768775 0.999968 0.0118098 -0.28404 0.0605583
FixedParameters: 0 0 0

#Transform 1
Transform: AffineTransform_float_3_3
Parameters: 0.999994 0.00311419 -0.00173032 -0.0031031 0.999974 0.00649899 0.00175084 -0.00649316 0.999978 0.0235114 -0.214199 0.0630797
FixedParameters: 0 0 0

#Transform 2
Transform: AffineTransform_float_3_3
Parameters: 0.999994 0.00275443 -0.001836 -0.00274306 0.999977 0.0062623 0.0018536 -0.00625729 0.999979 0.0203627 -0.251193 0.0935133
FixedParameters: 0 0 0

#Transform 3
Transform: AffineTransform_float_3_3
Parameters: 0.999995 0.00267875 -0.00175981 -0.00266855 0.99998 0.00566678 0.00177465 -0.00566241 0.999982 0.0177972 -0.228417 0.0762081
FixedParameters: 0 0 0

#Transform 4
Transform: AffineTransform_float_3_3
Parameters: 0.999995 0.0025483 -0.00176945 -0.00253805 0.999981 0.00567544 0.00178379 -0.0056705 0.999982 0.0188803 -0.202901 0.0774433
FixedParameters: 0 0 0

#Transform 5
Transform: AffineTransform_float_3_3
Parameters: 0.999997 0.00231904 -0.00114014 -0.00230625 0.999943 0.0104572 0.00116458 -0.010455 0.999944 -0.0207855 -0.366633 0.115227
FixedParameters: 0 0 0

#Transform 6
Transform: AffineTransform_float_3_3
Parameters: 0.999998 0.00150892 -0.00152369 -0.00149414 0.999951 0.00974304 0.00153913 -0.00973999 0.999951 -0.0140807 -0.349375 0.150361
FixedParameters: 0 0 0

#Transform 7
Transform: AffineTransform_float_3_3
Parameters: 0.999998 0.00172931 -0.0010087 -0.00172104 0.999962 0.00849446 0.00102331 -0.00849219 0.999963 -0.00598724 -0.323468 0.160238
FixedParameters: 0 0 0

#Transform 8
Transform: AffineTransform_float_3_3
Parameters: 1 0.00119891 -0.000417516 -0.001196 0.999978 0.00642078 0.000425532 -0.00641983 0.999979 -0.0293997 -0.239357 0.126079
FixedParameters: 0 0 0

#Transform 9
Transform: AffineTransform_float_3_3
Parameters: 0.999999 0.00112081 5.65804e-05 -0.00112096 0.999987 0.00498293 -5.11565e-05 -0.00498303 0.999988 -0.0223688 -0.188827 0.101242
FixedParameters: 0 0 0

#Transform 10
Transform: AffineTransform_float_3_3
Parameters: 1 0.00114119 -0.000451787 -0.00113883 0.999989 0.00442569 0.000457229 -0.00442569 0.99999 -0.00518283 -0.189484 0.0544644
FixedParameters: 0 0 0

#Transform 11
Transform: AffineTransform_float_3_3
Parameters: 1 0.000743486 -7.89707e-05 -0.000743686 0.999992 0.00390497 8.22461e-05 -0.00390487 0.999993 -0.0186431 -0.13175 0.0271655
FixedParameters: 0 0 0

#Transform 12
Transform: AffineTransform_float_3_3
Parameters: 1 0.000583466 0.000277082 -0.000584058 0.999995 0.00315745 -0.000275614 -0.00315773 0.999995 -0.0337612 -0.137049 0.0286999
FixedParameters: 0 0 0

#Transform 13
Transform: AffineTransform_float_3_3
Parameters: 0.999999 0.000281439 0.000773324 -0.000282381 0.999999 0.00125647 -0.000772607 -0.00125687 0.999999 -0.0382724 -0.0397847 0.00087529
FixedParameters: 0 0 0

#Transform 14
Transform: AffineTransform_float_3_3
Parameters: 1 0.000433736 -8.10662e-06 -0.000433653 1 0.000944699 7.93006e-06 -0.000944552 0.999999 -0.0219863 -0.0330417 -0.00631535
FixedParameters: 0 0 0

#Transform 15
Transform: AffineTransform_float_3_3
Parameters: 0.999999 0.000360895 0.000840685 -0.000360692 1 0.000454561 -0.000840291 -0.000454148 0.999999 -0.0337367 -0.0104627 0.00362973
FixedParameters: 0 0 0

#Transform 16
Transform: AffineTransform_float_3_3
Parameters: 1 0.000343828 0.00102589 -0.00034345 1 0.000301516 -0.00102561 -0.000302328 1 -0.038936 -0.0280745 -0.013513
FixedParameters: 0 0 0

#Transform 17
Transform: AffineTransform_float_3_3
Parameters: 0.999999 0.00014723 0.000761769 -0.000147157 1 -4.80123e-05 -0.000761783 4.77881e-05 0.999999 -0.0297327 0.0285093 -0.013866
FixedParameters: 0 0 0

#Transform 18
Transform: AffineTransform_float_3_3
Parameters: 1 -6.63774e-05 0.000501662 6.68633e-05 1 -0.000484221 -0.000501598 0.000484288 1 -0.0290642 0.00241581 -0.00617727
FixedParameters: 0 0 0

#Transform 19
Transform: AffineTransform_float_3_3
Parameters: 1 0.000227546 -0.000526748 -0.000227578 1 -2.95515e-05 0.000526734 2.97912e-05 1 0.02832 0.0196105 -0.0114667
FixedParameters: 0 0 0

#Transform 20
Transform: AffineTransform_float_3_3
Parameters: 1 0.000563992 -0.000296062 -0.000563641 0.999999 0.000478327 0.000295605 -0.00047799 1 0.0155993 -0.00378348 0.00908055
FixedParameters: 0 0 0

#Transform 21
Transform: AffineTransform_float_3_3
Parameters: 1 -5.26333e-05 -0.000164091 5.31593e-05 0.999998 0.00159158 0.000163864 -0.0015916 0.999998 -0.0108953 -0.0706377 0.0144045
FixedParameters: 0 0 0

#Transform 22
Transform: AffineTransform_float_3_3
Parameters: 1 -0.000115286 8.23429e-05 0.000115276 1 5.52716e-05 -8.23556e-05 -5.52526e-05 1 -0.00647704 -0.0164052 0.0240652
FixedParameters: 0 0 0

#Transform 23
Transform: AffineTransform_float_3_3
Parameters: 1 -0.000111521 -0.000214019 0.000111309 1 -0.00049552 0.000214129 0.000495473 1 -0.0132594 0.0491963 -0.0230312
FixedParameters: 0 0 0

#Transform 24
Transform: AffineTransform_float_3_3
Parameters: 1 -0.000106371 -0.000349964 0.000105929 1 -0.000630474 0.000350098 0.0006304 0.999999 -0.000776579 0.0228156 -0.0557992
FixedParameters: 0 0 0

#Transform 25
Transform: AffineTransform_float_3_3
Parameters: 1 -0.000210699 -0.000218733 0.000210494 1 -0.000469593 0.000218931 0.000469501 1 0.0146821 0.00463765 -0.0702764
FixedParameters: 0 0 0

#Transform 26
Transform: AffineTransform_float_3_3
Parameters: 1 -0.000101887 -0.000452885 0.000101242 0.999999 -0.000712447 0.00045303 0.000712355 0.999999 0.0109451 0.0310085 -0.0143669
FixedParameters: 0 0 0

#Transform 27
Transform: AffineTransform_float_3_3
Parameters: 1 -1.1277e-06 -0.00051327 1.26333e-06 1 0.000132126 0.00051327 -0.000132127 1 0.0250745 -0.0155956 -0.0324558
FixedParameters: 0 0 0

#Transform 28
Transform: AffineTransform_float_3_3
Parameters: 1 -9.42661e-05 -4.64765e-05 9.42247e-05 1 -0.000444323 4.65602e-05 0.000444314 1 0.0108873 0.0336119 -0.0598354
FixedParameters: 0 0 0

#Transform 29
Transform: AffineTransform_float_3_3
Parameters: 1 -0.000271116 0.00036469 0.000272057 0.999999 -0.00128618 -0.00036405 0.00128638 0.999999 -0.0247156 0.0908158 0.0941518
FixedParameters: 0 0 0

#Transform 30
Transform: AffineTransform_float_3_3
Parameters: 1 -0.00078478 0.000900948 0.000787051 0.999998 -0.00175868 -0.000899304 0.00175908 0.999998 -0.068839 0.0566611 0.150385
FixedParameters: 0 0 0

#Transform 31
Transform: AffineTransform_float_3_3
Parameters: 0.999996 -0.00195741 0.00176882 0.00196129 0.999996 -0.00212121 -0.00176481 0.00212506 0.999996 -0.135254 0.0842205 -0.0649384
FixedParameters: 0 0 0

#Transform 32
Transform: AffineTransform_float_3_3
Parameters: 0.999997 -0.00149614 0.00164173 0.00149995 0.999997 -0.00198858 -0.00163907 0.00199131 0.999997 -0.131497 0.110612 -0.171559
FixedParameters: 0 0 0

#Transform 33
Transform: AffineTransform_float_3_3
Parameters: 0.999997 -0.00150648 0.00164295 0.00151215 0.999993 -0.0034339 -0.00163732 0.00343559 0.999993 -0.131727 0.182028 -0.248312
FixedParameters: 0 0 0

#Transform 34
Transform: AffineTransform_float_3_3
Parameters: 0.999999 -0.000685262 0.00122786 0.000689478 0.999995 -0.0028917 -0.00122531 0.00289218 0.999995 -0.150786 0.136929 -0.217125
FixedParameters: 0 0 0

#Transform 35
Transform: AffineTransform_float_3_3
Parameters: 1 0.000183923 -0.000588371 -0.000185238 0.999996 -0.00276834 0.000588244 0.00276861 0.999996 -0.149824 0.211107 -0.200963
FixedParameters: 0 0 0

#Transform 36
Transform: AffineTransform_float_3_3
Parameters: 0.999994 0.00107928 -0.00330352 -0.00100798 0.999764 0.0217084 0.00332688 -0.0217044 0.999759 -0.101383 -0.564195 0.0139055
FixedParameters: 0 0 0

#Transform 37
Transform: AffineTransform_float_3_3
Parameters: 0.999998 0.00142154 -0.00168019 -0.00138892 0.999821 0.018848 0.00170647 -0.0188454 0.999821 -0.147017 -0.548427 0.00937239
FixedParameters: 0 0 0

#Transform 38
Transform: AffineTransform_float_3_3
Parameters: 0.999999 0.000412561 -0.000635422 -0.000401396 0.999868 0.0162345 0.000642158 -0.0162343 0.999868 -0.122749 -0.514045 0.0745735
FixedParameters: 0 0 0

#Transform 39
Transform: AffineTransform_float_3_3
Parameters: 1 0.000209228 -0.000940307 -0.000195209 0.999883 0.0153115 0.000943554 -0.0153117 0.999883 -0.0662737 -0.501047 0.0831534
FixedParameters: 0 0 0

#Transform 40
Transform: AffineTransform_float_3_3
Parameters: 0.999999 0.00024196 -0.000827552 -0.000231774 0.99992 0.0126502 0.000830067 -0.0126502 0.999919 -0.111275 -0.400474 0.0496133
FixedParameters: 0 0 0

#Transform 41
Transform: AffineTransform_float_3_3
Parameters: 1 0.000155051 -0.000249385 -0.000152263 0.999936 0.0113109 0.000250871 -0.0113109 0.999936 -0.103371 -0.321762 -0.0364636
FixedParameters: 0 0 0

#Transform 42
Transform: AffineTransform_float_3_3
Parameters: 1 -7.43067e-05 -0.000535908 7.99039e-05 0.99995 0.0099756 0.00053506 -0.00997485 0.99995 -0.0840642 -0.314346 -0.0178999
FixedParameters: 0 0 0

#Transform 43
Transform: AffineTransform_float_3_3
Parameters: 1 7.28566e-05 -0.000304389 -7.07022e-05 0.999964 0.00842609 0.000305262 -0.00842628 0.999965 -0.102922 -0.279198 0.00318996
FixedParameters: 0 0 0

#Transform 44
Transform: AffineTransform_float_3_3
Parameters: 1 -0.000248951 -0.000271538 0.000251018 0.999969 0.00778223 0.000269724 -0.00778243 0.999969 -0.104867 -0.193476 -0.030127
FixedParameters: 0 0 0

#Transform 45
Transform: AffineTransform_float_3_3
Parameters: 1 -0.000350104 -0.000871324 0.000355782 0.999976 0.00682169 0.000868725 -0.00682163 0.999977 -0.0833059 -0.215539 -0.0435786
FixedParameters: 0 0 0

#Transform 46
Transform: AffineTransform_float_3_3
Parameters: 0.999999 -0.00043206 -0.000467918 0.000434663 0.99998 0.00620419 0.000465199 -0.0062047 0.99998 -0.0853126 -0.195236 -0.0639853
FixedParameters: 0 0 0

#Transform 47
Transform: AffineTransform_float_3_3
Parameters: 1 -0.000462659 -0.000221254 0.000464009 0.999983 0.00579454 0.000218797 -0.00579479 0.999983 -0.0928653 -0.205677 -0.0670913
FixedParameters: 0 0 0

#Transform 48
Transform: AffineTransform_float_3_3
Parameters: 0.999999 -0.000638913 -0.000207071 0.000639944 0.999984 0.00560459 0.000203871 -0.00560491 0.999985 -0.113781 -0.173951 -0.113099
FixedParameters: 0 0 0

#Transform 49
Transform: AffineTransform_float_3_3
Parameters: 1 -0.000938936 -9.38281e-05 0.000939612 0.999984 0.00561328 8.83735e-05 -0.00561347 0.999985 -0.103099 -0.149799 -0.0761374
FixedParameters: 0 0 0

#Transform 50
Transform: AffineTransform_float_3_3
Parameters: 1 -0.000118254 -0.00031716 0.000120022 0.999982 0.00603673 0.000316516 -0.00603687 0.999981 -0.114157 -0.162447 -0.0630265
FixedParameters: 0 0 0

#Transform 51
Transform: AffineTransform_float_3_3
Parameters: 1 -0.000417175 -0.000176583 0.000419409 0.99995 0.0100531 0.000172125 -0.0100531 0.999949 -0.113649 -0.321415 0.0307522
FixedParameters: 0 0 0

#Transform 52
Transform: AffineTransform_float_3_3
Parameters: 1 -0.000924105 -0.000320644 0.000926904 0.999963 0.00846533 0.00031273 -0.00846502 0.999965 -0.091664 -0.260063 -0.00774981
FixedParameters: 0 0 0

#Transform 53
Transform: AffineTransform_float_3_3
Parameters: 1 -0.00086302 -1.88856e-05 0.000862814 0.999973 0.00737978 1.25823e-05 -0.0073797 0.999973 -0.110012 -0.206572 -0.0455371
FixedParameters: 0 0 0

#Transform 54
Transform: AffineTransform_float_3_3
Parameters: 0.999999 -0.000682798 0.00153362 0.00066741 0.999945 0.0104006 -0.00154067 -0.0103992 0.999945 -0.157992 -0.311538 -0.0504427
FixedParameters: 0 0 0

#Transform 55
Transform: AffineTransform_float_3_3
Parameters: 0.999999 -0.00119334 0.00119233 0.00118352 0.99997 0.00762856 -0.00120154 -0.00762648 0.999971 -0.151461 -0.221715 -0.0892642
FixedParameters: 0 0 0

#Transform 56
Transform: AffineTransform_float_3_3
Parameters: 0.999999 -0.0011753 0.000840076 0.00116837 0.999972 0.00732617 -0.00084841 -0.00732504 0.999973 -0.131751 -0.218396 -0.0888297
FixedParameters: 0 0 0

#Transform 57
Transform: AffineTransform_float_3_3
Parameters: 0.999999 -0.00131938 0.000694317 0.00131503 0.999974 0.0069936 -0.000703728 -0.00699248 0.999975 -0.117637 -0.206393 -0.0892442
FixedParameters: 0 0 0

#Transform 58
Transform: AffineTransform_float_3_3
Parameters: 0.999998 -0.0014714 0.000398068 0.00146812 0.999975 0.00700241 -0.000408848 -0.00700189 0.999975 -0.121875 -0.180239 -0.130873
FixedParameters: 0 0 0

#Transform 59
Transform: AffineTransform_float_3_3
Parameters: 0.999999 -0.00150429 0.000726794 0.0014996 0.999976 0.00685918 -0.000737271 -0.00685757 0.999976 -0.135874 -0.187366 -0.128049
FixedParameters: 0 0 0

#Transform 60
Transform: AffineTransform_float_3_3
Parameters: 0.999999 -0.00148476 0.000448593 0.00148091 0.999976 0.0067776 -0.000457775 -0.00677707 0.999977 -0.12716 -0.1857 -0.114629
FixedParameters: 0 0 0

#Transform 61
Transform: AffineTransform_float_3_3
Parameters: 0.999999 -0.00156845 0.000315582 0.00156624 0.999975 0.00700536 -0.000326682 -0.00700503 0.999975 -0.126198 -0.206314 -0.112733
FixedParameters: 0 0 0

#Transform 62
Transform: AffineTransform_float_3_3
Parameters: 0.999998 -0.00173069 0.000713495 0.00172583 0.999974 0.00701003 -0.000725723 -0.00700827 0.999976 -0.127342 -0.19948 -0.0870854
FixedParameters: 0 0 0

#Transform 63
Transform: AffineTransform_float_3_3
Parameters: 0.999999 -0.00110304 -0.000187141 0.00110408 0.999974 0.00714691 0.000179841 -0.00714725 0.999974 -0.0778779 -0.219015 -0.031656
FixedParameters: 0 0 0

#Transform 64
Transform: AffineTransform_float_3_3
Parameters: 0.999999 -0.00101425 -0.00120387 0.00102281 0.999971 0.00754241 0.00119526 -0.00754317 0.999971 -0.0195137 -0.25226 0.0200458
FixedParameters: 0 0 0

#Transform 65
Transform: AffineTransform_float_3_3
Parameters: 0.999999 -0.0010437 -0.000791008 0.00104909 0.999971 0.00760195 0.000782995 -0.00760268 0.999971 -0.0588824 -0.217375 -0.0154401
FixedParameters: 0 0 0

#Transform 66
Transform: AffineTransform_float_3_3
Parameters: 0.999999 -0.00105635 -0.000662461 0.00106071 0.999971 0.00750614 0.000653597 -0.00750659 0.999972 -0.0604569 -0.222075 -0.0122035
FixedParameters: 0 0 0

#Transform 67
Transform: AffineTransform_float_3_3
Parameters: 0.999999 -0.000338005 -0.000644837 0.000342707 0.999976 0.00688708 0.000642445 -0.00688765 0.999976 -0.043544 -0.213257 0.0239744
FixedParameters: 0 0 0

#Transform 68
Transform: AffineTransform_float_3_3
Parameters: 1 -0.000624396 -0.000665842 0.000628491 0.999979 0.00635712 0.000662458 -0.0063571 0.999979 -0.029829 -0.183798 0.0328617
FixedParameters: 0 0 0

#Transform 69
Transform: AffineTransform_float_3_3
Parameters: 1 -0.000843082 -0.000402867 0.000845448 0.999983 0.005874 0.000397843 -0.00587462 0.999982 -0.0397898 -0.165933 0.00210189
FixedParameters: 0 0 0

#Transform 70
Transform: AffineTransform_float_3_3
Parameters: 1 -0.000529259 -0.000596518 0.000532452 0.999981 0.00625623 0.000593461 -0.006257 0.999981 -0.0299372 -0.195664 0.0140793
FixedParameters: 0 0 0

#Transform 71
Transform: AffineTransform_float_3_3
Parameters: 1 -0.00110432 5.50693e-05 0.00110425 0.999982 0.0058872 -6.19752e-05 -0.00588792 0.999982 -0.0745428 -0.156639 -0.0167717
FixedParameters: 0 0 0

#Transform 72
Transform: AffineTransform_float_3_3
Parameters: 1 -0.00106846 -0.000193713 0.00106947 0.999979 0.00647262 0.000186593 -0.00647295 0.999979 -0.0605139 -0.182575 -0.00938205
FixedParameters: 0 0 0

#Transform 73
Transform: AffineTransform_float_3_3
Parameters: 0.999999 -0.00155405 0.000161542 0.00155239 0.99998 0.00624765 -0.000171924 -0.00624786 0.99998 -0.0900875 -0.166948 -0.0113698
FixedParameters: 0 0 0

#Transform 74
Transform: AffineTransform_float_3_3
Parameters: 0.999999 -0.0015801 0.000354819 0.0015773 0.999981 0.0058491 -0.000364074 -0.0058488 0.999983 -0.0901495 -0.180101 0.00309869
FixedParameters: 0 0 0

#Transform 75
Transform: AffineTransform_float_3_3
Parameters: 0.999998 -0.00189226 1.58982e-05 0.00189234 0.999984 0.00533333 -2.57671e-05 -0.005333 0.999986 -0.108231 -0.173171 0.15276
FixedParameters: 0 0 0

#Transform 76
Transform: AffineTransform_float_3_3
Parameters: 0.999999 -0.00167316 0.000250755 0.0016727 0.999995 0.00241144 -0.000254829 -0.00241144 0.999997 -0.0949068 -0.0664916 0.507927
FixedParameters: 0 0 0

#Transform 77
Transform: AffineTransform_float_3_3
Parameters: 0.999999 -0.00151544 -0.000714489 0.00151942 0.999985 0.00536957 0.000707237 -0.0053706 0.999985 -0.098 -0.0589416 0.455464
FixedParameters: 0 0 0

#Transform 78
Transform: AffineTransform_float_3_3
Parameters: 0.999998 -0.00190752 -0.000556725 0.00190882 0.999996 0.00239455 0.000552435 -0.00239546 0.999997 -0.109565 0.00534882 0.322189
FixedParameters: 0 0 0

#Transform 79
Transform: AffineTransform_float_3_3
Parameters: 0.999996 -0.0009444 -0.00241483 0.000943021 0.999999 -0.000908052 0.00241574 0.000905294 0.999996 -0.070652 0.116398 0.270248
FixedParameters: 0 0 0

#Transform 80
Transform: AffineTransform_float_3_3
Parameters: 0.999998 -0.000244573 -0.00167651 0.000244478 1 -2.8896e-05 0.00167652 2.79403e-05 0.999998 -0.0554078 0.0686999 0.240519
FixedParameters: 0 0 0

#Transform 81
Transform: AffineTransform_float_3_3
Parameters: 0.999999 -0.000543322 -0.00169623 0.000541905 1 -0.000996965 0.00169745 0.000996037 0.999998 -0.0680909 0.115964 0.214952
FixedParameters: 0 0 0

#Transform 82
Transform: AffineTransform_float_3_3
Parameters: 0.999999 -0.000544995 -0.00131351 0.000540986 0.999996 -0.00268217 0.00131545 0.00268182 0.999995 -0.0905825 0.135588 0.181982
FixedParameters: 0 0 0

#Transform 83
Transform: AffineTransform_float_3_3
Parameters: 1 -0.000692155 -0.000588096 0.000696918 0.999969 0.00785864 0.000583102 -0.00785861 0.999969 -0.125129 -0.169657 0.143865
FixedParameters: 0 0 0

#Transform 84
Transform: AffineTransform_float_3_3
Parameters: 1 -0.000553517 0.00079296 0.000548017 0.999974 0.00708928 -0.000796796 -0.00708924 0.999974 -0.173982 -0.254544 0.0141348
FixedParameters: 0 0 0

#Transform 85
Transform: AffineTransform_float_3_3
Parameters: 0.999998 -0.00153082 -0.00115976 0.00153246 0.999998 0.00122535 0.00115798 -0.00122683 0.999998 -0.0904023 0.0267417 0.0339955
FixedParameters: 0 0 0

#Transform 86
Transform: AffineTransform_float_3_3
Parameters: 0.999998 -0.0010811 -0.00121651 0.00108041 1 0.000135083 0.00121615 -0.000136751 1 -0.0825778 0.0170104 0.00861841
FixedParameters: 0 0 0

#Transform 87
Transform: AffineTransform_float_3_3
Parameters: 0.999999 -0.000908696 0.00143935 0.000906484 0.999998 0.0014478 -0.00144085 -0.00144626 0.999998 -0.134476 0.0186046 0.040009
FixedParameters: 0 0 0

#Transform 88
Transform: AffineTransform_float_3_3
Parameters: 0.999999 -0.00112562 0.000998461 0.00112165 0.999992 0.00387004 -0.00100331 -0.00386867 0.999992 -0.140874 -0.056007 0.0621453
FixedParameters: 0 0 0

#Transform 89
Transform: AffineTransform_float_3_3
Parameters: 0.999998 -0.00185254 3.31167e-05 0.00185235 0.999982 0.00570231 -4.30496e-05 -0.00570192 0.999984 -0.187106 -0.061478 0.110996
FixedParameters: 0 0 0

#Transform 90
Transform: AffineTransform_float_3_3
Parameters: 0.999997 -0.00236822 -0.000723277 0.00237308 0.999973 0.00700298 0.000706542 -0.00700502 0.999975 -0.0601161 -0.154372 0.114274
FixedParameters: 0 0 0

#Transform 91
Transform: AffineTransform_float_3_3
Parameters: 0.999996 -0.00211887 0.00208979 0.00210777 0.999983 0.00537407 -0.00210142 -0.00536999 0.999984 -0.118982 -0.116219 0.0683197
FixedParameters: 0 0 0

#Transform 92
Transform: AffineTransform_float_3_3
Parameters: 0.999987 -0.00256821 0.00442377 0.00251068 0.999911 0.0131495 -0.00445734 -0.0131381 0.999904 -0.201214 -0.367654 0.283915
FixedParameters: 0 0 0

#Transform 93
Transform: AffineTransform_float_3_3
Parameters: 0.999985 -0.00343244 0.00411159 0.00339483 0.999953 0.00909186 -0.00414213 -0.00907806 0.99995 -0.201798 -0.234582 0.119353
FixedParameters: 0 0 0

#Transform 94
Transform: AffineTransform_float_3_3
Parameters: 0.999984 -0.00376846 0.00409274 0.00373928 0.999968 0.00717647 -0.00411959 -0.00716095 0.999965 -0.196942 -0.22884 0.0875732
FixedParameters: 0 0 0

#Transform 95
Transform: AffineTransform_float_3_3
Parameters: 0.999986 -0.00380353 0.00378124 0.00378954 0.999986 0.00363862 -0.00379482 -0.00362449 0.999986 -0.165084 -0.0945953 0.0242296
FixedParameters: 0 0 0

#Transform 96
Transform: AffineTransform_float_3_3
Parameters: 0.999986 -0.00380147 0.00368813 0.0037996 0.999993 0.00057408 -0.00369093 -0.000559981 0.999993 -0.167592 0.0119269 0.0590645
FixedParameters: 0 0 0

#Transform 97
Transform: AffineTransform_float_3_3
Parameters: 0.999991 -0.00315598 0.00257025 0.00315495 0.999995 5.41453e-05 -0.00257038 -4.58764e-05 0.999997 -0.147725 0.0373543 0.049259
FixedParameters: 0 0 0

#Transform 98
Transform: AffineTransform_float_3_3
Parameters: 0.999992 -0.00313514 0.00248678 0.00313712 0.999995 -0.000722852 -0.00248409 0.000730603 0.999997 -0.145979 0.0700492 0.00250209
FixedParameters: 0 0 0

#Transform 99
Transform: AffineTransform_float_3_3
Parameters: 0.999993 -0.00311625 0.00208018 0.00311768 0.999995 -0.000741859 -0.00207741 0.000748107 0.999998 -0.127472 0.0948642 0.00403366
FixedParameters: 0 0 0

#Transform 100
Transform: AffineTransform_float_3_3
Parameters: 0.999992 -0.00335617 0.00243932 0.00335949 0.999994 -0.00119097 -0.00243517 0.00119961 0.999996 -0.14071 0.0996073 0.00947724
FixedParameters: 0 0 0

#Transform 101
Transform: AffineTransform_float_3_3
Parameters: 0.99999 -0.00368435 0.002802 0.00368803 0.999992 -0.00142005 -0.00279749 0.0014308 0.999995 -0.129386 0.125341 -0.0175725
FixedParameters: 0 0 0

#Transform 102
Transform: AffineTransform_float_3_3
Parameters: 0.999991 -0.00339452 0.00265206 0.00340036 0.999992 -0.0020909 -0.00264501 0.00209997 0.999994 -0.121226 0.121106 -0.0492368
FixedParameters: 0 0 0

#Transform 103
Transform: AffineTransform_float_3_3
Parameters: 0.999991 -0.00338551 0.0025442 0.00339048 0.999992 -0.00202133 -0.00253666 0.00202961 0.999995 -0.129772 0.105634 -0.0596779
FixedParameters: 0 0 0

#Transform 104
Transform: AffineTransform_float_3_3
Parameters: 0.99999 -0.0034 0.0026921 0.00340558 0.999991 -0.00219681 -0.00268443 0.00220601 0.999994 -0.138075 0.103428 -0.0491034
FixedParameters: 0 0 0

#Transform 105
Transform: AffineTransform_float_3_3
Parameters: 0.999991 -0.00356345 0.00260083 0.00356905 0.999992 -0.00208548 -0.00259304 0.00209522 0.999994 -0.121687 0.113156 -0.0433602
FixedParameters: 0 0 0

#Transform 106
Transform: AffineTransform_float_3_3
Parameters: 0.999996 -0.00271585 0.000235632 0.00271826 0.999926 -0.0117977 -0.000203757 0.0117981 0.999931 -0.151357 0.411967 -0.129757
FixedParameters: 0 0 0

#Transform 107
Transform: AffineTransform_float_3_3
Parameters: 0.999987 -0.00405624 0.00291698 0.00409357 0.999907 -0.0130429 -0.00286406 0.0130546 0.999911 -0.184658 0.415656 -0.0870338
FixedParameters: 0 0 0

#Transform 108
Transform: AffineTransform_float_3_3
Parameters: 0.999991 -0.00378333 0.00190659 0.00380375 0.999933 -0.0109745 -0.00186507 0.0109817 0.999938 -0.143764 0.341659 -0.00539111
FixedParameters: 0 0 0

#Transform 109
Transform: AffineTransform_float_3_3
Parameters: 0.999993 -0.0035038 0.0014627 0.00352117 0.999926 -0.0115962 -0.00142213 0.0116014 0.999932 -0.14773 0.389979 -0.0366537
FixedParameters: 0 0 0

#Transform 110
Transform: AffineTransform_float_3_3
Parameters: 0.999993 -0.00336839 0.00122257 0.00338172 0.999928 -0.0114687 -0.00118386 0.0114729 0.999934 -0.150209 0.34969 -0.0559391
FixedParameters: 0 0 0

#Transform 111
Transform: AffineTransform_float_3_3
Parameters: 0.999995 -0.00307107 0.000592533 0.00307826 0.999933 -0.0111533 -0.00055784 0.0111553 0.999937 -0.11216 0.401063 -0.0460813
FixedParameters: 0 0 0

#Transform 112
Transform: AffineTransform_float_3_3
Parameters: 0.999996 -0.00302931 0.000110821 0.00302999 0.999926 -0.0117924 -7.54591e-05 0.0117924 0.999931 -0.0960193 0.37438 -0.0410525
FixedParameters: 0 0 0

#Transform 113
Transform: AffineTransform_float_3_3
Parameters: 0.999996 -0.00272229 0.000350638 0.0027261 0.99993 -0.0114522 -0.00031931 0.0114533 0.999935 -0.112486 0.351405 -0.046384
FixedParameters: 0 0 0

#Transform 114
Transform: AffineTransform_float_3_3
Parameters: 0.999995 -0.00335131 0.000486363 0.00335605 0.999925 -0.0118003 -0.000446568 0.0118019 0.99993 -0.110615 0.399429 -0.0378712
FixedParameters: 0 0 0

#Transform 115
Transform: AffineTransform_float_3_3
Parameters: 0.999996 -0.00286623 0.000103584 0.00286757 0.999928 -0.0116432 -7.07976e-05 0.0116441 0.999932 -0.098079 0.424967 -0.0361945
FixedParameters: 0 0 0

#Transform 116
Transform: AffineTransform_float_3_3
Parameters: 0.999996 -0.00286417 0.000103533 0.00286552 0.999929 -0.0115742 -7.11312e-05 0.0115741 0.999933 -0.0982036 0.432066 -0.0320833
FixedParameters: 0 0 0

#Transform 117
Transform: AffineTransform_float_3_3
Parameters: 0.999995 -0.00291477 0.00161597 0.00293096 0.999942 -0.0103199 -0.00158582 0.010325 0.999946 -0.129743 0.255801 -0.121175
FixedParameters: 0 0 0

#Transform 118
Transform: AffineTransform_float_3_3
Parameters: 0.999998 -0.00166422 0.00133272 0.0016791 0.999936 -0.0111862 -0.001314 0.0111892 0.999937 -0.113568 0.416266 -0.187435
FixedParameters: 0 0 0

#Transform 119
Transform: AffineTransform_float_3_3
Parameters: 0.999996 -0.0019465 0.00196877 0.00197146 0.999919 -0.0125882 -0.00194379 0.0125921 0.999919 -0.132204 0.464494 -0.218968
FixedParameters: 0 0 0
