# transform file /out/sourcedata/freesurfer/sub-v1s19x0051311_ses-1/mri/transforms/cc_up.lta
# created by oesteban on Thu Mar 12 14:53:52 2026

type      = 0 # LINEAR_VOX_TO_VOX
nxforms   = 1
mean      = 131.0000 131.0000 120.0000
sigma     = 10000.0000
1 4 4
9.939731955528259e-01 -1.088751107454300e-01 1.278482098132372e-02 1.028834438323975e+01 
1.088661104440689e-01 9.940553903579712e-01 1.400272827595472e-03 -3.598159313201904e+00 
-1.286127604544163e-02 1.164153218269348e-10 9.999172687530518e-01 2.468064308166504e+01 
0.000000000000000e+00 0.000000000000000e+00 0.000000000000000e+00 1.000000000000000e+00 
src volume info
valid = 1  # volume info valid
filename = /out/sourcedata/freesurfer/sub-v1s19x0051311_ses-1/mri/norm.mgz
volume = 256 256 256
voxelsize = 1.000000000000000e+00 1.000000000000000e+00 1.000000000000000e+00
xras   = -1.000000000000000e+00 0.000000000000000e+00 0.000000000000000e+00
yras   = 0.000000000000000e+00 0.000000000000000e+00 -1.000000000000000e+00
zras   = 0.000000000000000e+00 1.000000000000000e+00 0.000000000000000e+00
cras   = 4.861381530761719e+00 -3.242591857910156e+00 1.188092803955078e+01
dst volume info
valid = 1  # volume info valid
filename = /out/sourcedata/freesurfer/sub-v1s19x0051311_ses-1/mri/norm.mgz
volume = 256 256 256
voxelsize = 1.000000000000000e+00 1.000000000000000e+00 1.000000000000000e+00
xras   = -1.000000000000000e+00 0.000000000000000e+00 0.000000000000000e+00
yras   = 0.000000000000000e+00 0.000000000000000e+00 -1.000000000000000e+00
zras   = 0.000000000000000e+00 1.000000000000000e+00 0.000000000000000e+00
cras   = 4.861381530761719e+00 -3.242591857910156e+00 1.188092803955078e+01
