# transform file /out/sourcedata/freesurfer/sub-v1s19x0051291_ses-1/mri/transforms/cc_up.lta
# created by oesteban on Thu Mar 12 14:07:07 2026

type      = 0 # LINEAR_VOX_TO_VOX
nxforms   = 1
mean      = 124.0000 108.0000 124.0000
sigma     = 10000.0000
1 4 4
9.897929430007935e-01 -4.543105140328407e-02 -1.350775361061096e-01 2.348580360412598e+01 
4.501381143927574e-02 9.989674687385559e-01 -6.143057253211737e-03 3.720348739624023e+01 
1.352171450853348e-01 0.000000000000000e+00 9.908159971237183e-01 -2.740933179855347e+00 
0.000000000000000e+00 0.000000000000000e+00 0.000000000000000e+00 1.000000000000000e+00 
src volume info
valid = 1  # volume info valid
filename = /out/sourcedata/freesurfer/sub-v1s19x0051291_ses-1/mri/norm.mgz
volume = 256 256 256
voxelsize = 1.000000000000000e+00 1.000000000000000e+00 1.000000000000000e+00
xras   = -1.000000000000000e+00 0.000000000000000e+00 -7.450580596923828e-09
yras   = 0.000000000000000e+00 0.000000000000000e+00 -1.000000119209290e+00
zras   = 0.000000000000000e+00 1.000000000000000e+00 0.000000000000000e+00
cras   = 4.920364379882812e+00 1.431189727783203e+01 5.787742614746094e+00
dst volume info
valid = 1  # volume info valid
filename = /out/sourcedata/freesurfer/sub-v1s19x0051291_ses-1/mri/norm.mgz
volume = 256 256 256
voxelsize = 1.000000000000000e+00 1.000000000000000e+00 1.000000000000000e+00
xras   = -1.000000000000000e+00 0.000000000000000e+00 -7.450580596923828e-09
yras   = 0.000000000000000e+00 0.000000000000000e+00 -1.000000119209290e+00
zras   = 0.000000000000000e+00 1.000000000000000e+00 0.000000000000000e+00
cras   = 4.920364379882812e+00 1.431189727783203e+01 5.787742614746094e+00
