#Insight Transform File V1.0
#Transform 0
Transform: AffineTransform_float_3_3
Parameters: 0.999999 0.00122438 -0.000175328 -0.0012253 0.999999 -0.000565932 0.000175249 0.000566695 1 0.033171 -0.0843005 0.36866
FixedParameters: 0 0 0

#Transform 1
Transform: AffineTransform_float_3_3
Parameters: 0.999999 0.000915938 -0.000949985 -0.000918023 0.999998 -0.00125596 0.000948632 0.00125686 0.999999 0.0398162 -0.112789 0.356248
FixedParameters: 0 0 0

#Transform 2
Transform: AffineTransform_float_3_3
Parameters: 1 0.000541799 -0.000918285 -0.000542567 1 -0.000428169 0.000917891 0.000429165 0.999999 0.050762 -0.0815421 0.334194
FixedParameters: 0 0 0

#Transform 3
Transform: AffineTransform_float_3_3
Parameters: 0.999999 0.000620948 -0.00113342 -0.000622574 1 -0.000733053 0.0011325 0.000733604 0.999999 0.0554034 -0.0739766 0.369555
FixedParameters: 0 0 0

#Transform 4
Transform: AffineTransform_float_3_3
Parameters: 0.999999 0.000572184 -0.00111918 -0.000572891 0.999999 9.03217e-05 0.00111961 -8.99292e-05 0.999999 0.0399739 -0.0811672 0.378004
FixedParameters: 0 0 0

#Transform 5
Transform: AffineTransform_float_3_3
Parameters: 0.999999 0.000610204 -0.000695351 -0.000610555 1 -0.000252363 0.000695042 0.000253212 0.999999 0.0379016 -0.073838 0.340136
FixedParameters: 0 0 0

#Transform 6
Transform: AffineTransform_float_3_3
Parameters: 1 0.000413784 -0.0010757 -0.000414053 1 -0.000150934 0.00107564 0.000150967 0.999999 0.0357566 -0.067562 0.327982
FixedParameters: 0 0 0

#Transform 7
Transform: AffineTransform_float_3_3
Parameters: 1 0.000365814 -0.00103905 -0.00036735 1 -0.000756362 0.00103848 0.000756265 1 0.0373712 -0.0679307 0.328125
FixedParameters: 0 0 0

#Transform 8
Transform: AffineTransform_float_3_3
Parameters: 0.999999 0.000550095 -0.000835873 -0.000550451 1 -0.00079885 0.000834647 0.000798942 1 0.0330595 -0.0561532 0.341134
FixedParameters: 0 0 0

#Transform 9
Transform: AffineTransform_float_3_3
Parameters: 0.999999 0.000574015 -0.000789311 -0.000574794 1 -0.000516339 0.000788708 0.000515875 0.999999 0.0324236 -0.0545269 0.359212
FixedParameters: 0 0 0

#Transform 10
Transform: AffineTransform_float_3_3
Parameters: 1 0.000425972 -0.00051569 -0.000425881 1 8.90117e-05 0.000515765 -8.85724e-05 1 0.0184234 -0.0550984 0.372642
FixedParameters: 0 0 0

#Transform 11
Transform: AffineTransform_float_3_3
Parameters: 0.999999 0.000470723 -0.000528015 -0.000470618 1 9.933e-05 0.000528108 -9.88329e-05 1 0.0227878 -0.0641797 0.36349
FixedParameters: 0 0 0

#Transform 12
Transform: AffineTransform_float_3_3
Parameters: 1 3.41685e-05 -0.000407798 -3.44911e-05 1 -0.000395492 0.000407771 0.00039552 1 0.027489 -0.0382861 0.193212
FixedParameters: 0 0 0

#Transform 13
Transform: AffineTransform_float_3_3
Parameters: 1 0.000134761 -4.34301e-05 -0.000134531 1 -0.000395491 4.42849e-05 0.000395522 1 0.0277569 -0.0407174 0.116458
FixedParameters: 0 0 0

#Transform 14
Transform: AffineTransform_float_3_3
Parameters: 1 7.0893e-05 -0.000274774 -7.11103e-05 1 -0.000395487 0.000274718 0.000395526 1 0.0288699 -0.0548871 0.133071
FixedParameters: 0 0 0

#Transform 15
Transform: AffineTransform_float_3_3
Parameters: 1 -4.21244e-05 -0.000286107 4.19003e-05 1 -0.000391595 0.00028614 0.000391571 1 0.0160729 -0.0645424 0.157796
FixedParameters: 0 0 0

#Transform 16
Transform: AffineTransform_float_3_3
Parameters: 1 0.000189357 0.000113755 -0.000189334 1 -0.000102729 -0.000113794 0.000102685 1 0.00571173 -0.0583472 0.123116
FixedParameters: 0 0 0

#Transform 17
Transform: AffineTransform_float_3_3
Parameters: 1 6.57894e-05 -0.000328309 -6.58851e-05 1 -0.000145656 0.00032829 0.000145699 1 0.0106324 -0.0696998 0.0757446
FixedParameters: 0 0 0

#Transform 18
Transform: AffineTransform_float_3_3
Parameters: 1 0.000196008 0.000111952 -0.000196027 1 8.41429e-05 -0.000111919 -8.41868e-05 1 0.00601393 -0.0638499 0.116116
FixedParameters: 0 0 0

#Transform 19
Transform: AffineTransform_float_3_3
Parameters: 1 1.9152e-05 -1.04662e-05 -1.91524e-05 1 -2.08003e-05 1.04654e-05 2.08007e-05 1 0.00832261 -0.0645551 0.107884
FixedParameters: 0 0 0

#Transform 20
Transform: AffineTransform_float_3_3
Parameters: 1 -0.000154921 -0.000262224 0.000154688 1 -0.000445402 0.000262362 0.000445321 1 0.00342677 0.00479741 0.0139823
FixedParameters: 0 0 0

#Transform 21
Transform: AffineTransform_float_3_3
Parameters: 0.999981 0.00541011 -0.00294999 -0.00541508 0.999984 -0.00146978 0.00294254 0.00148543 0.999995 -0.187672 -0.0666631 -0.356458
FixedParameters: 0 0 0

#Transform 22
Transform: AffineTransform_float_3_3
Parameters: 0.999992 0.00325163 -0.00203566 -0.00324965 0.999994 0.000923934 0.00203846 -0.000917301 0.999997 -0.0891563 -0.107896 -0.00879556
FixedParameters: 0 0 0

#Transform 23
Transform: AffineTransform_float_3_3
Parameters: 0.999996 0.00237641 -0.00152135 -0.00237581 0.999997 0.000645651 0.00152295 -0.000641738 0.999999 -0.0606098 -0.103337 -0.0190524
FixedParameters: 0 0 0

#Transform 24
Transform: AffineTransform_float_3_3
Parameters: 0.999998 0.00212142 -0.00084314 -0.00212003 0.999997 0.00125221 0.000845697 -0.00125057 0.999999 -0.0639575 -0.0850999 -0.0783549
FixedParameters: 0 0 0

#Transform 25
Transform: AffineTransform_float_3_3
Parameters: 0.999998 0.00213187 -0.000787198 -0.00213058 0.999997 0.00112612 0.000790213 -0.00112382 0.999999 -0.0738187 -0.100185 -0.0960456
FixedParameters: 0 0 0

#Transform 26
Transform: AffineTransform_float_3_3
Parameters: 0.999999 0.00171427 -0.000650948 -0.00171389 0.999997 0.0016241 0.000653966 -0.00162298 0.999998 -0.0716606 -0.0876902 -0.0379176
FixedParameters: 0 0 0

#Transform 27
Transform: AffineTransform_float_3_3
Parameters: 0.999998 0.00157306 -0.00111375 -0.00157197 0.999998 0.00125432 0.00111514 -0.00125227 0.999998 -0.0664268 -0.0994526 -0.0480545
FixedParameters: 0 0 0

#Transform 28
Transform: AffineTransform_float_3_3
Parameters: 0.999998 0.00155834 -0.00111046 -0.00155788 0.999999 0.000854579 0.00111153 -0.000852556 0.999999 -0.0851634 -0.0805519 -0.0442425
FixedParameters: 0 0 0

#Transform 29
Transform: AffineTransform_float_3_3
Parameters: 0.999999 0.00153218 -0.000829477 -0.00153147 0.999997 0.00145322 0.00083137 -0.00145213 0.999998 -0.0828481 -0.0976895 -0.00781512
FixedParameters: 0 0 0

#Transform 30
Transform: AffineTransform_float_3_3
Parameters: 0.999998 0.00158755 -0.000787649 -0.00158574 0.999998 0.00146142 0.000790353 -0.00146084 0.999999 -0.0888929 -0.0732436 -0.00468442
FixedParameters: 0 0 0

#Transform 31
Transform: AffineTransform_float_3_3
Parameters: 0.999998 0.0015896 -0.000680156 -0.00158917 0.999998 0.00158427 0.000682563 -0.00158408 0.999998 -0.0872777 -0.0865213 -0.000756348
FixedParameters: 0 0 0

#Transform 32
Transform: AffineTransform_float_3_3
Parameters: 0.999998 0.00167053 -0.00109237 -0.00166895 0.999998 0.000942942 0.00109365 -0.0009407 0.999999 -0.0790076 -0.0346562 -0.0239257
FixedParameters: 0 0 0

#Transform 33
Transform: AffineTransform_float_3_3
Parameters: 0.999998 0.0015158 -0.00126861 -0.00151448 0.999998 0.00156427 0.00127097 -0.00156278 0.999998 -0.0625009 -0.0880794 0.014962
FixedParameters: 0 0 0

#Transform 34
Transform: AffineTransform_float_3_3
Parameters: 0.999999 0.00163778 -0.000797379 -0.00163728 0.999998 0.00138049 0.000799342 -0.00137985 0.999999 -0.0788022 -0.0845925 0.00834029
FixedParameters: 0 0 0

#Transform 35
Transform: AffineTransform_float_3_3
Parameters: 0.999998 0.00156533 -0.00122317 -0.00156418 0.999998 0.000949485 0.0012255 -0.000947074 0.999999 -0.0701156 -0.0609994 -0.0230125
FixedParameters: 0 0 0

#Transform 36
Transform: AffineTransform_float_3_3
Parameters: 0.999998 0.0014829 -0.00127142 -0.00148244 0.999999 0.00074677 0.00127203 -0.000744439 0.999999 -0.0644294 -0.0531283 -0.0203198
FixedParameters: 0 0 0

#Transform 37
Transform: AffineTransform_float_3_3
Parameters: 0.999998 0.00145549 -0.00135126 -0.00145525 0.999999 0.000607018 0.00135141 -0.000605383 0.999999 -0.0694616 -0.0522668 -0.0261648
FixedParameters: 0 0 0

#Transform 38
Transform: AffineTransform_float_3_3
Parameters: 0.999998 0.00135158 -0.00136816 -0.00134986 0.999999 0.000695548 0.00136913 -0.000694098 0.999999 -0.0680664 -0.0596736 -0.0328158
FixedParameters: 0 0 0

#Transform 39
Transform: AffineTransform_float_3_3
Parameters: 0.999999 0.00123689 -0.00127767 -0.00123648 0.999999 0.000603417 0.00127851 -0.000602022 0.999999 -0.0732029 -0.0615873 -0.0229262
FixedParameters: 0 0 0

#Transform 40
Transform: AffineTransform_float_3_3
Parameters: 0.999997 0.00128247 -0.00203929 -0.00128068 0.999999 0.00101068 0.00204053 -0.00100813 0.999998 -0.0915501 -0.0541673 0.167241
FixedParameters: 0 0 0

#Transform 41
Transform: AffineTransform_float_3_3
Parameters: 0.999996 0.00185166 -0.0021403 -0.00184941 0.999997 0.00112061 0.00214219 -0.00111675 0.999997 -0.0998629 -0.0594558 0.0713302
FixedParameters: 0 0 0

#Transform 42
Transform: AffineTransform_float_3_3
Parameters: 0.999997 0.00171021 -0.00181065 -0.00170739 0.999997 0.00183844 0.00181385 -0.0018355 0.999997 -0.0994105 -0.0914055 0.0631951
FixedParameters: 0 0 0

#Transform 43
Transform: AffineTransform_float_3_3
Parameters: 0.999996 0.00193003 -0.00173474 -0.00192804 0.999998 0.00104976 0.00173629 -0.00104589 0.999997 -0.0973414 -0.0828132 -0.0610529
FixedParameters: 0 0 0

#Transform 44
Transform: AffineTransform_float_3_3
Parameters: 0.999964 0.00764402 -0.0038171 -0.00766005 0.999962 -0.00411296 0.00378511 0.00414149 0.999984 -0.279043 -0.0128711 -0.772679
FixedParameters: 0 0 0

#Transform 45
Transform: AffineTransform_float_3_3
Parameters: 0.99999 0.00274242 -0.00363643 -0.00274883 0.999995 -0.00169182 0.00363215 0.00170191 0.999992 -0.0683595 -0.151584 -0.282413
FixedParameters: 0 0 0

#Transform 46
Transform: AffineTransform_float_3_3
Parameters: 0.999998 -0.00202114 -0.00117707 0.00199108 0.999672 -0.0255426 0.00122823 0.0255409 0.999673 0.0311951 -0.265765 -1.11306
FixedParameters: 0 0 0

#Transform 47
Transform: AffineTransform_float_3_3
Parameters: 0.999989 0.00315755 -0.00350853 -0.00319568 0.999935 -0.0108859 0.00347381 0.0108973 0.999935 -0.127929 0.0266418 -0.827709
FixedParameters: 0 0 0

#Transform 48
Transform: AffineTransform_float_3_3
Parameters: 0.999999 0.000169245 -0.00124528 -0.000172804 0.999996 -0.00278465 0.00124516 0.00278486 0.999996 -0.0649152 -0.00294142 -0.500752
FixedParameters: 0 0 0

#Transform 49
Transform: AffineTransform_float_3_3
Parameters: 0.999996 0.000858656 -0.00269787 -0.000866448 0.999995 -0.00295504 0.00269547 0.0029576 0.999992 -0.0831353 -0.0162247 -0.449181
FixedParameters: 0 0 0

#Transform 50
Transform: AffineTransform_float_3_3
Parameters: 0.999995 0.00122381 -0.00293581 -0.00123374 0.999993 -0.00350267 0.0029312 0.00350652 0.999989 -0.0946084 -0.0125863 -0.481146
FixedParameters: 0 0 0

#Transform 51
Transform: AffineTransform_float_3_3
Parameters: 0.999995 0.00124306 -0.00294119 -0.001254 0.999993 -0.00350338 0.00293671 0.00350732 0.999989 -0.0909333 0.00951747 -0.459495
FixedParameters: 0 0 0

#Transform 52
Transform: AffineTransform_float_3_3
Parameters: 0.999996 0.00110699 -0.00277399 -0.00111753 0.999992 -0.00380572 0.00276946 0.00380938 0.999989 -0.0893938 0.00657993 -0.446577
FixedParameters: 0 0 0

#Transform 53
Transform: AffineTransform_float_3_3
Parameters: 0.999996 0.00121066 -0.00273578 -0.00121993 0.999993 -0.00346375 0.0027317 0.00346649 0.99999 -0.0894133 -0.0238997 -0.46729
FixedParameters: 0 0 0

#Transform 54
Transform: AffineTransform_float_3_3
Parameters: 0.999996 0.0012087 -0.00270302 -0.00121938 0.999992 -0.00393973 0.00269739 0.00394241 0.999989 -0.0936523 -0.0014392 -0.520673
FixedParameters: 0 0 0

#Transform 55
Transform: AffineTransform_float_3_3
Parameters: 0.999995 0.00120576 -0.0028017 -0.00121793 0.99999 -0.00432649 0.00279666 0.00432998 0.999987 -0.0854574 -0.0168262 -0.529291
FixedParameters: 0 0 0

#Transform 56
Transform: AffineTransform_float_3_3
Parameters: 0.999996 0.00129778 -0.00246543 -0.00130775 0.999991 -0.00402277 0.00246005 0.00402615 0.999989 -0.100568 -0.0143474 -0.512552
FixedParameters: 0 0 0

#Transform 57
Transform: AffineTransform_float_3_3
Parameters: 0.999997 0.000882919 -0.00250961 -0.000891886 0.999993 -0.00364888 0.00250638 0.00365078 0.99999 -0.102091 -0.0179773 -0.526026
FixedParameters: 0 0 0

#Transform 58
Transform: AffineTransform_float_3_3
Parameters: 0.999996 0.00130965 -0.00246765 -0.0013183 0.999993 -0.00350983 0.00246297 0.00351323 0.999991 -0.10726 -0.0113152 -0.52795
FixedParameters: 0 0 0

#Transform 59
Transform: AffineTransform_float_3_3
Parameters: 0.999996 0.00128537 -0.00246044 -0.00129421 0.999993 -0.00331286 0.00245581 0.00331607 0.999991 -0.114409 -0.018039 -0.514497
FixedParameters: 0 0 0

#Transform 60
Transform: AffineTransform_float_3_3
Parameters: 0.999996 0.00144162 -0.00227982 -0.00144998 0.999993 -0.00331653 0.00227537 0.00331998 0.999992 -0.11483 -0.0306118 -0.581555
FixedParameters: 0 0 0

#Transform 61
Transform: AffineTransform_float_3_3
Parameters: 0.999996 0.00130525 -0.00239526 -0.00131422 0.999992 -0.00373322 0.00239092 0.00373643 0.999991 -0.118585 -0.0102441 -0.614893
FixedParameters: 0 0 0

#Transform 62
Transform: AffineTransform_float_3_3
Parameters: 0.999997 0.000951338 -0.00216752 -0.000960552 0.99999 -0.00432264 0.00216326 0.00432509 0.999988 -0.102811 -0.00240738 -0.610595
FixedParameters: 0 0 0

#Transform 63
Transform: AffineTransform_float_3_3
Parameters: 0.999997 0.00132447 -0.00227211 -0.00133409 0.999989 -0.00434221 0.00226656 0.00434523 0.999988 -0.0965475 -0.00735274 -0.619919
FixedParameters: 0 0 0

#Transform 64
Transform: AffineTransform_float_3_3
Parameters: 0.999999 0.00123226 -0.00115384 -0.00123682 0.99999 -0.00440402 0.00114805 0.00440575 0.99999 -0.104191 -0.0129303 -0.651255
FixedParameters: 0 0 0

#Transform 65
Transform: AffineTransform_float_3_3
Parameters: 0.999999 0.00129433 -0.000960067 -0.00129774 0.99999 -0.00420637 0.000954586 0.00420771 0.999991 -0.0928116 -0.00407335 -0.652863
FixedParameters: 0 0 0

#Transform 66
Transform: AffineTransform_float_3_3
Parameters: 0.999999 0.00105231 -0.000891538 -0.00105473 0.999993 -0.00368402 0.000887347 0.00368471 0.999993 -0.0914028 -0.0083523 -0.641687
FixedParameters: 0 0 0

#Transform 67
Transform: AffineTransform_float_3_3
Parameters: 0.999999 0.000824019 -0.000827643 -0.00082711 0.999993 -0.00362825 0.000824529 0.00362889 0.999994 -0.0890606 -0.012062 -0.656736
FixedParameters: 0 0 0

#Transform 68
Transform: AffineTransform_float_3_3
Parameters: 1 0.000745885 -0.000805431 -0.000748249 0.999994 -0.00328708 0.000803467 0.00328756 0.999995 -0.089977 -0.011536 -0.615162
FixedParameters: 0 0 0

#Transform 69
Transform: AffineTransform_float_3_3
Parameters: 0.999999 0.000656594 -0.000981932 -0.000660182 0.999995 -0.00329969 0.000980544 0.00330112 0.999994 -0.0885061 -0.00593291 -0.612898
FixedParameters: 0 0 0

#Transform 70
Transform: AffineTransform_float_3_3
Parameters: 0.999999 0.000641286 -0.00105663 -0.000644779 0.999994 -0.00337081 0.00105402 0.00337145 0.999994 -0.0892016 -0.00163529 -0.584979
FixedParameters: 0 0 0

#Transform 71
Transform: AffineTransform_float_3_3
Parameters: 1 0.00046785 -0.000983092 -0.000471417 0.999994 -0.003178 0.000982165 0.00317819 0.999994 -0.0896003 -0.00023032 -0.540893
FixedParameters: 0 0 0

#Transform 72
Transform: AffineTransform_float_3_3
Parameters: 0.999999 0.000586813 -0.000693604 -0.000588371 0.999998 -0.00219903 0.000692524 0.00219854 0.999997 -0.0910473 -0.0313448 -0.471649
FixedParameters: 0 0 0

#Transform 73
Transform: AffineTransform_float_3_3
Parameters: 1 0.00056646 -0.000830779 -0.000567883 0.999999 -0.00174309 0.000830387 0.00174411 0.999998 -0.0877232 -0.0112686 -0.472915
FixedParameters: 0 0 0

#Transform 74
Transform: AffineTransform_float_3_3
Parameters: 1 0.00035331 -0.000428654 -0.000354426 0.999997 -0.00264647 0.000427191 0.00264682 0.999997 -0.0871392 0.0132731 -0.542248
FixedParameters: 0 0 0

#Transform 75
Transform: AffineTransform_float_3_3
Parameters: 1 0.00054298 -0.000819636 -0.000545461 0.999997 -0.00242358 0.000818503 0.00242368 0.999997 -0.0907083 -0.00882441 -0.540134
FixedParameters: 0 0 0

#Transform 76
Transform: AffineTransform_float_3_3
Parameters: 1 8.96642e-05 -0.00063887 -9.15391e-05 0.999994 -0.00329641 0.000639237 0.00329714 0.999995 -0.084133 -0.051114 -0.633296
FixedParameters: 0 0 0

#Transform 77
Transform: AffineTransform_float_3_3
Parameters: 0.999935 -0.010934 0.00344757 0.0110891 0.998764 -0.0484547 -0.00291346 0.0484904 0.99882 0.197904 -0.187113 -1.90042
FixedParameters: 0 0 0

#Transform 78
Transform: AffineTransform_float_3_3
Parameters: 0.999972 -0.00750118 0.000831664 0.00753084 0.998973 -0.0446762 -0.00049564 0.0446817 0.999002 0.102172 0.0335972 -1.79791
FixedParameters: 0 0 0

#Transform 79
Transform: AffineTransform_float_3_3
Parameters: 0.999999 -0.00135713 -0.000872622 0.00134376 0.999878 -0.0155349 0.000894176 0.0155334 0.999879 -0.0461534 0.0562366 -1.02596
FixedParameters: 0 0 0

#Transform 80
Transform: AffineTransform_float_3_3
Parameters: 0.999999 -0.000965135 -0.000609215 0.000955128 0.99989 -0.0148445 0.000622784 0.0148444 0.99989 -0.0322753 0.00499372 -1.03761
FixedParameters: 0 0 0

#Transform 81
Transform: AffineTransform_float_3_3
Parameters: 0.999999 -0.00106053 -0.000607495 0.00105177 0.999891 -0.0146867 0.000623448 0.0146862 0.999892 -0.0321232 0.0271018 -1.02536
FixedParameters: 0 0 0

#Transform 82
Transform: AffineTransform_float_3_3
Parameters: 0.999999 -0.00128503 -0.000686804 0.0012751 0.999892 -0.014639 0.000705949 0.0146384 0.999892 -0.0448309 0.0109955 -1.04474
FixedParameters: 0 0 0

#Transform 83
Transform: AffineTransform_float_3_3
Parameters: 0.999999 -0.00147218 -0.000629769 0.00146347 0.999904 -0.0137843 0.000650138 0.0137835 0.999905 -0.0464197 0.0110779 -1.00469
FixedParameters: 0 0 0

#Transform 84
Transform: AffineTransform_float_3_3
Parameters: 0.999999 -0.000944481 -0.000344854 0.000938811 0.999911 -0.0133073 0.000356903 0.0133067 0.999911 -0.0530641 0.00660736 -0.990951
FixedParameters: 0 0 0

#Transform 85
Transform: AffineTransform_float_3_3
Parameters: 0.999999 -0.00103875 2.40546e-05 0.00103941 0.99991 -0.013391 -1.04246e-05 0.0133918 0.99991 -0.0351949 0.0134566 -1.01392
FixedParameters: 0 0 0

#Transform 86
Transform: AffineTransform_float_3_3
Parameters: 0.999999 -0.00120386 7.14386e-05 0.00120439 0.999919 -0.0126851 -5.61145e-05 0.0126851 0.99992 -0.0349811 -0.00820585 -0.976006
FixedParameters: 0 0 0

#Transform 87
Transform: AffineTransform_float_3_3
Parameters: 0.999999 -0.00114701 5.53754e-05 0.00114706 0.999911 -0.0132477 -4.07081e-05 0.0132477 0.999912 -0.0349641 0.0191035 -0.99856
FixedParameters: 0 0 0

#Transform 88
Transform: AffineTransform_float_3_3
Parameters: 0.999999 -0.00100792 -0.000128689 0.0010059 0.999914 -0.0131218 0.000141885 0.013121 0.999914 -0.0465428 0.00880923 -0.994424
FixedParameters: 0 0 0

#Transform 89
Transform: AffineTransform_float_3_3
Parameters: 0.999999 -0.00095717 -3.79694e-08 0.000956769 0.999922 -0.0125065 1.17764e-05 0.0125065 0.999922 -0.0527661 -0.00299234 -0.979669
FixedParameters: 0 0 0

#Transform 90
Transform: AffineTransform_float_3_3
Parameters: 1 -0.000778842 4.19574e-05 0.000779191 0.999927 -0.0120081 -3.27593e-05 0.0120081 0.999928 -0.0549078 0.00189176 -0.952122
FixedParameters: 0 0 0

#Transform 91
Transform: AffineTransform_float_3_3
Parameters: 0.999999 -0.00103416 0.000181553 0.00103611 0.99992 -0.0125959 -0.000168176 0.0125961 0.999921 -0.0564331 0.00241029 -0.98448
FixedParameters: 0 0 0

#Transform 92
Transform: AffineTransform_float_3_3
Parameters: 0.999999 -0.001102 0.000219746 0.00110434 0.999924 -0.0123191 -0.000206903 0.0123189 0.999924 -0.059777 -0.0199591 -0.986462
FixedParameters: 0 0 0

#Transform 93
Transform: AffineTransform_float_3_3
Parameters: 0.999999 -0.00130109 0.000728531 0.00130976 0.999929 -0.0118089 -0.000713104 0.011809 0.99993 -0.0607842 -0.00348095 -0.975163
FixedParameters: 0 0 0

#Transform 94
Transform: AffineTransform_float_3_3
Parameters: 0.999999 -0.00125532 0.000751712 0.00126348 0.999941 -0.0107834 -0.000738198 0.0107849 0.999942 -0.0619986 0.000312211 -0.911515
FixedParameters: 0 0 0

#Transform 95
Transform: AffineTransform_float_3_3
Parameters: 0.999999 -0.00108818 0.000409673 0.00109222 0.999949 -0.0100547 -0.000398812 0.0100553 0.999949 -0.0655618 0.0116567 -0.892711
FixedParameters: 0 0 0

#Transform 96
Transform: AffineTransform_float_3_3
Parameters: 1 -0.0013192 0.000476273 0.00132404 0.999945 -0.0103871 -0.000462906 0.0103876 0.999946 -0.065951 0.00876853 -0.933619
FixedParameters: 0 0 0

#Transform 97
Transform: AffineTransform_float_3_3
Parameters: 0.999999 -0.00122785 0.000798581 0.00123678 0.999945 -0.0104156 -0.00078531 0.0104172 0.999945 -0.0690959 0.0172858 -0.912563
FixedParameters: 0 0 0

#Transform 98
Transform: AffineTransform_float_3_3
Parameters: 0.999999 -0.0013116 0.000473856 0.00131649 0.999948 -0.0101713 -0.000460109 0.0101717 0.999948 -0.0679797 0.0239696 -0.881143
FixedParameters: 0 0 0

#Transform 99
Transform: AffineTransform_float_3_3
Parameters: 0.999999 -0.00132263 0.00047732 0.00132754 0.999944 -0.010484 -0.000463766 0.0104845 0.999944 -0.0496362 0.0277484 -0.90989
FixedParameters: 0 0 0

#Transform 100
Transform: AffineTransform_float_3_3
Parameters: 0.999999 -0.00118994 0.000855785 0.00119827 0.99995 -0.00984996 -0.000843968 0.0098516 0.999951 -0.0537027 0.0250335 -0.868921
FixedParameters: 0 0 0

#Transform 101
Transform: AffineTransform_float_3_3
Parameters: 0.999999 -0.00121999 0.000706971 0.00122692 0.999954 -0.00952127 -0.000695698 0.00952267 0.999954 -0.0468145 0.0238646 -0.864795
FixedParameters: 0 0 0

#Transform 102
Transform: AffineTransform_float_3_3
Parameters: 0.999999 -0.00121884 0.00113758 0.00122865 0.999959 -0.00892034 -0.00112725 0.00892128 0.999959 -0.056401 0.0323245 -0.81991
FixedParameters: 0 0 0

#Transform 103
Transform: AffineTransform_float_3_3
Parameters: 0.999998 -0.00147244 0.00117142 0.00148199 0.999965 -0.00820313 -0.00115949 0.00820476 0.999965 -0.056797 0.0102977 -0.739471
FixedParameters: 0 0 0

#Transform 104
Transform: AffineTransform_float_3_3
Parameters: 0.999998 -0.00144439 0.00117167 0.00145284 0.999971 -0.0074614 -0.00116008 0.00746352 0.999972 -0.057882 0.00216369 -0.70695
FixedParameters: 0 0 0

#Transform 105
Transform: AffineTransform_float_3_3
Parameters: 0.999998 -0.00151191 0.00141235 0.00152261 0.999971 -0.00750446 -0.00140119 0.00750689 0.999971 -0.0562283 0.0331442 -0.708208
FixedParameters: 0 0 0

#Transform 106
Transform: AffineTransform_float_3_3
Parameters: 0.999998 -0.00137836 0.00158963 0.00139106 0.999971 -0.00750431 -0.00157924 0.00750599 0.99997 -0.0604281 0.0194415 -0.712067
FixedParameters: 0 0 0

#Transform 107
Transform: AffineTransform_float_3_3
Parameters: 0.999998 -0.00139493 0.001295 0.00140427 0.99997 -0.00754808 -0.0012846 0.00754901 0.999971 -0.0592361 0.0296165 -0.70708
FixedParameters: 0 0 0

#Transform 108
Transform: AffineTransform_float_3_3
Parameters: 0.999998 -0.00154342 0.00131426 0.00155395 0.99997 -0.00752033 -0.00130189 0.00752173 0.999971 -0.057188 0.0325201 -0.730526
FixedParameters: 0 0 0

#Transform 109
Transform: AffineTransform_float_3_3
Parameters: 0.999998 -0.00144469 0.00145822 0.00145449 0.999973 -0.0071689 -0.00144769 0.00717091 0.999974 -0.0590612 0.0361781 -0.718889
FixedParameters: 0 0 0

#Transform 110
Transform: AffineTransform_float_3_3
Parameters: 0.999998 -0.00134247 0.00162049 0.00135485 0.999973 -0.00716681 -0.00161045 0.00716899 0.999973 -0.0659329 0.0436166 -0.669816
FixedParameters: 0 0 0

#Transform 111
Transform: AffineTransform_float_3_3
Parameters: 0.999998 -0.00129874 0.00150472 0.00130945 0.999976 -0.00681676 -0.00149628 0.00681801 0.999976 -0.0613947 0.0305483 -0.689765
FixedParameters: 0 0 0

#Transform 112
Transform: AffineTransform_float_3_3
Parameters: 0.999997 -0.00134248 0.0018505 0.00135464 0.999976 -0.00670889 -0.00184096 0.00671077 0.999976 -0.0750191 0.0276524 -0.695734
FixedParameters: 0 0 0

#Transform 113
Transform: AffineTransform_float_3_3
Parameters: 0.999997 -0.00124193 0.00182171 0.00125407 0.999978 -0.00646885 -0.00181327 0.0064712 0.999977 -0.0739845 0.0257163 -0.699857
FixedParameters: 0 0 0

#Transform 114
Transform: AffineTransform_float_3_3
Parameters: 0.999997 -0.00135599 0.0018534 0.00136737 0.99998 -0.00614001 -0.00184424 0.00614286 0.999979 -0.0621362 0.0291068 -0.697979
FixedParameters: 0 0 0

#Transform 115
Transform: AffineTransform_float_3_3
Parameters: 0.999997 -0.00128097 0.00183223 0.0012921 0.99998 -0.00614306 -0.00182399 0.00614558 0.999979 -0.0630927 0.0406885 -0.689061
FixedParameters: 0 0 0

#Transform 116
Transform: AffineTransform_float_3_3
Parameters: 0.999997 -0.00135215 0.00185232 0.00136351 0.99998 -0.00614017 -0.00184321 0.006143 0.999979 -0.0635258 0.038956 -0.660912
FixedParameters: 0 0 0

#Transform 117
Transform: AffineTransform_float_3_3
Parameters: 0.999997 -0.00127717 0.00183048 0.00128803 0.999983 -0.00571885 -0.00182254 0.00572054 0.999982 -0.063906 0.0378191 -0.662997
FixedParameters: 0 0 0

#Transform 118
Transform: AffineTransform_float_3_3
Parameters: 0.999998 -0.0011862 0.00180486 0.00119679 0.999983 -0.00573362 -0.00179792 0.00573578 0.999982 -0.0684628 0.0473174 -0.651474
FixedParameters: 0 0 0

#Transform 119
Transform: AffineTransform_float_3_3
Parameters: 0.999997 -0.00120124 0.00201689 0.00121332 0.999983 -0.00573263 -0.00200952 0.00573447 0.999982 -0.0624086 0.0402125 -0.671261
FixedParameters: 0 0 0
