# transform file /out/sourcedata/freesurfer/sub-v1s19x0051312_ses-1/mri/transforms/cc_up.lta
# created by oesteban on Thu Mar 12 15:21:42 2026

type      = 0 # LINEAR_VOX_TO_VOX
nxforms   = 1
mean      = 126.0000 128.0000 118.0000
sigma     = 10000.0000
1 4 4
9.705364704132080e-01 -8.062819391489029e-02 -2.270640581846237e-01 3.973352432250977e+01 
7.850820571184158e-02 9.967442750930786e-01 -1.836756430566311e-02 2.474553823471069e+00 
2.278057336807251e-01 0.000000000000000e+00 9.737066030502319e-01 6.456468105316162e+00 
0.000000000000000e+00 0.000000000000000e+00 0.000000000000000e+00 1.000000000000000e+00 
src volume info
valid = 1  # volume info valid
filename = /out/sourcedata/freesurfer/sub-v1s19x0051312_ses-1/mri/norm.mgz
volume = 256 256 256
voxelsize = 1.000000000000000e+00 1.000000000000000e+00 1.000000000000000e+00
xras   = -1.000000000000000e+00 0.000000000000000e+00 -7.450580596923828e-09
yras   = 0.000000000000000e+00 0.000000000000000e+00 -1.000000119209290e+00
zras   = 0.000000000000000e+00 1.000000000000000e+00 0.000000000000000e+00
cras   = 3.701484680175781e+00 8.258628845214844e+00 -1.599812316894531e+01
dst volume info
valid = 1  # volume info valid
filename = /out/sourcedata/freesurfer/sub-v1s19x0051312_ses-1/mri/norm.mgz
volume = 256 256 256
voxelsize = 1.000000000000000e+00 1.000000000000000e+00 1.000000000000000e+00
xras   = -1.000000000000000e+00 0.000000000000000e+00 -7.450580596923828e-09
yras   = 0.000000000000000e+00 0.000000000000000e+00 -1.000000119209290e+00
zras   = 0.000000000000000e+00 1.000000000000000e+00 0.000000000000000e+00
cras   = 3.701484680175781e+00 8.258628845214844e+00 -1.599812316894531e+01
