#Insight Transform File V1.0
#Transform 0
Transform: AffineTransform_float_3_3
Parameters: 0.999998 -0.000353639 0.00154514 0.000354795 1 -0.000964335 -0.00154375 0.000964626 0.999998 -0.00903902 -0.0152224 0.205187
FixedParameters: 0 0 0

#Transform 1
Transform: AffineTransform_float_3_3
Parameters: 0.999999 -0.000690551 0.00130497 0.000692218 0.999999 -0.00125551 -0.00130474 0.00125648 0.999998 0.0123141 0.0107725 0.154203
FixedParameters: 0 0 0

#Transform 2
Transform: AffineTransform_float_3_3
Parameters: 0.999998 -0.000651297 0.00150264 0.000652507 1 -0.000818551 -0.00150216 0.00081971 0.999998 -0.00425858 -0.0192169 0.140474
FixedParameters: 0 0 0

#Transform 3
Transform: AffineTransform_float_3_3
Parameters: 0.999999 -0.000667859 0.00131823 0.000668927 0.999999 -0.000864744 -0.00131767 0.000864967 0.999999 0.00669619 0.00358082 0.149684
FixedParameters: 0 0 0

#Transform 4
Transform: AffineTransform_float_3_3
Parameters: 0.999999 -0.000616523 0.00110308 0.000616955 1 -0.0007805 -0.00110268 0.0007818 0.999999 0.00606324 -0.00127796 0.150025
FixedParameters: 0 0 0

#Transform 5
Transform: AffineTransform_float_3_3
Parameters: 1 -0.00085604 0.000744725 0.000855926 1 -0.0001171 -0.00074539 0.000116936 1 0.0136755 -0.0238543 0.147555
FixedParameters: 0 0 0

#Transform 6
Transform: AffineTransform_float_3_3
Parameters: 0.999999 -0.000711914 0.00109296 0.000711736 0.999999 9.60668e-05 -0.00109301 -9.45096e-05 0.999999 0.0226483 -0.00859946 0.137904
FixedParameters: 0 0 0

#Transform 7
Transform: AffineTransform_float_3_3
Parameters: 0.999999 -0.000403878 0.00117042 0.000403512 0.999999 -0.000211498 -0.00116982 0.000211673 0.999999 -0.00575878 -0.00788543 0.124671
FixedParameters: 0 0 0

#Transform 8
Transform: AffineTransform_float_3_3
Parameters: 0.999999 -0.000103465 0.00090619 0.000103536 1 -1.77125e-05 -0.000906202 1.71605e-05 1 -0.00485172 -0.020962 0.142955
FixedParameters: 0 0 0

#Transform 9
Transform: AffineTransform_float_3_3
Parameters: 1 -0.000162792 0.00115957 0.000162694 1 4.29059e-05 -0.00115958 -4.18561e-05 1 0.00192399 -0.0102692 0.137914
FixedParameters: 0 0 0

#Transform 10
Transform: AffineTransform_float_3_3
Parameters: 1 -0.000149283 0.000997663 0.000149357 1 0.00044589 -0.000998077 -0.000445559 0.999999 -0.00549906 -0.0155177 0.15018
FixedParameters: 0 0 0

#Transform 11
Transform: AffineTransform_float_3_3
Parameters: 0.999999 0.000181467 0.000853914 -0.00018231 1 0.000493193 -0.000853735 -0.000493504 0.999999 -0.00433791 -0.0288262 0.155294
FixedParameters: 0 0 0

#Transform 12
Transform: AffineTransform_float_3_3
Parameters: 0.999999 0.000467485 0.000927856 -0.000467987 1 0.000253778 -0.000927698 -0.000253975 1 -0.0107467 0.00178377 0.141939
FixedParameters: 0 0 0

#Transform 13
Transform: AffineTransform_float_3_3
Parameters: 1 0.000519548 0.000212574 -0.000520064 1 -0.00104752 -0.000213382 0.00104727 1 0.00576941 0.0559566 -0.0266516
FixedParameters: 0 0 0

#Transform 14
Transform: AffineTransform_float_3_3
Parameters: 1 0.000287988 -0.000211324 -0.000288397 1 -0.000969897 0.000210765 0.000969346 0.999999 0.0227864 0.0158155 -0.0175982
FixedParameters: 0 0 0

#Transform 15
Transform: AffineTransform_float_3_3
Parameters: 1 4.11507e-05 0.000307891 -4.0882e-05 1 -0.000436304 -0.000307927 0.000436279 1 0.0133862 0.0181116 -0.0790028
FixedParameters: 0 0 0

#Transform 16
Transform: AffineTransform_float_3_3
Parameters: 1 6.0703e-05 0.000300341 -6.02984e-05 1 -0.000673419 -0.000300422 0.000673382 0.999999 0.0136763 0.039332 -0.0808191
FixedParameters: 0 0 0

#Transform 17
Transform: AffineTransform_float_3_3
Parameters: 1 -0.00016368 6.87872e-05 0.000163816 0.999999 -0.000990309 -6.84629e-05 0.000990332 0.999999 0.0319833 0.0430742 -0.07786
FixedParameters: 0 0 0

#Transform 18
Transform: AffineTransform_float_3_3
Parameters: 1 -0.000102983 -0.000110249 0.000102453 0.999999 -0.000776332 0.000109479 0.000776281 0.999999 0.0156659 0.0532161 -0.116849
FixedParameters: 0 0 0

#Transform 19
Transform: AffineTransform_float_3_3
Parameters: 1 -0.000200649 -0.000356602 0.00020006 0.999999 -0.000825333 0.000356933 0.00082519 0.999999 0.00400673 0.0313555 -0.00118758
FixedParameters: 0 0 0

#Transform 20
Transform: AffineTransform_float_3_3
Parameters: 1 -3.64693e-05 -1.59213e-05 3.61064e-05 1 -0.000122919 1.50009e-05 0.000122889 1 0.00219309 0.0193723 0.0450546
FixedParameters: 0 0 0

#Transform 21
Transform: AffineTransform_float_3_3
Parameters: 1 -0.000370519 0.000233065 0.000370379 1 0.000299715 -0.000233287 -0.000299543 1 -0.0172833 0.0586041 0.0870646
FixedParameters: 0 0 0

#Transform 22
Transform: AffineTransform_float_3_3
Parameters: 1 -0.000517082 0.000280722 0.000516967 1 0.000844524 -0.000280666 -0.000844877 0.999999 -0.0120517 -0.0169236 0.108017
FixedParameters: 0 0 0

#Transform 23
Transform: AffineTransform_float_3_3
Parameters: 1 -0.000278223 0.000308319 0.000277512 0.999998 0.00168546 -0.000308406 -0.00168526 0.999998 -0.00902059 -0.0110117 0.042689
FixedParameters: 0 0 0

#Transform 24
Transform: AffineTransform_float_3_3
Parameters: 1 -0.000260784 0.000384216 0.000259655 0.999999 0.0014277 -0.000385039 -0.0014275 0.999999 -0.0116392 0.0280413 0.0499943
FixedParameters: 0 0 0

#Transform 25
Transform: AffineTransform_float_3_3
Parameters: 0.999999 -0.000273107 0.000805745 0.000271123 0.999999 0.00143479 -0.000805676 -0.00143433 0.999998 -0.0178421 0.0163363 0.0538986
FixedParameters: 0 0 0

#Transform 26
Transform: AffineTransform_float_3_3
Parameters: 1 -0.000286511 0.00030514 0.000285905 0.999999 0.0015306 -0.000305166 -0.0015304 0.999999 0.0112776 0.0116742 -0.029558
FixedParameters: 0 0 0

#Transform 27
Transform: AffineTransform_float_3_3
Parameters: 0.999999 -0.000202278 0.000678393 0.000202022 1 0.000217971 -0.000678496 -0.000218436 1 0.0086795 0.0594022 -0.138711
FixedParameters: 0 0 0

#Transform 28
Transform: AffineTransform_float_3_3
Parameters: 0.999999 -0.000120162 0.000832511 0.00012006 1 -0.000731653 -0.000832984 0.000732464 1 0.00436381 0.0823906 -0.165326
FixedParameters: 0 0 0

#Transform 29
Transform: AffineTransform_float_3_3
Parameters: 1 -7.50455e-05 0.00112718 7.56227e-05 0.999999 -0.000810856 -0.00112764 0.000810898 0.999999 -0.00220919 0.067653 -0.180641
FixedParameters: 0 0 0

#Transform 30
Transform: AffineTransform_float_3_3
Parameters: 0.999999 -0.000506438 0.000686274 0.000507748 1 -0.000948617 -0.000685407 0.000948572 1 0.0237231 0.101262 -0.201925
FixedParameters: 0 0 0

#Transform 31
Transform: AffineTransform_float_3_3
Parameters: 0.999999 -0.00109625 0.000660779 0.00109725 0.999999 -0.00102435 -0.00065946 0.00102577 0.999999 0.0207324 0.0975714 -0.219067
FixedParameters: 0 0 0

#Transform 32
Transform: AffineTransform_float_3_3
Parameters: 1 9.79586e-05 -0.00029463 -9.89731e-05 0.999998 -0.00222579 0.000294962 0.0022252 0.999997 0.001427 0.143447 -0.242211
FixedParameters: 0 0 0

#Transform 33
Transform: AffineTransform_float_3_3
Parameters: 1 -2.76441e-05 -0.000296203 2.76039e-05 0.999997 -0.0021414 0.000296731 0.00214144 0.999997 -0.00178157 0.153295 -0.268694
FixedParameters: 0 0 0

#Transform 34
Transform: AffineTransform_float_3_3
Parameters: 1 9.48267e-05 -0.000385469 -9.60358e-05 0.999999 -0.0015291 0.000385097 0.00152917 0.999999 -0.00034858 0.124888 -0.269814
FixedParameters: 0 0 0

#Transform 35
Transform: AffineTransform_float_3_3
Parameters: 1 0.000117393 -0.000287083 -0.000118525 0.999998 -0.00186779 0.000286483 0.00186786 0.999998 0.00389189 0.151665 -0.281372
FixedParameters: 0 0 0

#Transform 36
Transform: AffineTransform_float_3_3
Parameters: 1 3.21135e-05 0.000189143 -3.16623e-05 0.999999 -0.00127353 -0.000189304 0.00127351 0.999999 0.0022734 0.109309 -0.277138
FixedParameters: 0 0 0

#Transform 37
Transform: AffineTransform_float_3_3
Parameters: 1 0.000293082 9.9723e-05 -0.000293782 0.999999 -0.0013114 -0.000100212 0.00131131 0.999999 0.00704548 0.110325 -0.283811
FixedParameters: 0 0 0

#Transform 38
Transform: AffineTransform_float_3_3
Parameters: 1 7.71473e-05 -0.000288868 -7.84861e-05 0.999997 -0.00272501 0.000289055 0.00272508 0.999997 -0.0102386 0.124008 -0.204188
FixedParameters: 0 0 0

#Transform 39
Transform: AffineTransform_float_3_3
Parameters: 1 -0.000153579 -0.000231173 0.000152389 0.999997 -0.00236967 0.000231659 0.00236959 0.999997 0.00730587 0.18792 -0.257175
FixedParameters: 0 0 0

#Transform 40
Transform: AffineTransform_float_3_3
Parameters: 1 4.74977e-05 -0.000496914 -4.91351e-05 0.999998 -0.00161703 0.000496678 0.00161707 0.999998 0.019969 0.139322 -0.262924
FixedParameters: 0 0 0

#Transform 41
Transform: AffineTransform_float_3_3
Parameters: 1 4.94664e-05 -0.000443109 -5.09652e-05 0.999998 -0.00202564 0.000443676 0.00202571 0.999998 0.0194298 0.143119 -0.278054
FixedParameters: 0 0 0

#Transform 42
Transform: AffineTransform_float_3_3
Parameters: 1 1.44889e-05 -0.000484357 -1.60057e-05 0.999997 -0.00243426 0.000483684 0.00243431 0.999997 0.023515 0.145738 -0.29655
FixedParameters: 0 0 0

#Transform 43
Transform: AffineTransform_float_3_3
Parameters: 0.999999 -0.000383181 -0.000718072 0.000381799 0.999997 -0.00219473 0.000718792 0.00219491 0.999998 0.00351426 0.120754 -0.120694
FixedParameters: 0 0 0

#Transform 44
Transform: AffineTransform_float_3_3
Parameters: 1 -0.000156269 -0.000994982 0.000153907 0.999998 -0.00183982 0.000996027 0.00183883 0.999998 -0.00568911 0.092815 -0.0520822
FixedParameters: 0 0 0

#Transform 45
Transform: AffineTransform_float_3_3
Parameters: 1 -5.33973e-05 -0.00045768 5.23707e-05 1 -0.00108796 0.000457716 0.00108791 1 -0.0095235 0.0850843 -0.0977071
FixedParameters: 0 0 0

#Transform 46
Transform: AffineTransform_float_3_3
Parameters: 1 -9.93918e-05 -0.000439767 9.89174e-05 1 -0.000539357 0.000439874 0.000539269 1 -0.0119289 0.0726967 -0.0810199
FixedParameters: 0 0 0

#Transform 47
Transform: AffineTransform_float_3_3
Parameters: 1 -9.06124e-05 -8.82699e-05 9.05931e-05 1 -0.000108856 8.82896e-05 0.00010884 1 -0.0120995 0.0593596 -0.110663
FixedParameters: 0 0 0

#Transform 48
Transform: AffineTransform_float_3_3
Parameters: 1 -0.000299056 0.000133749 0.000299043 1 5.00645e-05 -0.000133779 -4.99845e-05 1 0.00943668 0.051484 -0.0826107
FixedParameters: 0 0 0

#Transform 49
Transform: AffineTransform_float_3_3
Parameters: 1 -8.18118e-05 0.000285664 8.17594e-05 1 9.17658e-05 -0.000285679 -9.17191e-05 1 -0.0179459 0.046273 -0.0723368
FixedParameters: 0 0 0

#Transform 50
Transform: AffineTransform_float_3_3
Parameters: 1 3.70595e-05 0.000257948 -3.73225e-05 1 0.000509945 -0.00025791 -0.000509965 1 -0.0111042 0.0446499 -0.0504857
FixedParameters: 0 0 0

#Transform 51
Transform: AffineTransform_float_3_3
Parameters: 1 -0.000338288 -2.38457e-05 0.000337381 1 0.000520549 2.3854e-05 -0.000520597 1 -0.0084248 0.0351331 -0.0462967
FixedParameters: 0 0 0

#Transform 52
Transform: AffineTransform_float_3_3
Parameters: 1 -0.000175251 0.000398796 0.000175195 1 0.000520678 -0.000398049 -0.00052051 1 0.00165502 0.0631672 -0.0525419
FixedParameters: 0 0 0

#Transform 53
Transform: AffineTransform_float_3_3
Parameters: 1 -0.000325526 -3.85395e-05 0.000324665 0.999999 0.000921178 3.83006e-05 -0.000921234 0.999999 0.0148181 0.0375911 -0.0445747
FixedParameters: 0 0 0

#Transform 54
Transform: AffineTransform_float_3_3
Parameters: 1 -0.000201068 -0.000309365 0.000201383 1 0.000510662 0.000309159 -0.000510786 1 0.0215435 0.0722298 -0.0875379
FixedParameters: 0 0 0

#Transform 55
Transform: AffineTransform_float_3_3
Parameters: 0.999999 -0.000765179 0.000140389 0.000765248 0.999999 -0.000248462 -0.000140008 0.000248677 1 0.0389134 0.104261 -0.233856
FixedParameters: 0 0 0

#Transform 56
Transform: AffineTransform_float_3_3
Parameters: 1 -0.00110179 -0.000179134 0.00110242 0.999999 -0.000815237 0.000180666 0.00081494 0.999999 0.0590245 0.121563 -0.270629
FixedParameters: 0 0 0

#Transform 57
Transform: AffineTransform_float_3_3
Parameters: 0.999999 -0.00139481 -7.67952e-05 0.00139388 0.999998 -0.0013223 7.86226e-05 0.00132136 0.999999 0.0511269 0.160635 -0.288334
FixedParameters: 0 0 0

#Transform 58
Transform: AffineTransform_float_3_3
Parameters: 0.999999 -0.00140247 -7.46435e-05 0.00140153 0.999998 -0.00150513 7.70038e-05 0.00150419 0.999999 0.0591398 0.157727 -0.307115
FixedParameters: 0 0 0

#Transform 59
Transform: AffineTransform_float_3_3
Parameters: 0.999999 -0.000973795 8.83381e-05 0.000973683 0.999998 -0.00158956 -8.6252e-05 0.00158903 0.999999 0.0428202 0.151774 -0.353283
FixedParameters: 0 0 0

#Transform 60
Transform: AffineTransform_float_3_3
Parameters: 0.999999 -0.000926295 6.99014e-05 0.000926124 0.999998 -0.00159176 -6.79624e-05 0.00159119 0.999999 0.0281794 0.16425 -0.362273
FixedParameters: 0 0 0

#Transform 61
Transform: AffineTransform_float_3_3
Parameters: 1 -0.000698809 -0.000213531 0.000698533 0.999998 -0.00183828 0.000214651 0.00183798 0.999999 0.014336 0.169502 -0.384299
FixedParameters: 0 0 0

#Transform 62
Transform: AffineTransform_float_3_3
Parameters: 1 -0.000600589 6.16903e-05 0.000600416 0.999998 -0.00202696 -6.03445e-05 0.002027 0.999998 -0.000854965 0.186549 -0.371102
FixedParameters: 0 0 0

#Transform 63
Transform: AffineTransform_float_3_3
Parameters: 1 -0.000590503 8.34975e-05 0.000590413 0.999998 -0.00199198 -8.22337e-05 0.00199204 0.999998 -0.00161787 0.185898 -0.365149
FixedParameters: 0 0 0

#Transform 64
Transform: AffineTransform_float_3_3
Parameters: 1 -0.000187787 -3.01538e-05 0.000187668 0.999999 -0.00145132 3.0619e-05 0.0014513 0.999999 0.00415081 0.174214 -0.360287
FixedParameters: 0 0 0

#Transform 65
Transform: AffineTransform_float_3_3
Parameters: 1 -0.000515948 -2.37791e-05 0.000516718 0.999998 -0.00203265 2.53588e-05 0.00203266 0.999998 0.00171546 0.17233 -0.355736
FixedParameters: 0 0 0

#Transform 66
Transform: AffineTransform_float_3_3
Parameters: 1 -0.000404841 -0.000132434 0.000405188 0.999998 -0.00196774 0.000133509 0.00196766 0.999998 0.0187685 0.181854 -0.382341
FixedParameters: 0 0 0

#Transform 67
Transform: AffineTransform_float_3_3
Parameters: 1 -0.000663737 0.000165235 0.000664175 0.999999 -0.0014262 -0.000163421 0.00142642 0.999999 0.0239686 0.184765 -0.407481
FixedParameters: 0 0 0

#Transform 68
Transform: AffineTransform_float_3_3
Parameters: 1 -0.00060748 9.47367e-06 0.00060709 0.999999 -0.00173625 -8.45353e-06 0.00173623 0.999999 0.0330533 0.192952 -0.432087
FixedParameters: 0 0 0

#Transform 69
Transform: AffineTransform_float_3_3
Parameters: 0.999999 -0.000891262 0.000430645 0.000892216 0.999999 -0.00156324 -0.000428866 0.0015633 0.999998 0.0291238 0.190689 -0.375344
FixedParameters: 0 0 0

#Transform 70
Transform: AffineTransform_float_3_3
Parameters: 0.999999 -0.000843047 0.000570834 0.000844635 0.999998 -0.00169988 -0.000568989 0.0016994 0.999998 0.0323532 0.17201 -0.383149
FixedParameters: 0 0 0

#Transform 71
Transform: AffineTransform_float_3_3
Parameters: 1 -0.000678398 0.000165844 0.000678594 0.999998 -0.00186702 -0.000164399 0.00186722 0.999998 0.0300819 0.187238 -0.401317
FixedParameters: 0 0 0

#Transform 72
Transform: AffineTransform_float_3_3
Parameters: 0.999999 -0.000819786 0.000497406 0.00081999 1 -0.000566123 -0.000497407 0.000566237 1 0.0047885 0.125528 -0.253409
FixedParameters: 0 0 0

#Transform 73
Transform: AffineTransform_float_3_3
Parameters: 0.999999 -0.000915513 0.000249222 0.000915433 1 -0.000559309 -0.000249127 0.000559064 1 0.000943336 0.117071 -0.250171
FixedParameters: 0 0 0

#Transform 74
Transform: AffineTransform_float_3_3
Parameters: 1 -0.000671154 0.000201874 0.000671042 0.999999 -0.00061158 -0.000201983 0.000611823 1 0.00435931 0.131276 -0.262126
FixedParameters: 0 0 0

#Transform 75
Transform: AffineTransform_float_3_3
Parameters: 0.999999 -0.000971404 0.00043599 0.0009719 1 -0.000569001 -0.000434884 0.000569175 1 0.0145838 0.13343 -0.255679
FixedParameters: 0 0 0

#Transform 76
Transform: AffineTransform_float_3_3
Parameters: 0.999999 -0.000815733 0.000495732 0.000816192 1 -0.000463206 -0.000494976 0.000463342 1 -0.00106123 0.138325 -0.235904
FixedParameters: 0 0 0

#Transform 77
Transform: AffineTransform_float_3_3
Parameters: 0.999999 -0.000986826 4.39581e-05 0.000986859 0.999999 -0.000383304 -4.32015e-05 0.00038339 1 0.0200915 0.128476 -0.256589
FixedParameters: 0 0 0

#Transform 78
Transform: AffineTransform_float_3_3
Parameters: 0.999999 -0.00133698 0.000179676 0.00133717 0.999999 -0.000549682 -0.00017811 0.000550229 0.999999 0.013629 0.135586 -0.250336
FixedParameters: 0 0 0

#Transform 79
Transform: AffineTransform_float_3_3
Parameters: 1 -0.000616213 -9.91782e-05 0.000616994 0.999999 -0.000756692 9.97512e-05 0.000756601 0.999999 0.000250702 0.108069 -0.237247
FixedParameters: 0 0 0

#Transform 80
Transform: AffineTransform_float_3_3
Parameters: 1 -0.000624768 -9.60422e-05 0.00062464 1 -0.000456192 9.6628e-05 0.000456811 0.999999 0.0064513 0.128113 -0.225153
FixedParameters: 0 0 0

#Transform 81
Transform: AffineTransform_float_3_3
Parameters: 0.999999 -0.00100352 -0.000177909 0.00100332 0.999999 -0.000442467 0.000178813 0.000442848 0.999999 0.00827569 0.119752 -0.221584
FixedParameters: 0 0 0

#Transform 82
Transform: AffineTransform_float_3_3
Parameters: 0.999999 -0.00097333 3.84031e-05 0.000973333 0.999999 -4.46192e-05 -3.83162e-05 4.46939e-05 1 0.0211688 0.112213 -0.225423
FixedParameters: 0 0 0

#Transform 83
Transform: AffineTransform_float_3_3
Parameters: 0.999999 -0.00133902 0.000372103 0.00133931 0.999999 -0.000347058 -0.000371093 0.000347382 1 0.0137779 0.12653 -0.225621
FixedParameters: 0 0 0

#Transform 84
Transform: AffineTransform_float_3_3
Parameters: 0.999999 -0.00138747 0.000485863 0.00138759 0.999999 -9.29658e-05 -0.000485524 9.36425e-05 1 0.0233402 0.106064 -0.221851
FixedParameters: 0 0 0

#Transform 85
Transform: AffineTransform_float_3_3
Parameters: 0.999999 -0.00179266 0.000467988 0.00179292 0.999998 -0.000213374 -0.000467063 0.000213708 1 0.0208084 0.12401 -0.22629
FixedParameters: 0 0 0

#Transform 86
Transform: AffineTransform_float_3_3
Parameters: 0.999998 -0.00213878 0.000677865 0.00213875 0.999998 -0.000170046 -0.000677827 0.000170904 1 0.0490361 0.114707 -0.222017
FixedParameters: 0 0 0

#Transform 87
Transform: AffineTransform_float_3_3
Parameters: 0.999998 -0.00169429 -0.00013784 0.00169414 0.999998 -0.0011814 0.000139639 0.00118098 0.999999 0.0649406 0.17767 -0.333329
FixedParameters: 0 0 0

#Transform 88
Transform: AffineTransform_float_3_3
Parameters: 0.999998 -0.00166896 0.000117821 0.00166866 0.999994 -0.0028415 -0.000113583 0.0028411 0.999996 0.0650194 0.22286 -0.413838
FixedParameters: 0 0 0

#Transform 89
Transform: AffineTransform_float_3_3
Parameters: 0.999998 -0.00171812 -0.000126344 0.00171774 0.999995 -0.00261561 0.000130669 0.00261518 0.999997 0.0685712 0.21016 -0.380358
FixedParameters: 0 0 0

#Transform 90
Transform: AffineTransform_float_3_3
Parameters: 0.999998 -0.00172477 -6.66911e-05 0.00172468 0.999995 -0.00272642 7.14342e-05 0.0027262 0.999996 0.0562299 0.225157 -0.377404
FixedParameters: 0 0 0

#Transform 91
Transform: AffineTransform_float_3_3
Parameters: 0.999999 -0.00131584 -0.000271089 0.00131503 0.999995 -0.00268473 0.000274421 0.00268472 0.999996 0.0655078 0.218731 -0.391397
FixedParameters: 0 0 0

#Transform 92
Transform: AffineTransform_float_3_3
Parameters: 0.999999 -0.00142455 -0.000550707 0.00142353 0.999995 -0.0026811 0.00055518 0.0026803 0.999996 0.0526435 0.230584 -0.378909
FixedParameters: 0 0 0

#Transform 93
Transform: AffineTransform_float_3_3
Parameters: 0.999999 -0.00132472 -0.000273868 0.00132384 0.999995 -0.00285278 0.000277675 0.00285136 0.999996 0.0525031 0.239198 -0.393471
FixedParameters: 0 0 0

#Transform 94
Transform: AffineTransform_float_3_3
Parameters: 0.999999 -0.00129496 -0.000219142 0.00129444 0.999996 -0.00267067 0.000222326 0.00267081 0.999996 0.0519142 0.216047 -0.386219
FixedParameters: 0 0 0

#Transform 95
Transform: AffineTransform_float_3_3
Parameters: 0.999999 -0.00132041 -0.00028977 0.00131954 0.999996 -0.0026268 0.000292973 0.00262675 0.999997 0.0538966 0.220286 -0.43212
FixedParameters: 0 0 0

#Transform 96
Transform: AffineTransform_float_3_3
Parameters: 0.999999 -0.00147143 -0.000458825 0.00147053 0.999994 -0.00325224 0.000462852 0.00325163 0.999995 0.0437309 0.255611 -0.425174
FixedParameters: 0 0 0

#Transform 97
Transform: AffineTransform_float_3_3
Parameters: 0.999999 -0.00137826 -0.000345792 0.00137742 0.999993 -0.00339716 0.000350902 0.00339694 0.999994 0.0411897 0.24399 -0.40963
FixedParameters: 0 0 0

#Transform 98
Transform: AffineTransform_float_3_3
Parameters: 0.999999 -0.00148202 -0.000650271 0.00148046 0.999994 -0.00307757 0.000654776 0.00307708 0.999995 0.0487609 0.22036 -0.412508
FixedParameters: 0 0 0

#Transform 99
Transform: AffineTransform_float_3_3
Parameters: 0.999998 -0.00159748 -0.00060526 0.00159523 0.999995 -0.00307278 0.000610834 0.00307232 0.999995 0.0577291 0.234493 -0.409643
FixedParameters: 0 0 0

#Transform 100
Transform: AffineTransform_float_3_3
Parameters: 0.999998 -0.00157388 -0.00087191 0.00157164 0.999994 -0.0031923 0.000876994 0.00319109 0.999994 0.0355377 0.180458 -0.138928
FixedParameters: 0 0 0

#Transform 101
Transform: AffineTransform_float_3_3
Parameters: 0.999998 -0.00086091 -0.00136755 0.000860136 1 -0.000268981 0.00136803 0.000268039 0.999999 -0.00124205 0.10282 0.00712918
FixedParameters: 0 0 0

#Transform 102
Transform: AffineTransform_float_3_3
Parameters: 0.999999 -0.000253626 -0.00174076 0.000252983 1 -0.000463755 0.00174062 0.00046351 0.999999 0.0170917 0.13519 -0.0892526
FixedParameters: 0 0 0

#Transform 103
Transform: AffineTransform_float_3_3
Parameters: 0.999998 -0.000491429 -0.00164889 0.000489605 1 -0.0011093 0.00164918 0.00110841 0.999998 0.0355886 0.153981 -0.198084
FixedParameters: 0 0 0

#Transform 104
Transform: AffineTransform_float_3_3
Parameters: 0.999999 -0.000932187 -0.00147787 0.000930252 0.999998 -0.00158977 0.00147967 0.00158845 0.999998 0.0514552 0.170153 -0.212726
FixedParameters: 0 0 0

#Transform 105
Transform: AffineTransform_float_3_3
Parameters: 0.999999 -0.000914287 -0.00120365 0.000912255 0.999998 -0.00196179 0.00120601 0.0019611 0.999997 0.0471771 0.199896 -0.288341
FixedParameters: 0 0 0

#Transform 106
Transform: AffineTransform_float_3_3
Parameters: 0.999998 -0.000949151 -0.00147122 0.000946863 0.999998 -0.00199851 0.00147334 0.00199792 0.999997 0.052697 0.202199 -0.257419
FixedParameters: 0 0 0

#Transform 107
Transform: AffineTransform_float_3_3
Parameters: 0.999999 -0.00126976 -0.00134657 0.00126695 0.999997 -0.00192443 0.00134938 0.00192249 0.999997 0.0521742 0.186458 -0.212635
FixedParameters: 0 0 0

#Transform 108
Transform: AffineTransform_float_3_3
Parameters: 0.999998 -0.00136688 -0.00130897 0.00136461 0.999998 -0.00176791 0.00131173 0.00176581 0.999998 0.0412148 0.151121 -0.143109
FixedParameters: 0 0 0

#Transform 109
Transform: AffineTransform_float_3_3
Parameters: 0.999993 -0.00301611 -0.00221458 0.00301877 0.999995 0.000905428 0.00221195 -0.000911594 0.999997 0.100869 0.0426187 -0.0169575
FixedParameters: 0 0 0

#Transform 110
Transform: AffineTransform_float_3_3
Parameters: 0.999993 -0.0035346 -0.00104439 0.00353451 0.999993 -0.000266264 0.00104538 0.00026265 1 0.0877532 0.142352 -0.104808
FixedParameters: 0 0 0

#Transform 111
Transform: AffineTransform_float_3_3
Parameters: 0.999993 -0.00357822 -0.00127851 0.00357773 0.999993 -0.000582448 0.0012805 0.000577807 0.999999 0.0881819 0.131148 -0.125918
FixedParameters: 0 0 0

#Transform 112
Transform: AffineTransform_float_3_3
Parameters: 0.999995 -0.00324056 -0.00100562 0.00324013 0.999995 -0.000734271 0.00100811 0.00073078 1 0.10394 0.15257 -0.184551
FixedParameters: 0 0 0

#Transform 113
Transform: AffineTransform_float_3_3
Parameters: 0.999994 -0.0034144 -0.000856528 0.00341396 0.999994 -0.0011746 0.000861002 0.00117184 0.999999 0.0993008 0.160183 -0.197848
FixedParameters: 0 0 0

#Transform 114
Transform: AffineTransform_float_3_3
Parameters: 0.999992 -0.00381662 -0.00126364 0.00381483 0.999992 -0.00116669 0.00126817 0.00116226 0.999998 0.106948 0.174801 -0.200305
FixedParameters: 0 0 0

#Transform 115
Transform: AffineTransform_float_3_3
Parameters: 0.999992 -0.00379843 -0.00113564 0.00379688 0.999992 -0.00146141 0.00114106 0.00145659 0.999998 0.101501 0.172453 -0.141417
FixedParameters: 0 0 0

#Transform 116
Transform: AffineTransform_float_3_3
Parameters: 0.99999 -0.00422153 -0.00168928 0.00421895 0.99999 -0.00170118 0.00169634 0.00169364 0.999997 0.112967 0.162907 -0.132186
FixedParameters: 0 0 0

#Transform 117
Transform: AffineTransform_float_3_3
Parameters: 0.999989 -0.00437959 -0.00181604 0.00437531 0.999987 -0.00249124 0.00182654 0.00248346 0.999995 0.115321 0.187016 -0.131085
FixedParameters: 0 0 0

#Transform 118
Transform: AffineTransform_float_3_3
Parameters: 0.99999 -0.0040595 -0.00165244 0.00405537 0.999988 -0.00269416 0.00166281 0.00268739 0.999996 0.100401 0.201537 -0.134575
FixedParameters: 0 0 0

#Transform 119
Transform: AffineTransform_float_3_3
Parameters: 0.999991 -0.00398086 -0.00124329 0.00397811 0.99999 -0.0019899 0.00125204 0.00198594 0.999997 0.0996626 0.196637 -0.147243
FixedParameters: 0 0 0
