#Insight Transform File V1.0
#Transform 0
Transform: AffineTransform_float_3_3
Parameters: 0.999998 0.00123967 -0.00117806 -0.00124089 0.999999 -0.00106054 0.00117608 0.00106211 0.999999 -0.00758064 0.0493434 -0.108674
FixedParameters: 0 0 0

#Transform 1
Transform: AffineTransform_float_3_3
Parameters: 0.999999 0.00130288 -0.00121314 -0.00130404 0.999998 -0.00114137 0.00121182 0.00114237 0.999999 -0.0149478 0.0321438 -0.0567426
FixedParameters: 0 0 0

#Transform 2
Transform: AffineTransform_float_3_3
Parameters: 0.999997 0.00144865 -0.00160612 -0.00145125 0.999998 -0.00130919 0.00160397 0.00131112 0.999997 -0.00451901 0.0671401 -0.0735188
FixedParameters: 0 0 0

#Transform 3
Transform: AffineTransform_float_3_3
Parameters: 0.999998 0.001331 -0.00148036 -0.00133264 0.999999 -0.000771823 0.00148025 0.00077358 0.999999 -0.00426297 0.0365303 -0.0500399
FixedParameters: 0 0 0

#Transform 4
Transform: AffineTransform_float_3_3
Parameters: 0.999998 0.00146541 -0.00137953 -0.00146798 0.999997 -0.00206535 0.00137669 0.00206673 0.999997 -0.00686079 0.0687124 -0.118552
FixedParameters: 0 0 0

#Transform 5
Transform: AffineTransform_float_3_3
Parameters: 0.999998 0.0014816 -0.00128636 -0.00148403 0.999996 -0.00216117 0.00128317 0.00216232 0.999996 -0.0179153 0.0537715 -0.0947242
FixedParameters: 0 0 0

#Transform 6
Transform: AffineTransform_float_3_3
Parameters: 0.999997 0.00192611 -0.00154795 -0.00192807 0.999998 -0.000848841 0.00154667 0.000852063 0.999999 -0.0384306 0.0958049 -0.0387322
FixedParameters: 0 0 0

#Transform 7
Transform: AffineTransform_float_3_3
Parameters: 0.999998 0.00145115 -0.00127627 -0.0014528 0.999997 -0.00175096 0.00127346 0.00175337 0.999998 -0.0234502 0.0292495 -0.063598
FixedParameters: 0 0 0

#Transform 8
Transform: AffineTransform_float_3_3
Parameters: 0.999999 0.0012805 -0.0012241 -0.00128198 0.999998 -0.0017651 0.00122184 0.00176611 0.999998 -0.0170821 0.0511732 -0.048732
FixedParameters: 0 0 0

#Transform 9
Transform: AffineTransform_float_3_3
Parameters: 0.999998 0.00133958 -0.00100113 -0.00134092 0.999997 -0.00206529 0.000997813 0.00206667 0.999997 -0.00891635 0.0894013 -0.0559434
FixedParameters: 0 0 0

#Transform 10
Transform: AffineTransform_float_3_3
Parameters: 1 0.000903159 -0.000586143 -0.000904039 0.999998 -0.00205092 0.000584002 0.00205147 0.999998 -0.0156855 0.0423266 -0.0114022
FixedParameters: 0 0 0

#Transform 11
Transform: AffineTransform_float_3_3
Parameters: 0.999999 0.00134318 0.000671251 -0.00134303 0.999999 -0.000128972 -0.000671588 0.000127999 1 -0.0184401 0.195814 -0.276782
FixedParameters: 0 0 0

#Transform 12
Transform: AffineTransform_float_3_3
Parameters: 1 0.000959319 -0.000318802 -0.000960348 0.999995 -0.00291581 0.000315908 0.00291591 0.999996 -0.00802749 0.0085033 -0.0264492
FixedParameters: 0 0 0

#Transform 13
Transform: AffineTransform_float_3_3
Parameters: 0.999999 0.00165109 7.05244e-05 -0.00165051 0.999991 -0.00396628 -7.6669e-05 0.00396637 0.999992 -0.0131489 -0.00951619 -0.140794
FixedParameters: 0 0 0

#Transform 14
Transform: AffineTransform_float_3_3
Parameters: 0.999994 0.000667151 0.00323866 -0.000657687 0.999997 -0.00264908 -0.00324007 0.00264655 0.999991 -0.0145718 0.0575485 -0.11924
FixedParameters: 0 0 0

#Transform 15
Transform: AffineTransform_float_3_3
Parameters: 0.999999 -0.000531856 0.00127938 0.000526874 0.999993 0.00385934 -0.00128119 -0.00385866 0.999992 0.0442424 -0.0255213 0.0721263
FixedParameters: 0 0 0

#Transform 16
Transform: AffineTransform_float_3_3
Parameters: 0.999999 -0.000431674 0.000878672 0.000429572 0.999997 0.0025915 -0.0008798 -0.0025915 0.999997 0.0347768 -0.0133017 0.0522953
FixedParameters: 0 0 0

#Transform 17
Transform: AffineTransform_float_3_3
Parameters: 0.999999 -0.000461107 0.000541246 0.000460166 0.999998 0.00198805 -0.000542521 -0.00198751 0.999998 0.0359307 -0.0188482 0.0480925
FixedParameters: 0 0 0

#Transform 18
Transform: AffineTransform_float_3_3
Parameters: 1 -0.000803987 0.000645721 0.000803906 0.999999 0.00104822 -0.00064675 -0.00104797 1 0.0425285 0.0164107 0.0343166
FixedParameters: 0 0 0

#Transform 19
Transform: AffineTransform_float_3_3
Parameters: 1 -0.000376002 0.000251896 0.000375897 0.999999 0.000784706 -0.00025153 -0.000784501 0.999999 0.0460616 0.0575537 0.00231397
FixedParameters: 0 0 0

#Transform 20
Transform: AffineTransform_float_3_3
Parameters: 1 7.37182e-05 -8.40308e-05 -7.36477e-05 1 0.00041948 8.40927e-05 -0.000419468 1 0.00116413 -0.00340354 0.000385165
FixedParameters: 0 0 0

#Transform 21
Transform: AffineTransform_float_3_3
Parameters: 1 -2.87481e-05 0.000120629 2.89576e-05 0.999999 -0.000868567 -0.000120579 0.000868574 0.999999 0.00940061 0.0901727 -0.118536
FixedParameters: 0 0 0

#Transform 22
Transform: AffineTransform_float_3_3
Parameters: 1 4.90236e-05 -8.80913e-05 -4.90887e-05 1 -0.000369204 8.80551e-05 0.000369212 1 0.0145601 0.0130869 0.0208232
FixedParameters: 0 0 0

#Transform 23
Transform: AffineTransform_float_3_3
Parameters: 1 5.92677e-05 -2.53757e-05 -5.93015e-05 1 -0.000667086 2.52966e-05 0.000667089 1 0.000371362 0.0475381 0.0293219
FixedParameters: 0 0 0

#Transform 24
Transform: AffineTransform_float_3_3
Parameters: 1 -0.000168509 0.000178851 0.000168411 1 -0.000536139 -0.000179626 0.000536184 1 0.00433877 0.0606071 0.015697
FixedParameters: 0 0 0

#Transform 25
Transform: AffineTransform_float_3_3
Parameters: 1 1.98119e-05 -0.000230725 -1.97631e-05 1 0.000105605 0.000230729 -0.000105596 1 0.00962246 0.0310685 0.0649928
FixedParameters: 0 0 0

#Transform 26
Transform: AffineTransform_float_3_3
Parameters: 1 2.57104e-05 -0.000183419 -2.57758e-05 1 -0.00017828 0.00018341 0.00017829 1 0.011883 0.0552012 0.0554323
FixedParameters: 0 0 0

#Transform 27
Transform: AffineTransform_float_3_3
Parameters: 1 3.22422e-06 -0.000251841 -3.34222e-06 1 -0.000234262 0.000251839 0.000234263 1 -0.00471589 0.0537216 0.0467257
FixedParameters: 0 0 0

#Transform 28
Transform: AffineTransform_float_3_3
Parameters: 1 3.22013e-05 -0.000128975 -3.23344e-05 1 -0.000516145 0.000128941 0.000516153 1 -0.00298666 0.0507374 0.0278982
FixedParameters: 0 0 0

#Transform 29
Transform: AffineTransform_float_3_3
Parameters: 1 0.00024312 -0.00021593 -0.000242964 1 0.000360814 0.000216106 -0.000360709 1 -0.0106867 0.027923 0.0793927
FixedParameters: 0 0 0

#Transform 30
Transform: AffineTransform_float_3_3
Parameters: 1 0.000214673 -0.000207467 -0.000213824 1 -0.000258578 0.000207065 0.00025869 1 -0.00360033 0.0555727 0.0545309
FixedParameters: 0 0 0

#Transform 31
Transform: AffineTransform_float_3_3
Parameters: 1 0.000219958 0.000108684 -0.000219902 1 -0.000256202 -0.000108796 0.000256155 1 -0.00597761 0.0674977 0.0530514
FixedParameters: 0 0 0

#Transform 32
Transform: AffineTransform_float_3_3
Parameters: 1 0.000140912 -0.000216383 -0.000141023 1 -0.000256687 0.000216311 0.000256748 1 0.00683558 0.0545843 0.0497361
FixedParameters: 0 0 0

#Transform 33
Transform: AffineTransform_float_3_3
Parameters: 1 0.000232549 -0.000103119 -0.000232575 1 -0.000127194 0.00010306 0.000127242 1 0.00072376 0.0295507 0.0551571
FixedParameters: 0 0 0

#Transform 34
Transform: AffineTransform_float_3_3
Parameters: 1 0.000219427 -0.000309279 -0.000219337 1 -0.000322569 0.000310093 0.00032272 1 -0.0183124 0.0598033 0.0442587
FixedParameters: 0 0 0

#Transform 35
Transform: AffineTransform_float_3_3
Parameters: 0.999998 0.000371422 0.00155689 -0.000375291 0.999996 0.00285971 -0.00155548 -0.00286101 0.999995 0.00382006 0.11261 0.173124
FixedParameters: 0 0 0

#Transform 36
Transform: AffineTransform_float_3_3
Parameters: 0.999999 0.000765949 0.00123582 -0.000766055 1 0.000418825 -0.00123546 -0.000419307 0.999999 0.0103724 0.125117 -0.0250833
FixedParameters: 0 0 0

#Transform 37
Transform: AffineTransform_float_3_3
Parameters: 0.999999 0.000666983 0.000479716 -0.000666895 1 -9.25094e-05 -0.000479839 9.18694e-05 1 0.0260343 0.0744906 -0.0574847
FixedParameters: 0 0 0

#Transform 38
Transform: AffineTransform_float_3_3
Parameters: 1 0.00100931 0.000448805 -0.00100922 0.999999 -0.000114288 -0.000448973 0.000114213 1 0.0142603 0.075567 -0.066689
FixedParameters: 0 0 0

#Transform 39
Transform: AffineTransform_float_3_3
Parameters: 1 0.000964442 0.000462304 -0.000964185 0.999999 -0.000289017 -0.000462799 0.000288956 0.999999 0.0134351 0.105917 -0.0472772
FixedParameters: 0 0 0

#Transform 40
Transform: AffineTransform_float_3_3
Parameters: 1 0.00106924 0.00027805 -0.00106923 0.999999 -4.31423e-05 -0.00027808 4.33786e-05 1 0.0256456 0.0848552 -0.0494669
FixedParameters: 0 0 0

#Transform 41
Transform: AffineTransform_float_3_3
Parameters: 1 0.00104185 0.000211923 -0.00104174 1 -0.000293244 -0.000212472 0.000293076 1 0.0271129 0.103027 -0.0558398
FixedParameters: 0 0 0

#Transform 42
Transform: AffineTransform_float_3_3
Parameters: 0.999999 0.00089934 0.000357305 -0.000899474 1 -0.00078248 -0.000357458 0.000782103 0.999999 0.0215273 0.112355 -0.0157737
FixedParameters: 0 0 0

#Transform 43
Transform: AffineTransform_float_3_3
Parameters: 1 0.000928887 0.000449772 -0.000927945 1 -0.000735569 -0.00045012 0.000735023 0.999999 0.0269281 0.104639 -0.0394629
FixedParameters: 0 0 0

#Transform 44
Transform: AffineTransform_float_3_3
Parameters: 0.999999 0.00130529 5.32384e-05 -0.00130489 0.999998 -0.00118362 -5.53653e-05 0.00118432 0.999999 0.0277813 0.172014 -0.0899914
FixedParameters: 0 0 0

#Transform 45
Transform: AffineTransform_float_3_3
Parameters: 0.999999 0.00142877 -0.000297026 -0.00142864 0.999999 0.000205974 0.000297668 -0.00020568 1 0.0281565 -0.0409519 0.144134
FixedParameters: 0 0 0

#Transform 46
Transform: AffineTransform_float_3_3
Parameters: 1 0.000715594 -0.000194464 -0.000714113 0.999967 0.00807031 0.00020039 -0.00807011 0.999968 0.0980784 0.0198779 1.91842
FixedParameters: 0 0 0

#Transform 47
Transform: AffineTransform_float_3_3
Parameters: 0.999999 0.000573353 -0.00069174 -0.000566901 0.999953 0.00967405 0.000696889 -0.00967431 0.999953 0.0515623 0.139678 1.15931
FixedParameters: 0 0 0

#Transform 48
Transform: AffineTransform_float_3_3
Parameters: 1 0.000173686 0.000454121 -0.000174551 0.999999 0.000935595 -0.000453849 -0.000935197 1 0.0382523 0.210448 0.0536409
FixedParameters: 0 0 0

#Transform 49
Transform: AffineTransform_float_3_3
Parameters: 0.999999 0.000661941 0.000314085 -0.000661986 1 2.83335e-05 -0.00031404 -2.79188e-05 1 0.0109059 0.0924187 0.0723635
FixedParameters: 0 0 0

#Transform 50
Transform: AffineTransform_float_3_3
Parameters: 1 0.000197748 -8.222e-05 -0.000197869 0.999999 -0.00073833 8.19279e-05 0.000738363 0.999999 0.0434553 0.0671707 0.0248997
FixedParameters: 0 0 0

#Transform 51
Transform: AffineTransform_float_3_3
Parameters: 1 0.000261822 0.000159953 -0.000262457 1 0.00102657 -0.000160424 -0.00102667 1 0.0480199 0.0591198 0.010963
FixedParameters: 0 0 0

#Transform 52
Transform: AffineTransform_float_3_3
Parameters: 0.999999 0.000412861 0.000691942 -0.000413815 0.999999 0.000677749 -0.000691436 -0.000677765 1 0.0219372 0.0847745 0.00997864
FixedParameters: 0 0 0

#Transform 53
Transform: AffineTransform_float_3_3
Parameters: 0.999999 0.000682993 0.000440745 -0.000682579 0.999999 0.000615051 -0.000440195 -0.000615629 0.999999 0.0155834 0.0798362 0.0070742
FixedParameters: 0 0 0

#Transform 54
Transform: AffineTransform_float_3_3
Parameters: 0.999999 0.00066096 0.000616541 -0.000661268 1 0.000249827 -0.00061621 -0.000250642 1 0.0117055 0.0774241 0.0206439
FixedParameters: 0 0 0

#Transform 55
Transform: AffineTransform_float_3_3
Parameters: 0.999999 0.000437605 0.000770134 -0.000437793 1 0.000714625 -0.000769845 -0.000713889 1 0.0219831 0.0746803 0.1265
FixedParameters: 0 0 0

#Transform 56
Transform: AffineTransform_float_3_3
Parameters: 1 0.000315758 0.000431846 -0.00031583 1 5.27883e-05 -0.000431805 -5.22305e-05 1 0.0168554 0.123271 0.102922
FixedParameters: 0 0 0

#Transform 57
Transform: AffineTransform_float_3_3
Parameters: 0.999999 0.00072249 0.000344783 -0.000722484 0.999999 -9.0279e-06 -0.000344795 8.52969e-06 1 0.00551091 0.0844646 0.0442709
FixedParameters: 0 0 0

#Transform 58
Transform: AffineTransform_float_3_3
Parameters: 0.999999 0.00125371 -0.000714892 -0.00125339 0.999999 0.000413831 0.000715027 -0.00041261 0.999999 0.00235073 0.0912013 -0.0321197
FixedParameters: 0 0 0

#Transform 59
Transform: AffineTransform_float_3_3
Parameters: 0.999999 0.000887708 0.000318845 -0.000888189 0.999999 0.000298348 -0.00031927 -0.00029893 1 -0.0119887 0.0919073 -0.0425588
FixedParameters: 0 0 0

#Transform 60
Transform: AffineTransform_float_3_3
Parameters: 1 0.000852269 0.000787204 -0.000850434 0.999999 -0.00159794 -0.000788732 0.00159659 0.999999 -0.0109668 0.122852 -0.0521448
FixedParameters: 0 0 0

#Transform 61
Transform: AffineTransform_float_3_3
Parameters: 0.999999 0.000894901 0.000913336 -0.000892953 0.999998 -0.00145395 -0.000914735 0.00145369 0.999999 0.0183034 0.116827 -0.0700578
FixedParameters: 0 0 0

#Transform 62
Transform: AffineTransform_float_3_3
Parameters: 0.999999 0.000550577 0.000705102 -0.000550266 0.999999 -0.000704528 -0.000704686 0.0007043 1 0.00948211 0.103398 -0.0262691
FixedParameters: 0 0 0

#Transform 63
Transform: AffineTransform_float_3_3
Parameters: 0.999999 0.00063991 0.000399989 -0.000639613 1 -0.000404574 -0.000400499 0.000404893 0.999999 0.00729974 0.119779 -0.000463307
FixedParameters: 0 0 0

#Transform 64
Transform: AffineTransform_float_3_3
Parameters: 0.999999 0.000652777 0.0003961 -0.000653453 0.999999 -0.00035388 -0.000396271 0.000353339 1 0.00941354 0.0990121 -0.000542563
FixedParameters: 0 0 0

#Transform 65
Transform: AffineTransform_float_3_3
Parameters: 1 0.00021834 0.00052831 -0.000218773 1 -0.000494901 -0.000528235 0.000494647 0.999999 0.0280018 0.109093 0.00450649
FixedParameters: 0 0 0

#Transform 66
Transform: AffineTransform_float_3_3
Parameters: 0.999999 0.000701355 0.00124583 -0.000700978 1 -0.000162503 -0.00124605 0.000162142 0.999999 0.00100139 0.0993365 -0.00305964
FixedParameters: 0 0 0

#Transform 67
Transform: AffineTransform_float_3_3
Parameters: 0.999999 0.000779295 0.00127131 -0.000779299 1 -9.47063e-06 -0.00127132 8.87617e-06 0.999999 0.0053628 0.0837495 -0.0170806
FixedParameters: 0 0 0

#Transform 68
Transform: AffineTransform_float_3_3
Parameters: 0.999999 0.000476315 0.0013049 -0.00047704 1 0.000267504 -0.00130464 -0.000267361 0.999999 0.0127711 0.0750879 -0.0211561
FixedParameters: 0 0 0

#Transform 69
Transform: AffineTransform_float_3_3
Parameters: 0.999999 0.000972164 0.00120296 -0.000974202 0.999999 0.00122702 -0.0012009 -0.00122795 0.999999 0.008544 0.0602787 0.03903
FixedParameters: 0 0 0

#Transform 70
Transform: AffineTransform_float_3_3
Parameters: 0.999999 0.000560119 0.000698003 -0.000560067 0.999999 -0.000733867 -0.000698589 0.000733618 1 0.0220093 0.125064 -0.00997944
FixedParameters: 0 0 0

#Transform 71
Transform: AffineTransform_float_3_3
Parameters: 0.999999 0.000548613 0.000742293 -0.000548555 0.999999 -0.00069419 -0.000742819 0.000693908 1 0.0335341 0.105757 -0.0699688
FixedParameters: 0 0 0

#Transform 72
Transform: AffineTransform_float_3_3
Parameters: 1 0.000593347 0.000841679 -0.000592597 1 -0.000445554 -0.000842208 0.000445112 1 0.0158639 0.088012 -0.028854
FixedParameters: 0 0 0

#Transform 73
Transform: AffineTransform_float_3_3
Parameters: 1 0.000529783 0.000861251 -0.00052927 1 0.000266392 -0.000861204 -0.00026728 0.999999 0.00385105 0.0866868 -0.0106535
FixedParameters: 0 0 0

#Transform 74
Transform: AffineTransform_float_3_3
Parameters: 0.999999 0.000347891 0.00144215 -0.000348264 1 0.00012928 -0.00144206 -0.000129727 0.999999 0.00721762 0.102725 0.000592131
FixedParameters: 0 0 0

#Transform 75
Transform: AffineTransform_float_3_3
Parameters: 0.999999 0.00115899 0.000646278 -0.00116225 0.999986 0.00516106 -0.000640269 -0.00516168 0.999987 -0.0623495 0.0731791 -0.251721
FixedParameters: 0 0 0

#Transform 76
Transform: AffineTransform_float_3_3
Parameters: 0.999999 0.00124714 8.0797e-05 -0.00124712 0.999999 -2.65922e-05 -8.08081e-05 2.58346e-05 1 -0.022726 0.125451 -0.130753
FixedParameters: 0 0 0

#Transform 77
Transform: AffineTransform_float_3_3
Parameters: 0.999999 0.00144957 -0.00061683 -0.00144953 0.999998 0.000233329 0.000616596 -0.000232943 1 -0.00637989 0.10553 -0.142402
FixedParameters: 0 0 0

#Transform 78
Transform: AffineTransform_float_3_3
Parameters: 0.999999 0.00117055 -0.000532434 -0.00117056 1 -2.48502e-05 0.000532429 2.55406e-05 1 -0.00689898 0.194956 -0.150717
FixedParameters: 0 0 0

#Transform 79
Transform: AffineTransform_float_3_3
Parameters: 0.999999 0.00128343 -0.000619169 -0.0012827 0.999999 0.000575785 0.000620699 -0.00057475 0.999999 -0.00340691 0.0730415 -0.14316
FixedParameters: 0 0 0

#Transform 80
Transform: AffineTransform_float_3_3
Parameters: 0.999999 0.00117528 -0.000533644 -0.0011754 1 0.000146077 0.000533086 -0.000145395 1 -0.00087609 0.106256 -0.182463
FixedParameters: 0 0 0

#Transform 81
Transform: AffineTransform_float_3_3
Parameters: 0.999999 0.00139167 -0.000598512 -0.00139111 0.999998 0.000700096 0.000599557 -0.000699001 0.999999 0.00161726 0.119732 -0.180253
FixedParameters: 0 0 0

#Transform 82
Transform: AffineTransform_float_3_3
Parameters: 0.999999 0.00117667 -0.000533998 -0.00117673 0.999999 0.000196058 0.000533557 -0.000195374 1 0.00074977 0.112768 -0.177563
FixedParameters: 0 0 0

#Transform 83
Transform: AffineTransform_float_3_3
Parameters: 0.999999 0.001187 -0.000536633 -0.00118663 0.999999 0.000568001 0.000537073 -0.00056813 1 0.00292774 0.108322 -0.132659
FixedParameters: 0 0 0

#Transform 84
Transform: AffineTransform_float_3_3
Parameters: 0.999999 0.00088234 -0.000444645 -0.00088218 0.999999 0.000179832 0.000444962 -0.000179047 1 0.0138222 0.13958 -0.16382
FixedParameters: 0 0 0

#Transform 85
Transform: AffineTransform_float_3_3
Parameters: 1 0.00113627 -0.000368393 -0.00113628 1 -4.17764e-05 0.000368352 4.20575e-05 1 0.0127569 0.158529 -0.16839
FixedParameters: 0 0 0

#Transform 86
Transform: AffineTransform_float_3_3
Parameters: 0.999999 0.0012338 -0.000360935 -0.00123353 0.999999 0.000349821 0.000361852 -0.000349485 1 0.00903816 0.107712 -0.150987
FixedParameters: 0 0 0

#Transform 87
Transform: AffineTransform_float_3_3
Parameters: 0.999999 0.00117866 -0.000534507 -0.00117865 0.999999 0.000268031 0.000534237 -0.000267343 1 0.0126782 0.145973 -0.162641
FixedParameters: 0 0 0

#Transform 88
Transform: AffineTransform_float_3_3
Parameters: 0.999999 0.00134573 -8.6358e-05 -0.00134611 0.999999 0.001324 8.80191e-05 -0.00132352 0.999999 0.00190869 0.11309 -0.106007
FixedParameters: 0 0 0

#Transform 89
Transform: AffineTransform_float_3_3
Parameters: 0.999999 0.00128613 -8.66303e-05 -0.00128623 0.999999 -0.000704089 8.48739e-05 0.000703753 1 0.0028676 0.166348 -0.145467
FixedParameters: 0 0 0

#Transform 90
Transform: AffineTransform_float_3_3
Parameters: 1 0.00107445 -0.000496737 -0.00107482 0.999999 -0.000701218 0.000496231 0.000700914 1 0.0144216 0.134633 -0.21705
FixedParameters: 0 0 0

#Transform 91
Transform: AffineTransform_float_3_3
Parameters: 0.999999 0.000886147 0.000300077 -0.000886001 0.999999 -0.000241949 -0.000300505 0.000241416 1 0.0208301 0.0992139 -0.18544
FixedParameters: 0 0 0

#Transform 92
Transform: AffineTransform_float_3_3
Parameters: 1 0.000540939 0.0008683 -0.000541298 1 0.000216088 -0.000868011 -0.000217027 0.999999 0.0313978 0.126411 -0.201559
FixedParameters: 0 0 0

#Transform 93
Transform: AffineTransform_float_3_3
Parameters: 0.999999 0.000588382 0.000433509 -0.000589111 1 -0.000262784 -0.000433528 0.00026225 1 0.038797 0.133383 -0.211614
FixedParameters: 0 0 0

#Transform 94
Transform: AffineTransform_float_3_3
Parameters: 0.999999 0.000823231 0.000506284 -0.000823124 0.999998 -0.0017654 -0.000507754 0.00176536 0.999998 0.0248209 0.154696 -0.250411
FixedParameters: 0 0 0

#Transform 95
Transform: AffineTransform_float_3_3
Parameters: 0.999999 0.000920237 0.000102449 -0.000919352 0.999999 -0.00155912 -0.000103461 0.0015584 0.999999 0.0407978 0.165165 -0.195499
FixedParameters: 0 0 0

#Transform 96
Transform: AffineTransform_float_3_3
Parameters: 0.999999 0.000839984 0.000215381 -0.000840275 0.999999 -0.000868851 -0.000215594 0.000867924 0.999999 0.0247834 0.111933 -0.163669
FixedParameters: 0 0 0

#Transform 97
Transform: AffineTransform_float_3_3
Parameters: 0.999999 0.00075358 0.000151079 -0.000753448 0.999999 -0.000435503 -0.000151735 0.000435275 1 0.0239601 0.133294 -0.171012
FixedParameters: 0 0 0

#Transform 98
Transform: AffineTransform_float_3_3
Parameters: 0.999999 0.000761631 0.00016233 -0.000761278 1 -0.000276654 -0.000161788 0.000277253 1 0.0267349 0.130208 -0.162573
FixedParameters: 0 0 0

#Transform 99
Transform: AffineTransform_float_3_3
Parameters: 0.999999 0.000748136 0.000166086 -0.000748544 1 -0.000777673 -0.000166004 0.00077686 0.999999 0.0178581 0.162477 -0.182846
FixedParameters: 0 0 0

#Transform 100
Transform: AffineTransform_float_3_3
Parameters: 0.999999 0.000741572 0.000168385 -0.000741192 1 -0.000346088 -0.000167935 0.000346685 1 0.0246199 0.155238 -0.153771
FixedParameters: 0 0 0

#Transform 101
Transform: AffineTransform_float_3_3
Parameters: 0.999999 0.000709777 0.000178149 -0.000709438 1 -0.000212093 -0.000177487 0.000212687 1 0.012894 0.133397 -0.129374
FixedParameters: 0 0 0

#Transform 102
Transform: AffineTransform_float_3_3
Parameters: 0.999999 0.00133329 -1.10401e-05 -0.00133329 0.999999 0.000120398 1.14233e-05 -0.000120094 1 -0.0141897 0.121309 -0.097844
FixedParameters: 0 0 0

#Transform 103
Transform: AffineTransform_float_3_3
Parameters: 1 0.00111079 5.56532e-05 -0.0011104 0.999999 -0.000708318 -5.62163e-05 0.000707653 1 -0.00492931 0.144245 -0.149862
FixedParameters: 0 0 0

#Transform 104
Transform: AffineTransform_float_3_3
Parameters: 1 0.00110799 -9.68881e-05 -0.00110865 0.999999 -0.0013547 9.60941e-05 0.00135519 0.999999 -0.0014258 0.167809 -0.177727
FixedParameters: 0 0 0

#Transform 105
Transform: AffineTransform_float_3_3
Parameters: 1 0.00107009 6.79973e-05 -0.00106968 0.999999 -0.000762143 -6.86178e-05 0.000761456 1 -0.0119033 0.13453 -0.152302
FixedParameters: 0 0 0

#Transform 106
Transform: AffineTransform_float_3_3
Parameters: 1 0.00118441 0.000102371 -0.00118494 0.999999 -0.000572963 -0.000102427 0.000572156 1 -0.00652269 0.137238 -0.147324
FixedParameters: 0 0 0

#Transform 107
Transform: AffineTransform_float_3_3
Parameters: 0.999999 0.000721844 3.39475e-05 -0.000721494 1 -0.000870964 -3.42489e-05 0.000870374 0.999999 -0.0138668 0.121134 -0.426919
FixedParameters: 0 0 0

#Transform 108
Transform: AffineTransform_float_3_3
Parameters: 0.999997 0.00245644 0.000122255 -0.00245522 0.999975 -0.00654151 -0.000138607 0.00654099 0.999978 -0.112097 0.437681 -0.9159
FixedParameters: 0 0 0

#Transform 109
Transform: AffineTransform_float_3_3
Parameters: 0.999998 0.00167959 -0.000982177 -0.00167781 0.999997 0.00197222 0.000985257 -0.00197095 0.999997 -0.057067 0.143826 -0.789671
FixedParameters: 0 0 0

#Transform 110
Transform: AffineTransform_float_3_3
Parameters: 0.999996 0.00147128 -0.00205909 -0.0014738 0.999997 -0.00161356 0.00205731 0.00161671 0.999996 -0.0240161 0.29052 -0.722
FixedParameters: 0 0 0

#Transform 111
Transform: AffineTransform_float_3_3
Parameters: 0.999993 0.00247369 -0.00283253 -0.00246801 0.999995 0.00195086 0.00283769 -0.00194369 0.999994 -0.0113773 0.0858594 0.354081
FixedParameters: 0 0 0

#Transform 112
Transform: AffineTransform_float_3_3
Parameters: 0.999993 0.00193058 -0.00322974 -0.00192882 0.999998 0.000429627 0.00323088 -0.000423568 0.999994 0.00818395 0.145713 0.130332
FixedParameters: 0 0 0

#Transform 113
Transform: AffineTransform_float_3_3
Parameters: 0.999995 0.00161446 -0.00292242 -0.00161963 0.999997 -0.00193476 0.00291858 0.00193885 0.999994 -0.00889478 0.262235 -0.527347
FixedParameters: 0 0 0

#Transform 114
Transform: AffineTransform_float_3_3
Parameters: 0.999987 0.00152388 -0.0048673 -0.00152517 0.999999 -0.000296855 0.00486717 0.000304553 0.999988 -0.0166763 0.247607 -0.746096
FixedParameters: 0 0 0

#Transform 115
Transform: AffineTransform_float_3_3
Parameters: 0.999984 0.0037397 -0.0041911 -0.00374088 0.999993 -0.000350659 0.00418962 0.000365972 0.999991 -0.0505724 0.171294 -0.749051
FixedParameters: 0 0 0

#Transform 116
Transform: AffineTransform_float_3_3
Parameters: 0.999989 0.00282019 -0.00388621 -0.00282842 0.999994 -0.0021437 0.0038802 0.00215455 0.99999 -0.0282509 0.2406 -0.810263
FixedParameters: 0 0 0

#Transform 117
Transform: AffineTransform_float_3_3
Parameters: 0.999991 0.00242494 -0.00339501 -0.002434 0.999993 -0.00274449 0.00338825 0.00275269 0.999991 -0.026076 0.220431 -0.859519
FixedParameters: 0 0 0

#Transform 118
Transform: AffineTransform_float_3_3
Parameters: 0.999994 0.00210233 -0.00273621 -0.00210812 0.999995 -0.00233386 0.00273161 0.00233951 0.999994 -0.0375887 0.12614 -0.74714
FixedParameters: 0 0 0

#Transform 119
Transform: AffineTransform_float_3_3
Parameters: 0.999992 0.00193766 -0.00351338 -0.00193406 0.999998 0.00101024 0.00351539 -0.0010034 0.999994 -0.025212 0.150273 -0.749427
FixedParameters: 0 0 0
