# transform file /out/sourcedata/freesurfer/sub-v1s19x0051305_ses-1/mri/transforms/cc_up.lta
# created by oesteban on Thu Mar 12 14:29:01 2026

type      = 0 # LINEAR_VOX_TO_VOX
nxforms   = 1
mean      = 124.0000 99.0000 133.0000
sigma     = 10000.0000
1 4 4
9.884878993034363e-01 -1.263094991445541e-01 -8.329189568758011e-02 2.880312919616699e+01 
1.258634775876999e-01 9.919908642768860e-01 -1.060549821704626e-02 3.169920349121094e+01 
8.396437764167786e-02 -9.313225746154785e-10 9.964687228202820e-01 -6.759479522705078e+00 
0.000000000000000e+00 0.000000000000000e+00 0.000000000000000e+00 1.000000000000000e+00 
src volume info
valid = 1  # volume info valid
filename = /out/sourcedata/freesurfer/sub-v1s19x0051305_ses-1/mri/norm.mgz
volume = 256 256 256
voxelsize = 1.000000000000000e+00 1.000000000000000e+00 1.000000000000000e+00
xras   = -1.000000000000000e+00 3.143213689327240e-09 7.450580596923828e-09
yras   = 0.000000000000000e+00 9.313225746154785e-10 -9.999999403953552e-01
zras   = -2.677552402019501e-09 1.000000000000000e+00 9.313225746154785e-10
cras   = -6.252502441406250e+00 1.494314575195312e+01 -2.570509338378906e+01
dst volume info
valid = 1  # volume info valid
filename = /out/sourcedata/freesurfer/sub-v1s19x0051305_ses-1/mri/norm.mgz
volume = 256 256 256
voxelsize = 1.000000000000000e+00 1.000000000000000e+00 1.000000000000000e+00
xras   = -1.000000000000000e+00 3.143213689327240e-09 7.450580596923828e-09
yras   = 0.000000000000000e+00 9.313225746154785e-10 -9.999999403953552e-01
zras   = -2.677552402019501e-09 1.000000000000000e+00 9.313225746154785e-10
cras   = -6.252502441406250e+00 1.494314575195312e+01 -2.570509338378906e+01
