# transform file transforms/talairach.lta
# created by oesteban on Thu Mar 12 13:17:27 2026

type      = 0 # LINEAR_VOX_TO_VOX
nxforms   = 1
mean      = 124.0000 99.0000 132.0000
sigma     = 10000.0000
1 4 4
1.107821702957153e+00 -1.567599773406982e-01 -1.139344945549965e-01 1.961667633056641e+01 
1.712251454591751e-01 1.177295207977295e+00 4.189356416463852e-02 -2.021132659912109e+01 
1.197550520300865e-01 -6.043038889765739e-02 9.908476471900940e-01 -2.937348556518555e+01 
0.000000000000000e+00 0.000000000000000e+00 0.000000000000000e+00 1.000000000000000e+00 
src volume info
valid = 1  # volume info valid
filename = nu.mgz
volume = 256 256 256
voxelsize = 1.000000000000000e+00 1.000000000000000e+00 1.000000000000000e+00
xras   = -1.000000000000000e+00 3.143213689327240e-09 7.450580596923828e-09
yras   = 0.000000000000000e+00 9.313225746154785e-10 -9.999999403953552e-01
zras   = -2.677552402019501e-09 1.000000000000000e+00 9.313225746154785e-10
cras   = -6.252502441406250e+00 1.494314575195312e+01 -2.570509338378906e+01
dst volume info
valid = 1  # volume info valid
filename = /opt/freesurfer/average/RB_all_2020-01-02.gca
volume = 256 256 256
voxelsize = 1.000000000000000e+00 1.000000000000000e+00 1.000000000000000e+00
xras   = -1.000000000000000e+00 0.000000000000000e+00 0.000000000000000e+00
yras   = 0.000000000000000e+00 0.000000000000000e+00 -1.000000000000000e+00
zras   = 0.000000000000000e+00 1.000000000000000e+00 0.000000000000000e+00
cras   = 0.000000000000000e+00 0.000000000000000e+00 0.000000000000000e+00
