type      = 0 # LINEAR_VOX_TO_VOX
nxforms   = 1
mean      = 0.0000 0.0000 0.0000
sigma     = 1.0000
1 4 4
1.186557054519653e+00 -1.417379826307297e-01 -9.810499846935272e-02 7.679565429687500e+00 
1.541389822959900e-01 1.237861871719360e+00 2.099439948797226e-01 -4.191259765625000e+01 
6.594499945640564e-02 -1.267889887094498e-01 1.183382034301758e+00 -4.002366638183594e+01 
0.000000000000000e+00 0.000000000000000e+00 0.000000000000000e+00 1.000000000000000e+00 
src volume info
valid = 1  # volume info valid
filename = /out/sourcedata/freesurfer/sub-v1s19x0051305_ses-1/mri/orig.mgz
volume = 256 256 256
voxelsize = 1.000000000000000e+00 1.000000000000000e+00 1.000000000000000e+00
xras   = -1.000000000000000e+00 3.143213689327240e-09 7.450580596923828e-09
yras   = 0.000000000000000e+00 9.313225746154785e-10 -9.999999403953552e-01
zras   = -2.677552402019501e-09 1.000000000000000e+00 9.313225746154785e-10
cras   = -6.252502441406250e+00 1.494314575195312e+01 -2.570509338378906e+01
dst volume info
valid = 1  # volume info valid
filename = /opt/freesurfer/average/mni305.cor.mgz
volume = 256 256 256
voxelsize = 1.000000000000000e+00 1.000000000000000e+00 1.000000000000000e+00
xras   = -1.000000000000000e+00 0.000000000000000e+00 0.000000000000000e+00
yras   = 0.000000000000000e+00 0.000000000000000e+00 -1.000000000000000e+00
zras   = 0.000000000000000e+00 1.000000000000000e+00 0.000000000000000e+00
cras   = 0.000000000000000e+00 0.000000000000000e+00 0.000000000000000e+00
subject fsaverage
fscale 0.100000
