type      = 1 # LINEAR_RAS_TO_RAS
nxforms   = 1
mean      = 0.0000 0.0000 0.0000
sigma     = 1.0000
1 4 4
1.186557054519653e+00 9.810499846935272e-02 -1.417379975318909e-01 1.450600028038025e+00 
-6.594499945640564e-02 1.183382034301758e+00 1.267890036106110e-01 -3.917544555664062e+01 
1.541389971971512e-01 -2.099439948797226e-01 1.237861990928650e+00 7.839810252189636e-01 
0.000000000000000e+00 0.000000000000000e+00 0.000000000000000e+00 1.000000000000000e+00 
src volume info
valid = 1  # volume info valid
filename = /out/sourcedata/freesurfer/sub-v1s19x0051305_ses-1/mri/orig_nu.mgz
volume = 256 256 256
voxelsize = 1.000000000000000e+00 1.000000000000000e+00 1.000000000000000e+00
xras   = -1.000000000000000e+00 3.143213689327240e-09 7.450580596923828e-09
yras   = 0.000000000000000e+00 9.313225746154785e-10 -9.999999403953552e-01
zras   = -2.677552402019501e-09 1.000000000000000e+00 9.313225746154785e-10
cras   = -6.252502441406250e+00 1.494314575195312e+01 -2.570509338378906e+01
dst volume info
valid = 1  # volume info valid
filename = /opt/freesurfer/average/mni305.cor.mgz
volume = 256 256 256
voxelsize = 1.000000000000000e+00 1.000000000000000e+00 1.000000000000000e+00
xras   = -1.000000000000000e+00 0.000000000000000e+00 0.000000000000000e+00
yras   = 0.000000000000000e+00 0.000000000000000e+00 -1.000000000000000e+00
zras   = 0.000000000000000e+00 1.000000000000000e+00 0.000000000000000e+00
cras   = 0.000000000000000e+00 0.000000000000000e+00 0.000000000000000e+00
subject fsaverage
fscale 0.100000
