# transform file /out/sourcedata/freesurfer/sub-v1s19x0051306_ses-1/mri/transforms/cc_up.lta
# created by oesteban on Thu Mar 12 14:53:32 2026

type      = 0 # LINEAR_VOX_TO_VOX
nxforms   = 1
mean      = 121.0000 103.0000 122.0000
sigma     = 10000.0000
1 4 4
9.962563514709473e-01 -2.098273672163486e-02 -8.386300504207611e-02 1.906947708129883e+01 
2.090878784656525e-02 9.997798204421997e-01 -1.760062878020108e-03 3.969489669799805e+01 
8.388147503137589e-02 0.000000000000000e+00 9.964757561683655e-01 1.262680888175964e+00 
0.000000000000000e+00 0.000000000000000e+00 0.000000000000000e+00 1.000000000000000e+00 
src volume info
valid = 1  # volume info valid
filename = /out/sourcedata/freesurfer/sub-v1s19x0051306_ses-1/mri/norm.mgz
volume = 256 256 256
voxelsize = 1.000000000000000e+00 1.000000000000000e+00 1.000000000000000e+00
xras   = -1.000000000000000e+00 0.000000000000000e+00 0.000000000000000e+00
yras   = 0.000000000000000e+00 0.000000000000000e+00 -1.000000000000000e+00
zras   = 0.000000000000000e+00 1.000000000000000e+00 0.000000000000000e+00
cras   = 4.837135314941406e+00 7.653289794921875e+00 1.068522644042969e+01
dst volume info
valid = 1  # volume info valid
filename = /out/sourcedata/freesurfer/sub-v1s19x0051306_ses-1/mri/norm.mgz
volume = 256 256 256
voxelsize = 1.000000000000000e+00 1.000000000000000e+00 1.000000000000000e+00
xras   = -1.000000000000000e+00 0.000000000000000e+00 0.000000000000000e+00
yras   = 0.000000000000000e+00 0.000000000000000e+00 -1.000000000000000e+00
zras   = 0.000000000000000e+00 1.000000000000000e+00 0.000000000000000e+00
cras   = 4.837135314941406e+00 7.653289794921875e+00 1.068522644042969e+01
