# transform file transforms/talairach.lta
# created by oesteban on Thu Mar 12 13:48:42 2026

type      = 0 # LINEAR_VOX_TO_VOX
nxforms   = 1
mean      = 120.0000 102.0000 122.0000
sigma     = 10000.0000
1 4 4
1.013107776641846e+00 -3.333599120378494e-02 -8.557932078838348e-02 1.680688095092773e+01 
4.021641984581947e-02 1.189325094223022e+00 3.376605734229088e-02 -9.225011825561523e+00 
9.557081013917923e-02 -3.927982598543167e-02 1.028157830238342e+00 -2.193039512634277e+01 
0.000000000000000e+00 0.000000000000000e+00 0.000000000000000e+00 1.000000000000000e+00 
src volume info
valid = 1  # volume info valid
filename = nu.mgz
volume = 256 256 256
voxelsize = 1.000000000000000e+00 1.000000000000000e+00 1.000000000000000e+00
xras   = -1.000000000000000e+00 0.000000000000000e+00 0.000000000000000e+00
yras   = 0.000000000000000e+00 0.000000000000000e+00 -1.000000000000000e+00
zras   = 0.000000000000000e+00 1.000000000000000e+00 0.000000000000000e+00
cras   = 4.837135314941406e+00 7.653289794921875e+00 1.068522644042969e+01
dst volume info
valid = 1  # volume info valid
filename = /opt/freesurfer/average/RB_all_2020-01-02.gca
volume = 256 256 256
voxelsize = 1.000000000000000e+00 1.000000000000000e+00 1.000000000000000e+00
xras   = -1.000000000000000e+00 0.000000000000000e+00 0.000000000000000e+00
yras   = 0.000000000000000e+00 0.000000000000000e+00 -1.000000000000000e+00
zras   = 0.000000000000000e+00 1.000000000000000e+00 0.000000000000000e+00
cras   = 0.000000000000000e+00 0.000000000000000e+00 0.000000000000000e+00
