#Insight Transform File V1.0
#Transform 0
Transform: AffineTransform_float_3_3
Parameters: 0.999988 0.0038456 -0.00324855 -0.00397603 0.999144 -0.0411819 0.003087 0.0411941 0.999147 -0.0283947 -0.0662412 -1.79158
FixedParameters: 0 0 0

#Transform 1
Transform: AffineTransform_float_3_3
Parameters: 0.999991 0.00384803 -0.00183835 -0.00392271 0.999091 -0.0424521 0.00167355 0.042459 0.999097 0.0361624 0.0365517 -1.85356
FixedParameters: 0 0 0

#Transform 2
Transform: AffineTransform_float_3_3
Parameters: 0.999988 0.00408159 -0.00266504 -0.00419005 0.999101 -0.0421753 0.0024904 0.0421856 0.999106 0.0658948 0.0546295 -1.82029
FixedParameters: 0 0 0

#Transform 3
Transform: AffineTransform_float_3_3
Parameters: 0.99999 0.00393091 -0.00239826 -0.00403115 0.99906 -0.0431641 0.00222609 0.0431729 0.999065 0.0544413 -0.0755189 -1.78141
FixedParameters: 0 0 0

#Transform 4
Transform: AffineTransform_float_3_3
Parameters: 0.999992 0.00331487 -0.00230662 -0.00340927 0.999101 -0.0422535 0.00216484 0.0422616 0.999104 0.0728512 -0.0850283 -1.7442
FixedParameters: 0 0 0

#Transform 5
Transform: AffineTransform_float_3_3
Parameters: 0.999991 0.00376291 -0.00198956 -0.00384208 0.999134 -0.0414215 0.00183246 0.0414285 0.999139 0.0799047 -0.057643 -1.72909
FixedParameters: 0 0 0

#Transform 6
Transform: AffineTransform_float_3_3
Parameters: 0.999986 0.00455707 -0.00293725 -0.00456797 0.999983 -0.00371923 0.00292047 0.00373278 0.999989 -0.301822 1.15078 -3.56342
FixedParameters: 0 0 0

#Transform 7
Transform: AffineTransform_float_3_3
Parameters: 0.999945 0.00820686 -0.00661799 -0.00824795 0.999947 -0.00622473 0.00656668 0.00627928 0.999959 -0.450207 -0.0182653 -1.678
FixedParameters: 0 0 0

#Transform 8
Transform: AffineTransform_float_3_3
Parameters: 0.99995 0.00605318 -0.00789411 -0.00603586 0.999979 0.00218007 0.00790734 -0.00213193 0.999967 -0.38514 0.0897036 -0.774763
FixedParameters: 0 0 0

#Transform 9
Transform: AffineTransform_float_3_3
Parameters: 0.999961 0.00480967 -0.00742721 -0.00480108 0.999988 0.00116647 0.00743295 -0.00113053 0.999971 -0.319594 0.064044 -0.768281
FixedParameters: 0 0 0

#Transform 10
Transform: AffineTransform_float_3_3
Parameters: 0.999968 0.00423509 -0.00676701 -0.0042263 0.99999 0.00131651 0.00677179 -0.0012875 0.999976 -0.305928 0.0993717 -0.602768
FixedParameters: 0 0 0

#Transform 11
Transform: AffineTransform_float_3_3
Parameters: 0.999975 0.00247361 -0.00651409 -0.00245388 0.999992 0.00305318 0.00652179 -0.00303682 0.999974 -0.31749 0.0755764 -0.402466
FixedParameters: 0 0 0

#Transform 12
Transform: AffineTransform_float_3_3
Parameters: 0.999987 0.00275079 -0.00443372 -0.00273658 0.999991 0.00333152 0.00444286 -0.00331948 0.999984 -0.194265 0.0473666 -0.400627
FixedParameters: 0 0 0

#Transform 13
Transform: AffineTransform_float_3_3
Parameters: 1 0.000863562 0.000808484 -0.000865679 0.999997 0.0022433 -0.000806257 -0.0022447 0.999997 -0.0507236 -0.162707 0.329958
FixedParameters: 0 0 0

#Transform 14
Transform: AffineTransform_float_3_3
Parameters: 0.999999 0.00128993 4.24149e-05 -0.00128986 0.999998 0.00163448 -4.04241e-05 -0.00163452 0.999998 -0.0653548 0.000717533 0.255087
FixedParameters: 0 0 0

#Transform 15
Transform: AffineTransform_float_3_3
Parameters: 0.999999 0.00140945 -0.00049449 -0.00140911 0.999998 0.000711361 0.000495561 -0.000710638 0.999999 -0.0500587 0.0498676 -0.0311175
FixedParameters: 0 0 0

#Transform 16
Transform: AffineTransform_float_3_3
Parameters: 0.999999 0.00152365 -0.00019826 -0.00152351 0.999999 0.000362837 0.000199365 -0.000362162 1 -0.0438852 0.00970885 0.0100016
FixedParameters: 0 0 0

#Transform 17
Transform: AffineTransform_float_3_3
Parameters: 1 0.00105913 -0.000132613 -0.00105899 0.999999 0.000542805 0.000133763 -0.000543195 1 -0.028319 -0.0146619 0.0513441
FixedParameters: 0 0 0

#Transform 18
Transform: AffineTransform_float_3_3
Parameters: 0.999999 -9.51961e-05 0.000716853 9.41439e-05 0.999999 0.00138407 -0.000717475 -0.00138393 0.999999 0.00685109 0.00235304 0.0204226
FixedParameters: 0 0 0

#Transform 19
Transform: AffineTransform_float_3_3
Parameters: 1 -0.000336571 8.87712e-05 0.000336754 1 0.000996564 -8.85093e-05 -0.000996436 0.999999 -0.00840437 -0.0210874 0.0336119
FixedParameters: 0 0 0

#Transform 20
Transform: AffineTransform_float_3_3
Parameters: 1 4.89304e-05 -0.000434688 -4.86252e-05 1 0.000351021 0.000434722 -0.000350979 1 -0.000543831 -0.00226881 -0.00143438
FixedParameters: 0 0 0

#Transform 21
Transform: AffineTransform_float_3_3
Parameters: 1 -0.000151518 0.000398442 0.000152027 1 -0.000638939 -0.000398248 0.00063906 0.999999 0.00899228 -7.86438e-05 -0.0105424
FixedParameters: 0 0 0

#Transform 22
Transform: AffineTransform_float_3_3
Parameters: 1 -0.000363817 0.000445301 0.000363366 1 -0.000945174 -0.000445187 0.000944826 0.999999 -0.00373011 -0.0265472 0.0271038
FixedParameters: 0 0 0

#Transform 23
Transform: AffineTransform_float_3_3
Parameters: 0.999999 -0.000570395 0.000462954 0.000569863 1 -0.000822072 -0.00046259 0.000821928 0.999999 0.0115277 0.0102074 -0.0141311
FixedParameters: 0 0 0

#Transform 24
Transform: AffineTransform_float_3_3
Parameters: 1 -0.000593568 2.05702e-05 0.000594178 1 -0.000906324 -2.07871e-05 0.000905677 0.999999 0.0165678 -0.0299495 -0.0103792
FixedParameters: 0 0 0

#Transform 25
Transform: AffineTransform_float_3_3
Parameters: 1 -0.000625923 -0.000173795 0.000625571 0.999999 -0.00101044 0.000175059 0.00100955 0.999999 0.0214296 -0.00803192 -0.0204777
FixedParameters: 0 0 0

#Transform 26
Transform: AffineTransform_float_3_3
Parameters: 1 -0.000636194 -0.000169781 0.000635826 1 -0.00108024 0.000171155 0.00108076 0.999999 0.0119536 -0.0174575 -0.0241551
FixedParameters: 0 0 0

#Transform 27
Transform: AffineTransform_float_3_3
Parameters: 1 -0.000329103 0.000255055 0.000329355 0.999999 -0.00119892 -0.000255198 0.00119908 0.999999 0.00346341 0.00363419 -0.0205558
FixedParameters: 0 0 0

#Transform 28
Transform: AffineTransform_float_3_3
Parameters: 1 -0.000404464 -1.71343e-05 0.000404426 1 -0.00110101 1.80249e-05 0.00110099 1 0.0129552 0.00638151 -0.0274223
FixedParameters: 0 0 0

#Transform 29
Transform: AffineTransform_float_3_3
Parameters: 1 -0.000524076 0.000241695 0.000524407 0.999999 -0.00143087 -0.000241127 0.00143113 0.999999 0.0155982 -0.0154073 -0.00475166
FixedParameters: 0 0 0

#Transform 30
Transform: AffineTransform_float_3_3
Parameters: 0.999999 -0.000725078 0.000370699 0.000725467 0.999999 -0.00101073 -0.000370165 0.00101127 1 0.0130379 -0.0412956 0.0318887
FixedParameters: 0 0 0

#Transform 31
Transform: AffineTransform_float_3_3
Parameters: 0.999999 -0.000717474 0.000190881 0.000717884 0.999999 -0.00107686 -0.000189335 0.00107714 1 0.0139246 0.0031286 0.0394058
FixedParameters: 0 0 0

#Transform 32
Transform: AffineTransform_float_3_3
Parameters: 0.999999 -0.000895414 -6.9828e-05 0.000895326 0.999999 -0.000626062 7.09489e-05 0.000625936 1 0.0115623 -0.0119887 0.0475568
FixedParameters: 0 0 0

#Transform 33
Transform: AffineTransform_float_3_3
Parameters: 0.999999 -0.000978429 -3.77172e-05 0.000979312 1 -0.000645503 3.8621e-05 0.000645497 0.999999 0.0168429 -0.0155406 0.0670149
FixedParameters: 0 0 0

#Transform 34
Transform: AffineTransform_float_3_3
Parameters: 1 -0.00111181 1.36883e-05 0.00111182 1 -0.000501451 -1.25731e-05 0.000501549 1 0.0135793 -0.0145944 0.0910378
FixedParameters: 0 0 0

#Transform 35
Transform: AffineTransform_float_3_3
Parameters: 1 -0.0011255 0.000344354 0.00112555 1 -7.59483e-05 -0.000344183 7.60516e-05 1 0.00839043 -0.011493 0.0931434
FixedParameters: 0 0 0

#Transform 36
Transform: AffineTransform_float_3_3
Parameters: 1 -0.00112954 0.000392241 0.00112938 1 -0.000261893 -0.000392582 0.000262108 1 -0.00253747 -0.0273908 0.0931313
FixedParameters: 0 0 0

#Transform 37
Transform: AffineTransform_float_3_3
Parameters: 0.999999 -0.00130282 0.000167904 0.00130272 0.999999 0.000284754 -0.000168645 -0.000284246 1 0.0115602 -0.0236596 0.124022
FixedParameters: 0 0 0

#Transform 38
Transform: AffineTransform_float_3_3
Parameters: 0.999999 -0.00151188 5.52615e-05 0.00151247 0.999998 0.00119975 -5.70248e-05 -0.00120025 1 0.00343823 -0.0110065 0.203887
FixedParameters: 0 0 0

#Transform 39
Transform: AffineTransform_float_3_3
Parameters: 0.999998 -0.00195439 -0.000622695 0.00195381 0.999998 -0.000925814 0.000625017 0.000924185 0.999999 -0.0201306 -0.0117536 0.0365094
FixedParameters: 0 0 0

#Transform 40
Transform: AffineTransform_float_3_3
Parameters: 0.999999 -0.001735 -0.000514976 0.00173365 0.999996 -0.00206503 0.000518619 0.00206397 0.999998 -0.0334821 -0.0236988 -0.03752
FixedParameters: 0 0 0

#Transform 41
Transform: AffineTransform_float_3_3
Parameters: 0.999998 -0.00206121 -0.000888221 0.00206038 0.999997 -0.00143722 0.000890263 0.00143578 0.999998 -0.033376 -0.0348106 -0.00861544
FixedParameters: 0 0 0

#Transform 42
Transform: AffineTransform_float_3_3
Parameters: 0.999999 -0.0015025 8.05228e-05 0.00150277 0.999999 0.000538656 -8.12082e-05 -0.000538344 0.999999 -0.0668189 0.0451444 -0.303273
FixedParameters: 0 0 0

#Transform 43
Transform: AffineTransform_float_3_3
Parameters: 1 -0.000442626 0.000428546 0.000443118 1 0.000934854 -0.000428801 -0.000935146 0.999999 -0.116412 0.0986862 -0.921813
FixedParameters: 0 0 0

#Transform 44
Transform: AffineTransform_float_3_3
Parameters: 0.999998 -0.00103433 0.00128019 0.00104252 0.99998 -0.00630188 -0.0012737 0.00630312 0.999979 -0.105852 -0.000382206 -0.530123
FixedParameters: 0 0 0

#Transform 45
Transform: AffineTransform_float_3_3
Parameters: 0.999999 -0.00122415 0.000796183 0.00123062 0.999969 -0.00777136 -0.000786646 0.00777263 0.999969 -0.0824485 -0.0146164 -0.646319
FixedParameters: 0 0 0

#Transform 46
Transform: AffineTransform_float_3_3
Parameters: 0.999998 -0.00137309 0.000970664 0.00138119 0.999961 -0.00874621 -0.000958195 0.00874679 0.999961 -0.0749794 0.0144844 -0.65055
FixedParameters: 0 0 0

#Transform 47
Transform: AffineTransform_float_3_3
Parameters: 0.999999 -0.00146037 0.00100373 0.00146873 0.999967 -0.00794075 -0.000991514 0.00794226 0.999968 -0.0940341 -0.0152238 -0.656815
FixedParameters: 0 0 0

#Transform 48
Transform: AffineTransform_float_3_3
Parameters: 0.999999 -0.00142423 0.00119493 0.00143252 0.999975 -0.00686651 -0.00118506 0.00686849 0.999976 -0.0950182 -0.0579673 -0.39904
FixedParameters: 0 0 0

#Transform 49
Transform: AffineTransform_float_3_3
Parameters: 0.999997 -0.00157836 0.00151986 0.00158812 0.999979 -0.00630501 -0.00151022 0.00630699 0.999979 -0.0599298 -0.0061193 -0.41755
FixedParameters: 0 0 0

#Transform 50
Transform: AffineTransform_float_3_3
Parameters: 0.999996 -0.00165675 0.0020002 0.00167152 0.999971 -0.00734063 -0.00198838 0.00734437 0.999971 -0.0588908 -0.0305027 -0.461413
FixedParameters: 0 0 0

#Transform 51
Transform: AffineTransform_float_3_3
Parameters: 0.999997 -0.00175385 0.0020729 0.00176969 0.999972 -0.00734364 -0.00205964 0.00734736 0.999971 -0.0614637 -0.0267871 -0.404597
FixedParameters: 0 0 0

#Transform 52
Transform: AffineTransform_float_3_3
Parameters: 0.999996 -0.00182532 0.0020472 0.00184057 0.999972 -0.00729388 -0.00203308 0.00729712 0.999971 -0.0548558 -0.0232863 -0.394274
FixedParameters: 0 0 0

#Transform 53
Transform: AffineTransform_float_3_3
Parameters: 0.999996 -0.00182469 0.00215713 0.00184076 0.99997 -0.00749434 -0.00214378 0.00749866 0.999969 -0.0342938 -0.0158194 -0.384271
FixedParameters: 0 0 0

#Transform 54
Transform: AffineTransform_float_3_3
Parameters: 0.999996 -0.00196676 0.00225554 0.00198501 0.999966 -0.00802118 -0.00223946 0.00802582 0.999965 -0.0187618 -0.00324962 -0.41687
FixedParameters: 0 0 0

#Transform 55
Transform: AffineTransform_float_3_3
Parameters: 0.999996 -0.00160039 0.00207526 0.00161679 0.999967 -0.00800896 -0.00206232 0.00801205 0.999966 -0.020239 -0.0409175 -0.380977
FixedParameters: 0 0 0

#Transform 56
Transform: AffineTransform_float_3_3
Parameters: 0.999997 -0.00182169 0.00151576 0.00183323 0.999969 -0.00770778 -0.00150128 0.00771121 0.999969 -0.0373496 -0.0328646 -0.336226
FixedParameters: 0 0 0

#Transform 57
Transform: AffineTransform_float_3_3
Parameters: 0.999999 -0.00149626 0.00111576 0.00150432 0.999976 -0.00683567 -0.00110536 0.00683833 0.999976 -0.0594271 -0.0187371 -0.28641
FixedParameters: 0 0 0

#Transform 58
Transform: AffineTransform_float_3_3
Parameters: 0.999998 -0.00153905 0.00128734 0.00154818 0.999972 -0.00734656 -0.00127591 0.00734844 0.999972 -0.0611191 -0.00679053 -0.30944
FixedParameters: 0 0 0

#Transform 59
Transform: AffineTransform_float_3_3
Parameters: 0.999998 -0.00148782 0.00168068 0.00150041 0.999969 -0.00770491 -0.0016697 0.00770709 0.999969 -0.0435925 -0.00480694 -0.313603
FixedParameters: 0 0 0

#Transform 60
Transform: AffineTransform_float_3_3
Parameters: 0.999999 -0.00132908 0.00120412 0.0013381 0.999974 -0.00711461 -0.0011949 0.0071164 0.999974 -0.0607996 -0.0215786 -0.27072
FixedParameters: 0 0 0

#Transform 61
Transform: AffineTransform_float_3_3
Parameters: 0.999999 -0.000833976 0.0010092 0.000840696 0.999973 -0.00726503 -0.00100363 0.00726598 0.999974 -0.0726055 -0.0258996 -0.272219
FixedParameters: 0 0 0

#Transform 62
Transform: AffineTransform_float_3_3
Parameters: 0.999998 -0.00124025 0.00116977 0.00124874 0.999971 -0.00749975 -0.0011605 0.00750124 0.999971 -0.0587907 -0.0260861 -0.290646
FixedParameters: 0 0 0

#Transform 63
Transform: AffineTransform_float_3_3
Parameters: 0.999998 -0.00178554 0.000724887 0.00179206 0.999962 -0.0085604 -0.000709186 0.00856162 0.999963 -0.0412015 -0.0580819 -0.255238
FixedParameters: 0 0 0

#Transform 64
Transform: AffineTransform_float_3_3
Parameters: 0.999999 -0.00117842 -0.000859197 0.00117234 0.999977 -0.00659468 0.00086622 0.00659333 0.999979 -0.0504531 0.116427 -0.774148
FixedParameters: 0 0 0

#Transform 65
Transform: AffineTransform_float_3_3
Parameters: 0.999999 -0.000891059 0.00116111 0.000908504 0.999879 -0.0155228 -0.00114751 0.0155242 0.999879 -0.0973097 0.102972 -1.05995
FixedParameters: 0 0 0

#Transform 66
Transform: AffineTransform_float_3_3
Parameters: 0.999999 -0.000173516 -0.000865314 0.000168898 0.999987 -0.00503002 0.000866529 0.00502898 0.999987 -0.182079 -0.21086 -0.823593
FixedParameters: 0 0 0

#Transform 67
Transform: AffineTransform_float_3_3
Parameters: 0.999996 0.00261041 -0.00102654 -0.00261626 0.99998 -0.00569368 0.0010117 0.00569632 0.999983 -0.271159 0.439065 -1.555
FixedParameters: 0 0 0

#Transform 68
Transform: AffineTransform_float_3_3
Parameters: 0.999997 0.0022202 0.00102253 -0.00221249 0.99997 -0.00752368 -0.00104 0.00752133 0.999971 -0.238877 0.14826 -1.54851
FixedParameters: 0 0 0

#Transform 69
Transform: AffineTransform_float_3_3
Parameters: 0.999997 0.00157962 0.00177096 -0.00156418 0.999961 -0.00861805 -0.00178468 0.00861595 0.999962 -0.226017 0.189025 -1.52389
FixedParameters: 0 0 0

#Transform 70
Transform: AffineTransform_float_3_3
Parameters: 0.999997 0.00173969 0.00126874 -0.00172724 0.999953 -0.00953713 -0.00128542 0.00953486 0.999954 -0.245559 0.177124 -1.44595
FixedParameters: 0 0 0

#Transform 71
Transform: AffineTransform_float_3_3
Parameters: 0.999997 0.00188172 0.00168228 -0.00186533 0.999951 -0.00974376 -0.0017006 0.00974024 0.999951 -0.247811 0.18214 -1.41822
FixedParameters: 0 0 0

#Transform 72
Transform: AffineTransform_float_3_3
Parameters: 0.999996 0.0016931 0.00198783 -0.00167453 0.999955 -0.00930995 -0.00200343 0.00930605 0.999954 -0.241331 0.153408 -1.37814
FixedParameters: 0 0 0

#Transform 73
Transform: AffineTransform_float_3_3
Parameters: 0.999997 0.00173422 0.00208879 -0.00171469 0.999955 -0.00930987 -0.00210479 0.00930614 0.999955 -0.235741 0.154755 -1.37442
FixedParameters: 0 0 0

#Transform 74
Transform: AffineTransform_float_3_3
Parameters: 0.999996 0.0013575 0.0026963 -0.00133077 0.99995 -0.00992408 -0.00270937 0.00992092 0.999947 -0.220518 0.142636 -1.34681
FixedParameters: 0 0 0

#Transform 75
Transform: AffineTransform_float_3_3
Parameters: 0.999997 0.00152308 0.00196613 -0.0015019 0.999943 -0.0105466 -0.00198156 0.0105434 0.999942 -0.251807 0.164006 -1.36035
FixedParameters: 0 0 0

#Transform 76
Transform: AffineTransform_float_3_3
Parameters: 0.999997 0.00135896 0.0019701 -0.00133742 0.999943 -0.0105638 -0.00198434 0.0105612 0.999943 -0.247868 0.160176 -1.33092
FixedParameters: 0 0 0

#Transform 77
Transform: AffineTransform_float_3_3
Parameters: 0.999997 0.00133166 0.00170438 -0.00131366 0.999944 -0.0105231 -0.00171776 0.0105199 0.999943 -0.256814 0.150613 -1.31828
FixedParameters: 0 0 0

#Transform 78
Transform: AffineTransform_float_3_3
Parameters: 0.999998 0.00129767 0.00160228 -0.00128237 0.999953 -0.00959553 -0.00161459 0.00959347 0.999953 -0.243737 0.129937 -1.27196
FixedParameters: 0 0 0

#Transform 79
Transform: AffineTransform_float_3_3
Parameters: 0.999998 0.00133395 0.00145229 -0.00132015 0.999953 -0.00962473 -0.00146482 0.00962228 0.999953 -0.245613 0.129713 -1.25415
FixedParameters: 0 0 0

#Transform 80
Transform: AffineTransform_float_3_3
Parameters: 0.999998 0.0009449 0.00187356 -0.00092675 0.999953 -0.00960908 -0.00188248 0.00960691 0.999952 -0.252528 0.124676 -1.25232
FixedParameters: 0 0 0

#Transform 81
Transform: AffineTransform_float_3_3
Parameters: 0.999998 -0.000356682 0.00204069 0.000374999 0.999961 -0.00880365 -0.00203818 0.00880434 0.999959 -0.259207 0.121361 -1.24703
FixedParameters: 0 0 0

#Transform 82
Transform: AffineTransform_float_3_3
Parameters: 0.999999 0.000151078 0.00146723 -0.000139094 0.999965 -0.00826474 -0.00146811 0.00826425 0.999965 -0.263645 0.187926 -1.13197
FixedParameters: 0 0 0

#Transform 83
Transform: AffineTransform_float_3_3
Parameters: 0.999999 -0.000387384 0.00124765 0.00039857 0.999957 -0.00924738 -0.00124331 0.00924762 0.999956 -0.258648 0.173641 -1.06772
FixedParameters: 0 0 0

#Transform 84
Transform: AffineTransform_float_3_3
Parameters: 0.999996 0.0013063 0.00242981 -0.00127778 0.999931 -0.0116819 -0.00244475 0.0116791 0.999929 -0.276701 0.192163 -1.1172
FixedParameters: 0 0 0

#Transform 85
Transform: AffineTransform_float_3_3
Parameters: 0.999998 0.00120213 0.00118983 -0.00119042 0.999944 -0.0104742 -0.00120224 0.0104728 0.999944 -0.295114 0.0849734 -1.0648
FixedParameters: 0 0 0

#Transform 86
Transform: AffineTransform_float_3_3
Parameters: 0.99998 0.00228174 0.00602285 -0.00214847 0.999753 -0.0221414 -0.00607224 0.0221287 0.999737 -0.064191 0.536855 -3.35433
FixedParameters: 0 0 0

#Transform 87
Transform: AffineTransform_float_3_3
Parameters: 0.999912 0.0126404 -0.00390443 -0.0126785 0.999872 -0.00976312 0.00378057 0.00981087 0.999945 -0.101468 0.370195 -2.27758
FixedParameters: 0 0 0

#Transform 88
Transform: AffineTransform_float_3_3
Parameters: 0.999905 0.0130262 -0.00455614 -0.0130041 0.999904 0.00486703 0.00461882 -0.00480698 0.999978 -0.0320275 1.06309 -3.53625
FixedParameters: 0 0 0

#Transform 89
Transform: AffineTransform_float_3_3
Parameters: 0.999859 0.0148945 -0.00784925 -0.0149799 0.999829 -0.0108793 0.007686 0.0109957 0.99991 -0.378264 0.345875 -2.39118
FixedParameters: 0 0 0

#Transform 90
Transform: AffineTransform_float_3_3
Parameters: 0.99987 0.0155697 -0.004071 -0.0156239 0.999783 -0.013736 0.00385612 0.013798 0.999898 -0.3625 0.338381 -2.47772
FixedParameters: 0 0 0

#Transform 91
Transform: AffineTransform_float_3_3
Parameters: 0.999877 0.0153388 -0.00348321 -0.0153934 0.999747 -0.0163608 0.0032315 0.0164122 0.99986 -0.371145 0.282458 -2.45439
FixedParameters: 0 0 0

#Transform 92
Transform: AffineTransform_float_3_3
Parameters: 0.999876 0.0151884 -0.00397691 -0.015254 0.999735 -0.0172607 0.0037139 0.0173193 0.999843 -0.351016 0.292818 -2.29582
FixedParameters: 0 0 0

#Transform 93
Transform: AffineTransform_float_3_3
Parameters: 0.999897 0.014164 -0.00259221 -0.0142082 0.999744 -0.0176404 0.00234145 0.0176756 0.999841 -0.320498 0.323384 -2.2703
FixedParameters: 0 0 0

#Transform 94
Transform: AffineTransform_float_3_3
Parameters: 0.999911 0.0132375 -0.00161955 -0.0132587 0.999818 -0.0137395 0.0014369 0.0137595 0.999904 -0.172633 0.280979 -1.73969
FixedParameters: 0 0 0

#Transform 95
Transform: AffineTransform_float_3_3
Parameters: 0.99998 0.00619772 -0.000417849 -0.00619247 0.999929 0.010154 0.000480827 -0.010151 0.999948 -0.154396 0.151089 0.374242
FixedParameters: 0 0 0

#Transform 96
Transform: AffineTransform_float_3_3
Parameters: 0.999983 0.00583603 0.000378546 -0.00584036 0.999881 0.0142906 -0.000295167 -0.0142923 0.999898 -0.162613 0.203342 0.481645
FixedParameters: 0 0 0

#Transform 97
Transform: AffineTransform_float_3_3
Parameters: 0.999983 0.00573214 0.00027577 -0.00573466 0.999883 0.0142124 -0.000193701 -0.0142136 0.999899 -0.164115 0.244256 0.497146
FixedParameters: 0 0 0

#Transform 98
Transform: AffineTransform_float_3_3
Parameters: 0.999982 0.00600435 -1.17272e-05 -0.00600368 0.999874 0.0146941 9.95893e-05 -0.0146939 0.999892 -0.154286 0.180591 0.526861
FixedParameters: 0 0 0

#Transform 99
Transform: AffineTransform_float_3_3
Parameters: 0.999982 0.00591565 -0.000133323 -0.00591281 0.999865 0.015269 0.000223843 -0.0152689 0.999883 -0.150975 0.121477 0.525322
FixedParameters: 0 0 0

#Transform 100
Transform: AffineTransform_float_3_3
Parameters: 0.999981 0.00604226 0.000761609 -0.00605187 0.999888 0.0136972 -0.000678068 -0.0137008 0.999906 -0.185298 0.197614 0.438819
FixedParameters: 0 0 0

#Transform 101
Transform: AffineTransform_float_3_3
Parameters: 0.99998 0.00632188 0.000689683 -0.00633183 0.999872 0.0146857 -0.000597308 -0.0146893 0.999892 -0.177663 0.122583 0.49364
FixedParameters: 0 0 0

#Transform 102
Transform: AffineTransform_float_3_3
Parameters: 0.999982 0.0059848 0.000621737 -0.00599408 0.999853 0.0160819 -0.000524774 -0.0160851 0.99987 -0.155287 0.229791 0.52629
FixedParameters: 0 0 0

#Transform 103
Transform: AffineTransform_float_3_3
Parameters: 0.99998 0.00615801 0.000776735 -0.00617242 0.999797 0.0192048 -0.000658573 -0.0192092 0.999816 -0.150707 0.257655 0.592738
FixedParameters: 0 0 0

#Transform 104
Transform: AffineTransform_float_3_3
Parameters: 0.999981 0.00618928 0.000963922 -0.00620815 0.999772 0.0204059 -0.000836758 -0.0204111 0.999791 -0.145945 0.271427 0.636618
FixedParameters: 0 0 0

#Transform 105
Transform: AffineTransform_float_3_3
Parameters: 0.999979 0.00655982 0.000643551 -0.00657175 0.999752 0.0212683 -0.000504073 -0.0212727 0.999773 -0.157288 0.335151 0.60264
FixedParameters: 0 0 0

#Transform 106
Transform: AffineTransform_float_3_3
Parameters: 0.999965 0.00845122 -0.000116859 -0.00844877 0.999834 0.0161492 0.000252881 -0.0161478 0.999869 -0.216646 0.459094 -0.114896
FixedParameters: 0 0 0

#Transform 107
Transform: AffineTransform_float_3_3
Parameters: 0.999863 0.0165062 -0.000490259 -0.016513 0.999568 -0.0243176 8.93963e-05 0.0243225 0.999704 -0.472605 0.530426 -2.48837
FixedParameters: 0 0 0

#Transform 108
Transform: AffineTransform_float_3_3
Parameters: 0.999827 0.0184513 0.00238381 -0.0183667 0.999329 -0.0316957 -0.00296762 0.0316463 0.999494 -0.543979 0.569717 -2.33975
FixedParameters: 0 0 0

#Transform 109
Transform: AffineTransform_float_3_3
Parameters: 0.999833 0.0180734 0.00267688 -0.0179694 0.999235 -0.034723 -0.00330166 0.034669 0.999393 -0.591006 0.516117 -2.37518
FixedParameters: 0 0 0

#Transform 110
Transform: AffineTransform_float_3_3
Parameters: 0.999839 0.0176364 0.0031029 -0.0175342 0.999387 -0.0303028 -0.00363453 0.0302432 0.999536 -0.591582 0.335652 -1.88028
FixedParameters: 0 0 0

#Transform 111
Transform: AffineTransform_float_3_3
Parameters: 0.999835 0.017932 0.00292845 -0.0178303 0.999333 -0.0318653 -0.00349812 0.0318067 0.999488 -0.587156 0.493679 -2.03407
FixedParameters: 0 0 0

#Transform 112
Transform: AffineTransform_float_3_3
Parameters: 0.999834 0.0180331 0.00253038 -0.0179424 0.99932 -0.0321983 -0.00310973 0.0321477 0.999478 -0.579683 0.420197 -1.98843
FixedParameters: 0 0 0

#Transform 113
Transform: AffineTransform_float_3_3
Parameters: 0.999827 0.0183969 0.00297432 -0.0182924 0.999317 -0.0320988 -0.00356298 0.0320392 0.99948 -0.574344 0.421632 -1.97143
FixedParameters: 0 0 0

#Transform 114
Transform: AffineTransform_float_3_3
Parameters: 0.999831 0.0180334 0.00375833 -0.0179004 0.999303 -0.0327427 -0.004346 0.0326703 0.999457 -0.579752 0.40387 -1.9465
FixedParameters: 0 0 0

#Transform 115
Transform: AffineTransform_float_3_3
Parameters: 0.999824 0.0183878 0.00354856 -0.0182628 0.999306 -0.0324706 -0.00414409 0.0324004 0.999466 -0.559593 0.480567 -1.91575
FixedParameters: 0 0 0

#Transform 116
Transform: AffineTransform_float_3_3
Parameters: 0.999811 0.0192042 0.00324124 -0.0190917 0.999312 -0.0317694 -0.0038487 0.0317016 0.99949 -0.563687 0.412895 -1.85413
FixedParameters: 0 0 0

#Transform 117
Transform: AffineTransform_float_3_3
Parameters: 0.999816 0.0188995 0.00331023 -0.0187888 0.999347 -0.0308484 -0.00389093 0.0307805 0.999518 -0.564045 0.441494 -1.8113
FixedParameters: 0 0 0

#Transform 118
Transform: AffineTransform_float_3_3
Parameters: 0.999814 0.0188752 0.00382238 -0.0187497 0.999354 -0.0306349 -0.00439791 0.0305571 0.999523 -0.566349 0.468341 -1.80513
FixedParameters: 0 0 0

#Transform 119
Transform: AffineTransform_float_3_3
Parameters: 0.999815 0.0188813 0.00346742 -0.018766 0.999353 -0.0306769 -0.00404429 0.0306061 0.999523 -0.562203 0.491075 -1.82858
FixedParameters: 0 0 0
