# transform file /out/sourcedata/freesurfer/sub-v1s19x0051307_ses-1/mri/transforms/cc_up.lta
# created by oesteban on Thu Mar 12 14:14:54 2026

type      = 0 # LINEAR_VOX_TO_VOX
nxforms   = 1
mean      = 129.0000 132.0000 117.0000
sigma     = 10000.0000
1 4 4
9.942169189453125e-01 -1.621643453836441e-02 -1.061588451266289e-01 1.493632507324219e+01 
1.612477563321590e-02 9.998684525489807e-01 -1.721744542010128e-03 1.216749286651611e+01 
1.061728075146675e-01 0.000000000000000e+00 9.943476915359497e-01 8.227022171020508e+00 
0.000000000000000e+00 0.000000000000000e+00 0.000000000000000e+00 1.000000000000000e+00 
src volume info
valid = 1  # volume info valid
filename = /out/sourcedata/freesurfer/sub-v1s19x0051307_ses-1/mri/norm.mgz
volume = 256 256 256
voxelsize = 1.000000000000000e+00 1.000000000000000e+00 1.000000000000000e+00
xras   = -1.000000000000000e+00 0.000000000000000e+00 0.000000000000000e+00
yras   = 0.000000000000000e+00 0.000000000000000e+00 -1.000000000000000e+00
zras   = 0.000000000000000e+00 1.000000000000000e+00 0.000000000000000e+00
cras   = -5.477905273437500e-03 6.442634582519531e+00 1.250120544433594e+01
dst volume info
valid = 1  # volume info valid
filename = /out/sourcedata/freesurfer/sub-v1s19x0051307_ses-1/mri/norm.mgz
volume = 256 256 256
voxelsize = 1.000000000000000e+00 1.000000000000000e+00 1.000000000000000e+00
xras   = -1.000000000000000e+00 0.000000000000000e+00 0.000000000000000e+00
yras   = 0.000000000000000e+00 0.000000000000000e+00 -1.000000000000000e+00
zras   = 0.000000000000000e+00 1.000000000000000e+00 0.000000000000000e+00
cras   = -5.477905273437500e-03 6.442634582519531e+00 1.250120544433594e+01
