#Insight Transform File V1.0
#Transform 0
Transform: AffineTransform_float_3_3
Parameters: 0.999999 0.000856177 -5.58253e-05 -0.000856108 0.99999 -0.00428169 5.14684e-05 0.00428173 0.999991 -0.0235072 0.0551918 -0.0150452
FixedParameters: 0 0 0

#Transform 1
Transform: AffineTransform_float_3_3
Parameters: 0.999999 0.000962294 -0.000906217 -0.000964895 0.999997 -0.0023067 0.000903954 0.00230753 0.999997 -0.00576683 0.00861592 0.0298268
FixedParameters: 0 0 0

#Transform 2
Transform: AffineTransform_float_3_3
Parameters: 0.999998 0.000913033 -0.00157137 -0.000916512 0.999998 -0.00194341 0.00156924 0.00194457 0.999996 -0.00189401 0.0107171 -0.0108686
FixedParameters: 0 0 0

#Transform 3
Transform: AffineTransform_float_3_3
Parameters: 0.999999 0.000646836 -0.00119051 -0.000649216 0.999997 -0.0019996 0.00118901 0.00200068 0.999997 -0.00425973 -0.00300889 -0.0130748
FixedParameters: 0 0 0

#Transform 4
Transform: AffineTransform_float_3_3
Parameters: 0.999999 0.000421393 -0.00102945 -0.000423874 0.999997 -0.00233116 0.00102821 0.00233156 0.999997 -0.0103218 0.0236492 0.0186917
FixedParameters: 0 0 0

#Transform 5
Transform: AffineTransform_float_3_3
Parameters: 1 0.000518649 -0.000834245 -0.000519719 0.999997 -0.00206891 0.000833192 0.00206932 0.999997 -0.0161522 -0.0177254 0.026547
FixedParameters: 0 0 0

#Transform 6
Transform: AffineTransform_float_3_3
Parameters: 0.999999 0.00141503 -0.00022425 -0.0014155 0.999996 -0.00214005 0.00022094 0.00214052 0.999998 -0.0736519 0.00831674 0.0418372
FixedParameters: 0 0 0

#Transform 7
Transform: AffineTransform_float_3_3
Parameters: 0.999998 0.000932585 -0.00190651 -0.000931055 0.999999 0.00085572 0.00190746 -0.000854079 0.999998 -0.0105824 -0.0152169 0.0786479
FixedParameters: 0 0 0

#Transform 8
Transform: AffineTransform_float_3_3
Parameters: 0.999993 0.00170475 -0.00334256 -0.00169193 0.999992 0.00372879 0.00334909 -0.00372356 0.999988 0.0158439 -0.102716 0.165373
FixedParameters: 0 0 0

#Transform 9
Transform: AffineTransform_float_3_3
Parameters: 0.999996 0.00171531 -0.00252621 -0.00170698 0.999994 0.00305401 0.00253171 -0.00305029 0.999992 -0.0292883 -0.115084 0.141795
FixedParameters: 0 0 0

#Transform 10
Transform: AffineTransform_float_3_3
Parameters: 0.999999 0.00119741 -0.00116328 -0.0011954 0.999998 0.00181252 0.00116537 -0.00181115 0.999998 -0.0397378 -0.0646175 0.0931927
FixedParameters: 0 0 0

#Transform 11
Transform: AffineTransform_float_3_3
Parameters: 0.999999 0.000331705 -0.00101129 -0.000330864 0.999999 0.00143571 0.00101187 -0.00143507 0.999999 -0.0285358 -0.0293563 0.0442736
FixedParameters: 0 0 0

#Transform 12
Transform: AffineTransform_float_3_3
Parameters: 0.999997 0.000352862 -0.00226746 -0.000346842 0.999996 0.00265905 0.00226796 -0.00265886 0.999994 0.0138839 -0.0773827 0.0972752
FixedParameters: 0 0 0

#Transform 13
Transform: AffineTransform_float_3_3
Parameters: 0.999998 0.000443194 -0.00213006 -0.000439204 0.999997 0.00209717 0.0021311 -0.00209649 0.999995 0.0123217 -0.0706851 0.044362
FixedParameters: 0 0 0

#Transform 14
Transform: AffineTransform_float_3_3
Parameters: 0.999997 -0.000235316 -0.00216433 0.000239694 0.999999 0.00175425 0.00216332 -0.00175421 0.999996 0.0325957 -0.0367158 0.0244914
FixedParameters: 0 0 0

#Transform 15
Transform: AffineTransform_float_3_3
Parameters: 0.999999 -0.000273921 -0.00129454 0.000277452 0.999997 0.00209776 0.00129392 -0.00209844 0.999997 0.00724292 -0.0521901 0.0383594
FixedParameters: 0 0 0

#Transform 16
Transform: AffineTransform_float_3_3
Parameters: 0.999999 -0.000525014 -0.00142569 0.000526705 0.999999 0.00130099 0.00142526 -0.00130152 0.999998 0.000367094 -0.000564611 0.0530844
FixedParameters: 0 0 0

#Transform 17
Transform: AffineTransform_float_3_3
Parameters: 0.999999 -0.000240301 -0.00130044 0.000243269 0.999998 0.00187142 0.00130007 -0.00187202 0.999998 0.0042222 -0.0467628 0.0539401
FixedParameters: 0 0 0

#Transform 18
Transform: AffineTransform_float_3_3
Parameters: 0.999999 -0.000285485 0.000739669 0.000287152 1 -0.00117067 -0.000739359 0.00117108 0.999999 -0.04089 0.0563674 0.0303144
FixedParameters: 0 0 0

#Transform 19
Transform: AffineTransform_float_3_3
Parameters: 1 -0.000435583 0.000141898 0.000435752 0.999999 -0.00139486 -0.000141959 0.00139491 0.999999 -0.00875176 0.0726996 0.0462985
FixedParameters: 0 0 0

#Transform 20
Transform: AffineTransform_float_3_3
Parameters: 1 5.00492e-05 0.000227518 -4.9157e-05 0.999999 -0.00174539 -0.000227136 0.00174508 0.999998 -0.0096872 0.0524396 0.00345335
FixedParameters: 0 0 0

#Transform 21
Transform: AffineTransform_float_3_3
Parameters: 1 -0.000303521 0.00107123 0.000306047 0.999998 -0.00157532 -0.00107049 0.00157521 0.999999 -0.0235364 0.0562363 -0.0123973
FixedParameters: 0 0 0

#Transform 22
Transform: AffineTransform_float_3_3
Parameters: 0.999999 -0.000352417 0.000823837 0.000353792 0.999998 -0.00159802 -0.000824173 0.00159869 0.999999 -0.0129106 0.065872 -0.0137441
FixedParameters: 0 0 0

#Transform 23
Transform: AffineTransform_float_3_3
Parameters: 0.999999 -0.000473342 0.00098979 0.000475 0.999999 -0.00135921 -0.000988689 0.00135996 0.999998 -0.0106025 0.071835 -0.0136255
FixedParameters: 0 0 0

#Transform 24
Transform: AffineTransform_float_3_3
Parameters: 0.999999 -0.00113732 0.000186202 0.00113756 0.999998 -0.00126227 -0.000184607 0.00126261 0.999999 0.0040854 0.0714503 -0.027404
FixedParameters: 0 0 0

#Transform 25
Transform: AffineTransform_float_3_3
Parameters: 0.999998 -0.00105737 0.00137222 0.0010568 1 -1.01408e-05 -0.00137209 1.10223e-05 0.999999 -0.028358 0.0579923 -0.0237315
FixedParameters: 0 0 0

#Transform 26
Transform: AffineTransform_float_3_3
Parameters: 0.999999 -0.0013837 0.000200213 0.00138202 0.999991 0.00416505 -0.000206033 -0.00416525 0.999991 0.0533223 0.0149124 0.00765867
FixedParameters: 0 0 0

#Transform 27
Transform: AffineTransform_float_3_3
Parameters: 0.999999 -0.0011155 3.26421e-05 0.00111508 0.999983 0.00570853 -3.98102e-05 -0.00570878 0.999984 0.0634381 0.083876 -0.192566
FixedParameters: 0 0 0

#Transform 28
Transform: AffineTransform_float_3_3
Parameters: 0.999999 -0.000879752 -0.000354197 0.000883857 0.99991 0.0133308 0.000341932 -0.0133317 0.999911 0.0728094 0.178832 -0.468177
FixedParameters: 0 0 0

#Transform 29
Transform: AffineTransform_float_3_3
Parameters: 0.999984 -0.000406389 -0.00556572 0.000462274 0.999949 0.0100097 0.00556096 -0.0100123 0.999935 0.0955359 0.0456901 -0.131053
FixedParameters: 0 0 0

#Transform 30
Transform: AffineTransform_float_3_3
Parameters: 0.999961 -0.000581616 -0.00875361 0.000668744 0.99995 0.0100126 0.00874762 -0.0100188 0.999912 0.244616 -0.00578357 0.0565537
FixedParameters: 0 0 0

#Transform 31
Transform: AffineTransform_float_3_3
Parameters: 0.999983 -0.000227401 -0.00587365 0.000292584 0.99994 0.0109749 0.00587057 -0.0109769 0.999923 0.166447 -0.0425346 0.0900668
FixedParameters: 0 0 0

#Transform 32
Transform: AffineTransform_float_3_3
Parameters: 0.999994 0.000862941 -0.00358775 -0.000834275 0.999967 0.00809333 0.00359407 -0.00808955 0.999961 0.0729276 -0.0552051 0.104202
FixedParameters: 0 0 0

#Transform 33
Transform: AffineTransform_float_3_3
Parameters: 0.999998 0.000200198 -0.00164893 -0.000190361 0.999983 0.00580877 0.00165032 -0.00580839 0.999982 0.0316821 -0.0115192 0.0533847
FixedParameters: 0 0 0

#Transform 34
Transform: AffineTransform_float_3_3
Parameters: 0.999998 -0.000247693 -0.00216137 0.000259582 0.999983 0.00579518 0.00215954 -0.00579589 0.999981 0.0715435 0.000374841 0.055718
FixedParameters: 0 0 0

#Transform 35
Transform: AffineTransform_float_3_3
Parameters: 0.999997 -0.000211502 -0.00230085 0.000226418 0.999982 0.00609355 0.00229949 -0.00609414 0.999979 0.0825761 -0.0358416 0.0534417
FixedParameters: 0 0 0

#Transform 36
Transform: AffineTransform_float_3_3
Parameters: 0.999998 -0.000279849 -0.00226015 0.000290511 0.99999 0.00438647 0.00225877 -0.00438638 0.999988 0.0744513 0.040636 0.0270559
FixedParameters: 0 0 0

#Transform 37
Transform: AffineTransform_float_3_3
Parameters: 0.999998 -0.000106238 -0.00224508 0.000118687 0.999986 0.00526469 0.00224484 -0.00526449 0.999983 0.0473275 -0.0420811 0.0196977
FixedParameters: 0 0 0

#Transform 38
Transform: AffineTransform_float_3_3
Parameters: 0.999998 7.9373e-05 -0.00188789 -6.73783e-05 0.999983 0.00590274 0.00188805 -0.0059029 0.999981 0.0532562 0.0160759 0.0480458
FixedParameters: 0 0 0

#Transform 39
Transform: AffineTransform_float_3_3
Parameters: 0.999998 0.000187141 -0.00169731 -0.000178617 0.999985 0.0055712 0.00169809 -0.00557107 0.999983 0.043874 -0.0212244 0.0756728
FixedParameters: 0 0 0

#Transform 40
Transform: AffineTransform_float_3_3
Parameters: 0.999999 0.000316876 -0.00173139 -0.000307997 0.999988 0.00497731 0.00173342 -0.00497637 0.999986 0.0581328 0.00596566 0.0513994
FixedParameters: 0 0 0

#Transform 41
Transform: AffineTransform_float_3_3
Parameters: 1 0.000386945 -0.00125011 -0.00038172 0.999991 0.00425335 0.00125099 -0.00425303 0.99999 0.0551308 -0.00891069 0.0240197
FixedParameters: 0 0 0

#Transform 42
Transform: AffineTransform_float_3_3
Parameters: 0.999999 0.00064403 -0.00154945 -0.000637613 0.999991 0.00417963 0.00155168 -0.00417852 0.99999 0.0586075 0.0486835 0.00779663
FixedParameters: 0 0 0

#Transform 43
Transform: AffineTransform_float_3_3
Parameters: 0.999999 0.000510078 -0.00152621 -0.00050284 0.99999 0.0044801 0.00152817 -0.00447938 0.999988 0.0567865 -0.00293055 0.016648
FixedParameters: 0 0 0

#Transform 44
Transform: AffineTransform_float_3_3
Parameters: 0.999999 0.000830892 -0.00127153 -0.000826223 0.999993 0.00359424 0.00127474 -0.00359263 0.999993 0.0505844 0.0495618 0.00539674
FixedParameters: 0 0 0

#Transform 45
Transform: AffineTransform_float_3_3
Parameters: 0.999999 0.000367377 -0.00150181 -0.000360822 0.999988 0.00498546 0.001504 -0.00498452 0.999987 0.0443676 -0.0112589 0.039967
FixedParameters: 0 0 0

#Transform 46
Transform: AffineTransform_float_3_3
Parameters: 0.999999 0.000716381 -0.00123111 -0.000711486 0.999993 0.00380392 0.00123379 -0.003803 0.999992 0.0490581 0.0647806 0.00545204
FixedParameters: 0 0 0

#Transform 47
Transform: AffineTransform_float_3_3
Parameters: 0.999999 0.000833464 -0.000665156 -0.000831646 0.999995 0.00322636 0.000667793 -0.00322574 0.999995 0.0340915 -0.00518091 0.0300019
FixedParameters: 0 0 0

#Transform 48
Transform: AffineTransform_float_3_3
Parameters: 1 0.000806849 -0.00017228 -0.000806328 0.999997 0.0025286 0.000174362 -0.00252876 0.999996 0.0284137 0.0595904 0.0103863
FixedParameters: 0 0 0

#Transform 49
Transform: AffineTransform_float_3_3
Parameters: 0.999999 0.00111646 -0.000390074 -0.00111504 0.99999 0.00419422 0.000394528 -0.00419375 0.999991 0.00203158 -0.0104539 0.0654319
FixedParameters: 0 0 0

#Transform 50
Transform: AffineTransform_float_3_3
Parameters: 0.999999 0.000910421 -0.00114101 -0.00090621 0.999993 0.00380231 0.00114516 -0.00380107 0.999992 0.027074 0.0242519 0.0383689
FixedParameters: 0 0 0

#Transform 51
Transform: AffineTransform_float_3_3
Parameters: 0.999999 0.000880573 -0.00082009 -0.000877025 0.99999 0.00441262 0.000823841 -0.00441189 0.999989 0.0146776 0.0547317 0.0528548
FixedParameters: 0 0 0

#Transform 52
Transform: AffineTransform_float_3_3
Parameters: 0.999997 0.00166824 -0.00189535 -0.00165588 0.999978 0.00625289 0.001906 -0.00625037 0.999978 0.023391 -0.029161 0.132494
FixedParameters: 0 0 0

#Transform 53
Transform: AffineTransform_float_3_3
Parameters: 0.999999 0.00149178 -0.00103235 -0.00148718 0.999989 0.00457417 0.00103992 -0.00457303 0.999989 0.013807 -0.010501 0.0868631
FixedParameters: 0 0 0

#Transform 54
Transform: AffineTransform_float_3_3
Parameters: 0.999999 0.00117044 -0.00120292 -0.00116452 0.999988 0.00483812 0.00120889 -0.00483737 0.999988 0.0194203 0.000653645 0.0855954
FixedParameters: 0 0 0

#Transform 55
Transform: AffineTransform_float_3_3
Parameters: 0.999999 0.000823061 -0.0013795 -0.0008171 0.999989 0.00457329 0.00138315 -0.00457192 0.999989 0.0352051 -0.0177946 0.121581
FixedParameters: 0 0 0

#Transform 56
Transform: AffineTransform_float_3_3
Parameters: 0.999999 0.000789628 -0.00122169 -0.000785637 0.999993 0.00343754 0.00122472 -0.00343611 0.999993 0.0181745 0.0298384 0.0986942
FixedParameters: 0 0 0

#Transform 57
Transform: AffineTransform_float_3_3
Parameters: 0.999999 0.000935076 -0.00119984 -0.000928891 0.99999 0.0045166 0.00120443 -0.00451525 0.999989 0.0169482 -0.0398488 0.110393
FixedParameters: 0 0 0

#Transform 58
Transform: AffineTransform_float_3_3
Parameters: 0.999999 0.000112595 -0.00177212 -0.000104299 0.999988 0.00490779 0.00177355 -0.00490765 0.999986 0.0561383 0.0285003 0.0560678
FixedParameters: 0 0 0

#Transform 59
Transform: AffineTransform_float_3_3
Parameters: 0.999998 0.000263256 -0.00192527 -0.000252842 0.999986 0.00536759 0.00192749 -0.00536706 0.999984 0.0445164 0.0392512 0.092096
FixedParameters: 0 0 0

#Transform 60
Transform: AffineTransform_float_3_3
Parameters: 0.999999 0.000142456 -0.00120487 -0.000137609 0.999989 0.00455658 0.00120635 -0.00455595 0.999989 0.0175639 0.043197 0.111794
FixedParameters: 0 0 0

#Transform 61
Transform: AffineTransform_float_3_3
Parameters: 0.999997 -0.000306775 -0.00247049 0.000321049 0.999984 0.00556401 0.00246886 -0.00556389 0.999981 0.0584689 0.0149391 0.110264
FixedParameters: 0 0 0

#Transform 62
Transform: AffineTransform_float_3_3
Parameters: 0.999995 0.000104965 -0.00295778 -8.72585e-05 0.999983 0.00591594 0.00295814 -0.00591607 0.999978 0.0767562 0.0343646 0.112408
FixedParameters: 0 0 0

#Transform 63
Transform: AffineTransform_float_3_3
Parameters: 0.999998 0.000849102 -0.00177372 -0.000839473 0.999985 0.00539874 0.00177858 -0.00539774 0.999985 0.0629404 0.00745683 0.12352
FixedParameters: 0 0 0

#Transform 64
Transform: AffineTransform_float_3_3
Parameters: 0.999998 0.00122563 -0.00181075 -0.00121825 0.999991 0.0038438 0.00181587 -0.00384127 0.999991 0.0698342 -0.0114825 0.0463935
FixedParameters: 0 0 0

#Transform 65
Transform: AffineTransform_float_3_3
Parameters: 0.999998 0.00106771 -0.00166234 -0.00105946 0.999989 0.00452618 0.00166625 -0.00452459 0.999988 0.0485469 0.0233768 0.0797457
FixedParameters: 0 0 0

#Transform 66
Transform: AffineTransform_float_3_3
Parameters: 0.999999 0.000752936 -0.0015553 -0.000747575 0.999993 0.00344581 0.0015573 -0.00344513 0.999992 0.0490942 0.0217421 0.0689376
FixedParameters: 0 0 0

#Transform 67
Transform: AffineTransform_float_3_3
Parameters: 0.999999 0.000951425 -0.00130958 -0.000946057 0.999993 0.00375476 0.00131395 -0.00375312 0.999992 0.033559 0.043203 0.076274
FixedParameters: 0 0 0

#Transform 68
Transform: AffineTransform_float_3_3
Parameters: 0.999999 0.00092039 -0.00140529 -0.000913552 0.999986 0.00521086 0.00141008 -0.00520939 0.999985 0.0570807 0.0198074 0.0661567
FixedParameters: 0 0 0

#Transform 69
Transform: AffineTransform_float_3_3
Parameters: 0.999999 0.000866626 -0.000970163 -0.000863323 0.999993 0.00359305 0.000972539 -0.0035921 0.999993 0.0582905 0.00434473 0.0904105
FixedParameters: 0 0 0

#Transform 70
Transform: AffineTransform_float_3_3
Parameters: 1 0.000717573 -0.00110646 -0.000712355 0.999988 0.00488367 0.00110997 -0.00488276 0.999988 0.028646 -0.0144957 0.119812
FixedParameters: 0 0 0

#Transform 71
Transform: AffineTransform_float_3_3
Parameters: 0.999998 0.000771302 -0.00156225 -0.000761796 0.999982 0.00580662 0.00156732 -0.00580542 0.999982 0.0351195 0.00491526 0.145218
FixedParameters: 0 0 0

#Transform 72
Transform: AffineTransform_float_3_3
Parameters: 1 0.000684967 -0.0011841 -0.000678723 0.999987 0.00502471 0.00118712 -0.00502377 0.999987 0.0185984 0.0158363 0.144874
FixedParameters: 0 0 0

#Transform 73
Transform: AffineTransform_float_3_3
Parameters: 0.999998 0.000432083 -0.00173705 -0.000420425 0.999975 0.00701779 0.00173978 -0.00701718 0.999974 0.0393178 -0.0412283 0.162312
FixedParameters: 0 0 0

#Transform 74
Transform: AffineTransform_float_3_3
Parameters: 0.999996 0.000199351 -0.00294642 -0.000173762 0.999961 0.00886459 0.00294885 -0.00886412 0.999956 0.0981751 -0.0447112 0.161228
FixedParameters: 0 0 0

#Transform 75
Transform: AffineTransform_float_3_3
Parameters: 0.999997 0.000319945 -0.00251443 -0.00030118 0.999974 0.00728729 0.00251588 -0.0072859 0.99997 0.0612199 -0.00241014 0.151864
FixedParameters: 0 0 0

#Transform 76
Transform: AffineTransform_float_3_3
Parameters: 0.999997 0.000888447 -0.00219655 -0.000869168 0.999963 0.00854634 0.00220391 -0.00854501 0.999961 0.0447182 -0.0422385 0.188686
FixedParameters: 0 0 0

#Transform 77
Transform: AffineTransform_float_3_3
Parameters: 0.999993 0.00048565 -0.00363132 -0.000451097 0.999954 0.00961451 0.00363574 -0.00961234 0.999947 0.086133 -0.0422415 0.180966
FixedParameters: 0 0 0

#Transform 78
Transform: AffineTransform_float_3_3
Parameters: 0.999995 0.000603193 -0.00326696 -0.00057514 0.999963 0.00860403 0.00327214 -0.00860186 0.999957 0.0795755 -0.0143009 0.157729
FixedParameters: 0 0 0

#Transform 79
Transform: AffineTransform_float_3_3
Parameters: 0.999999 0.00113382 -0.00141229 -0.00112252 0.999967 0.00809005 0.00142128 -0.00808894 0.999966 0.000522863 -0.0381439 0.159518
FixedParameters: 0 0 0

#Transform 80
Transform: AffineTransform_float_3_3
Parameters: 0.999999 0.000764435 -0.00134933 -0.000754931 0.999974 0.00723638 0.00135528 -0.0072351 0.999973 0.0185225 -0.0238184 0.150871
FixedParameters: 0 0 0

#Transform 81
Transform: AffineTransform_float_3_3
Parameters: 0.999998 0.000694416 -0.00166337 -0.000681713 0.99997 0.00767708 0.00166886 -0.00767665 0.999969 0.008931 -0.0532744 0.162425
FixedParameters: 0 0 0

#Transform 82
Transform: AffineTransform_float_3_3
Parameters: 0.999995 0.00119131 -0.00310475 -0.00116239 0.999956 0.00931349 0.0031151 -0.00931005 0.999952 0.0303791 -0.0231467 0.148346
FixedParameters: 0 0 0

#Transform 83
Transform: AffineTransform_float_3_3
Parameters: 0.999992 0.00108478 -0.00379778 -0.00104942 0.999955 0.00936422 0.00380703 -0.00936019 0.999949 0.0650895 -0.0314082 0.154455
FixedParameters: 0 0 0

#Transform 84
Transform: AffineTransform_float_3_3
Parameters: 0.999995 0.000933758 -0.00310576 -0.000908412 0.999968 0.00799497 0.00311255 -0.00799228 0.999963 0.046926 -0.0395682 0.157928
FixedParameters: 0 0 0

#Transform 85
Transform: AffineTransform_float_3_3
Parameters: 0.999995 0.000961323 -0.00300082 -0.00093735 0.999967 0.00804507 0.00300815 -0.0080424 0.999963 0.0399307 0.000885859 0.172267
FixedParameters: 0 0 0

#Transform 86
Transform: AffineTransform_float_3_3
Parameters: 0.999995 0.000895815 -0.00302529 -0.000872265 0.99997 0.00773069 0.00303157 -0.00772818 0.999966 0.0561392 -0.0375038 0.174318
FixedParameters: 0 0 0

#Transform 87
Transform: AffineTransform_float_3_3
Parameters: 0.999995 0.00143952 -0.00266943 -0.00142073 0.999974 0.00718052 0.00267963 -0.00717683 0.99997 0.00822483 -0.0294726 0.175464
FixedParameters: 0 0 0

#Transform 88
Transform: AffineTransform_float_3_3
Parameters: 0.999996 0.00111971 -0.0023686 -0.00110321 0.999976 0.00690819 0.00237661 -0.00690521 0.999973 0.037008 0.00833632 0.171657
FixedParameters: 0 0 0

#Transform 89
Transform: AffineTransform_float_3_3
Parameters: 0.999996 0.00106882 -0.00236017 -0.00105422 0.99998 0.00623489 0.00236729 -0.00623287 0.999978 0.0446295 -0.0114551 0.158793
FixedParameters: 0 0 0

#Transform 90
Transform: AffineTransform_float_3_3
Parameters: 0.999993 0.00150845 -0.00343189 -0.00148449 0.999974 0.00702909 0.00344191 -0.00702491 0.999969 0.0404444 -0.012284 0.158137
FixedParameters: 0 0 0

#Transform 91
Transform: AffineTransform_float_3_3
Parameters: 0.99999 0.00133094 -0.00419979 -0.00130064 0.999973 0.00732362 0.00420947 -0.00731789 0.999964 0.104598 0.0372153 0.133929
FixedParameters: 0 0 0

#Transform 92
Transform: AffineTransform_float_3_3
Parameters: 0.99999 0.000998635 -0.00436939 -0.000964145 0.999968 0.00796545 0.00437806 -0.00796017 0.999959 0.104372 0.0632968 0.0946749
FixedParameters: 0 0 0

#Transform 93
Transform: AffineTransform_float_3_3
Parameters: 0.999989 0.000818425 -0.00446978 -0.000783359 0.999969 0.00780591 0.00447656 -0.0078029 0.99996 0.0854023 -0.0118313 0.122312
FixedParameters: 0 0 0

#Transform 94
Transform: AffineTransform_float_3_3
Parameters: 0.999994 0.000953979 -0.00318845 -0.000928691 0.999969 0.00776892 0.0031955 -0.00776559 0.999965 0.0610253 -0.0166125 0.142037
FixedParameters: 0 0 0

#Transform 95
Transform: AffineTransform_float_3_3
Parameters: 0.999993 0.00107591 -0.00364195 -0.00104384 0.999961 0.00872139 0.00365153 -0.00871731 0.999955 0.0944091 -0.0200828 0.137637
FixedParameters: 0 0 0

#Transform 96
Transform: AffineTransform_float_3_3
Parameters: 0.999993 0.000812898 -0.00361398 -0.000779789 0.999959 0.00905143 0.00362137 -0.00904842 0.999953 0.0793295 -0.00255884 0.105541
FixedParameters: 0 0 0

#Transform 97
Transform: AffineTransform_float_3_3
Parameters: 0.999994 0.00075773 -0.00335584 -0.000731618 0.99997 0.00775977 0.00336144 -0.00775772 0.999964 0.0785247 -0.000890586 0.123211
FixedParameters: 0 0 0

#Transform 98
Transform: AffineTransform_float_3_3
Parameters: 0.999992 0.000399865 -0.00392895 -0.000371824 0.999973 0.00734675 0.00393138 -0.00734567 0.999966 0.104736 -0.0264698 0.137372
FixedParameters: 0 0 0

#Transform 99
Transform: AffineTransform_float_3_3
Parameters: 0.999991 0.000980044 -0.00402754 -0.000947259 0.999968 0.00792684 0.00403513 -0.00792329 0.999961 0.0727846 0.008196 0.123974
FixedParameters: 0 0 0

#Transform 100
Transform: AffineTransform_float_3_3
Parameters: 0.999991 0.000897896 -0.00407653 -0.000866432 0.999971 0.00755141 0.00408311 -0.00754729 0.999963 0.0814485 0.00183135 0.11668
FixedParameters: 0 0 0

#Transform 101
Transform: AffineTransform_float_3_3
Parameters: 0.999994 0.000485416 -0.00343707 -0.000460288 0.999974 0.00725135 0.00344055 -0.00724983 0.999968 0.0743678 -0.00644027 0.115429
FixedParameters: 0 0 0

#Transform 102
Transform: AffineTransform_float_3_3
Parameters: 0.999994 0.000625096 -0.00351773 -0.000600395 0.999975 0.00701156 0.00352235 -0.00700961 0.999969 0.085475 0.0318136 0.102658
FixedParameters: 0 0 0

#Transform 103
Transform: AffineTransform_float_3_3
Parameters: 0.999994 0.000484822 -0.00354856 -0.000461378 0.999977 0.00673287 0.0035526 -0.00673179 0.999971 0.0886208 0.0191009 0.0676792
FixedParameters: 0 0 0

#Transform 104
Transform: AffineTransform_float_3_3
Parameters: 0.999993 0.00112536 -0.00347455 -0.00110202 0.999979 0.00650698 0.00348155 -0.00650349 0.999973 0.074165 0.0067314 0.0550722
FixedParameters: 0 0 0

#Transform 105
Transform: AffineTransform_float_3_3
Parameters: 0.999993 0.00108365 -0.00359611 -0.00105998 0.999977 0.00660031 0.0036031 -0.00659686 0.999972 0.0867986 0.0172479 0.0476266
FixedParameters: 0 0 0

#Transform 106
Transform: AffineTransform_float_3_3
Parameters: 0.999993 0.00106364 -0.00353617 -0.00104102 0.999979 0.00630976 0.00354235 -0.00630529 0.999974 0.0910736 0.039756 0.0369322
FixedParameters: 0 0 0

#Transform 107
Transform: AffineTransform_float_3_3
Parameters: 0.999993 0.00102266 -0.00358599 -0.00100156 0.999982 0.00595834 0.003592 -0.00595495 0.999976 0.0943141 0.0476128 0.0273357
FixedParameters: 0 0 0

#Transform 108
Transform: AffineTransform_float_3_3
Parameters: 0.999976 0.00247694 -0.00648124 -0.00238205 0.999891 0.0145504 0.0065166 -0.0145348 0.999874 0.164332 -0.0137237 0.0441882
FixedParameters: 0 0 0

#Transform 109
Transform: AffineTransform_float_3_3
Parameters: 0.999974 0.00288386 -0.00651635 -0.00279105 0.999895 0.0141816 0.00655642 -0.0141636 0.999878 0.137874 -0.111827 0.155823
FixedParameters: 0 0 0

#Transform 110
Transform: AffineTransform_float_3_3
Parameters: 0.999987 0.00295716 -0.00394801 -0.00290618 0.999913 0.0128434 0.00398544 -0.012832 0.99991 0.0468592 -0.0917602 0.20136
FixedParameters: 0 0 0

#Transform 111
Transform: AffineTransform_float_3_3
Parameters: 0.999987 0.0022933 -0.00444435 -0.00224451 0.999938 0.0109217 0.00446927 -0.0109117 0.999931 0.0478144 -0.0326889 0.134436
FixedParameters: 0 0 0

#Transform 112
Transform: AffineTransform_float_3_3
Parameters: 0.999992 0.00240036 -0.00319222 -0.00237062 0.999953 0.00938658 0.00321452 -0.009379 0.99995 0.0443504 -0.0573724 0.234099
FixedParameters: 0 0 0

#Transform 113
Transform: AffineTransform_float_3_3
Parameters: 0.999994 0.00192467 -0.0028331 -0.00190629 0.999979 0.00630561 0.00284592 -0.0063003 0.999976 0.0529218 -0.00231264 0.149444
FixedParameters: 0 0 0

#Transform 114
Transform: AffineTransform_float_3_3
Parameters: 0.999993 0.0016538 -0.00307345 -0.00163906 0.999987 0.00496978 0.00308175 -0.00496454 0.999983 0.0874885 0.0324199 0.101806
FixedParameters: 0 0 0

#Transform 115
Transform: AffineTransform_float_3_3
Parameters: 0.999994 0.00163987 -0.00293991 -0.00162529 0.999986 0.00499171 0.00294832 -0.00498716 0.999983 0.0249903 0.0227334 0.119063
FixedParameters: 0 0 0

#Transform 116
Transform: AffineTransform_float_3_3
Parameters: 0.999995 0.00214634 -0.00223761 -0.00213421 0.999982 0.00574225 0.00225072 -0.0057373 0.999981 -0.00418957 -0.0091619 0.172622
FixedParameters: 0 0 0

#Transform 117
Transform: AffineTransform_float_3_3
Parameters: 0.999997 0.00183131 -0.00196884 -0.00182153 0.999984 0.00537016 0.00197829 -0.00536716 0.999983 0.00324304 0.016914 0.15575
FixedParameters: 0 0 0

#Transform 118
Transform: AffineTransform_float_3_3
Parameters: 0.999995 0.00205514 -0.00254627 -0.00203474 0.999966 0.00798198 0.00256327 -0.00797669 0.999965 0.0494868 -0.0164938 0.221296
FixedParameters: 0 0 0

#Transform 119
Transform: AffineTransform_float_3_3
Parameters: 0.99999 0.00234456 -0.00374632 -0.00230778 0.99995 0.00974658 0.00376876 -0.00973722 0.999946 0.0710578 -0.0166019 0.255092
FixedParameters: 0 0 0
