#Insight Transform File V1.0
#Transform 0
Transform: AffineTransform_float_3_3
Parameters: 0.999999 0.000154379 0.00150355 -0.000155218 1 0.000608893 -0.00150349 -0.000609106 0.999998 -0.0594108 -0.0740736 0.06852
FixedParameters: 0 0 0

#Transform 1
Transform: AffineTransform_float_3_3
Parameters: 0.999999 -0.000130477 0.00125553 0.00012952 0.999999 0.000776289 -0.00125586 -0.00077571 0.999999 -0.057728 -0.0403469 -0.0212706
FixedParameters: 0 0 0

#Transform 2
Transform: AffineTransform_float_3_3
Parameters: 0.999999 -0.000203801 0.0012546 0.000202692 0.999999 0.0012834 -0.00125439 -0.0012836 0.999999 -0.0561449 -0.0917694 -0.0260978
FixedParameters: 0 0 0

#Transform 3
Transform: AffineTransform_float_3_3
Parameters: 1 -5.8631e-05 0.00113244 5.76217e-05 0.999999 0.000940191 -0.00113168 -0.000939808 0.999999 -0.0624057 -0.0832668 0.00217311
FixedParameters: 0 0 0

#Transform 4
Transform: AffineTransform_float_3_3
Parameters: 0.999999 -0.000123811 0.0015397 0.000121927 0.999998 0.00161933 -0.00153948 -0.00161967 0.999997 -0.0662736 -0.0648434 -0.0200063
FixedParameters: 0 0 0

#Transform 5
Transform: AffineTransform_float_3_3
Parameters: 1 -0.000183391 0.00045702 0.000183442 1 -5.59162e-05 -0.000457 5.60838e-05 1 -0.047438 0.0183292 -0.107081
FixedParameters: 0 0 0

#Transform 6
Transform: AffineTransform_float_3_3
Parameters: 1 6.6993e-05 -0.000292652 -6.66641e-05 0.999998 0.00225502 0.00029308 -0.00225498 0.999998 -0.0182284 -0.0588301 -0.09407
FixedParameters: 0 0 0

#Transform 7
Transform: AffineTransform_float_3_3
Parameters: 1 0.000263742 -0.000415545 -0.000262853 1 0.00106911 0.000416108 -0.00106889 1 -0.00410982 -0.12238 0.0115978
FixedParameters: 0 0 0

#Transform 8
Transform: AffineTransform_float_3_3
Parameters: 1 0.000461059 -0.000124009 -0.000460754 0.999999 0.00122706 0.00012514 -0.00122694 0.999999 -0.00186145 -0.0299079 -0.0363351
FixedParameters: 0 0 0

#Transform 9
Transform: AffineTransform_float_3_3
Parameters: 1 0.00046108 -0.000123932 -0.000461724 0.999999 0.00139506 0.000125346 -0.00139494 0.999999 0.00580406 -0.0460172 -0.0919805
FixedParameters: 0 0 0

#Transform 10
Transform: AffineTransform_float_3_3
Parameters: 1 0.00031332 -0.000572105 -0.000313282 0.999999 0.000899322 0.000572795 -0.000899679 1 0.00963753 -0.0468247 -0.0750716
FixedParameters: 0 0 0

#Transform 11
Transform: AffineTransform_float_3_3
Parameters: 1 0.000196882 -0.000569321 -0.000196551 1 0.00116111 0.000569905 -0.00116089 0.999999 0.00495913 -0.0180903 0.0105481
FixedParameters: 0 0 0

#Transform 12
Transform: AffineTransform_float_3_3
Parameters: 0.999999 2.53181e-05 -0.000845978 -2.52093e-05 0.999999 0.000726148 0.00084515 -0.000725853 1 0.00915076 -0.0289314 0.053827
FixedParameters: 0 0 0

#Transform 13
Transform: AffineTransform_float_3_3
Parameters: 1 -7.21877e-05 -0.000611785 7.24532e-05 1 0.000216956 0.000611753 -0.000217044 1 0.00756703 0.00229903 0.0584309
FixedParameters: 0 0 0

#Transform 14
Transform: AffineTransform_float_3_3
Parameters: 1 6.87509e-05 -0.00054211 -6.85937e-05 1 0.000145037 0.00054213 -0.000144963 1 -0.000173405 0.000178945 0.0672962
FixedParameters: 0 0 0

#Transform 15
Transform: AffineTransform_float_3_3
Parameters: 1 0.00010667 -0.000247416 -0.000106151 1 0.00105003 0.000247639 -0.00104997 1 0.00232858 0.00842452 -0.0133292
FixedParameters: 0 0 0

#Transform 16
Transform: AffineTransform_float_3_3
Parameters: 1 0.000480183 -0.000294143 -0.000479916 0.999999 -0.00144884 0.000293617 0.00144816 0.999999 0.0059643 0.0286458 -0.0955226
FixedParameters: 0 0 0

#Transform 17
Transform: AffineTransform_float_3_3
Parameters: 1 5.21111e-06 0.000378415 -5.03856e-06 1 -0.000228002 -0.000378417 0.000227998 1 -0.00589664 0.0239317 0.0273745
FixedParameters: 0 0 0

#Transform 18
Transform: AffineTransform_float_3_3
Parameters: 1 3.18256e-05 0.000426433 -3.20525e-05 0.999999 -0.000896888 -0.000426363 0.000897113 1 -0.00894684 0.0133796 -0.0121583
FixedParameters: 0 0 0

#Transform 19
Transform: AffineTransform_float_3_3
Parameters: 1 0.000406465 0.000126033 -0.000406116 0.999999 -0.00088105 -0.000125757 0.000880948 0.999999 -0.00405727 0.0352956 -0.0144945
FixedParameters: 0 0 0

#Transform 20
Transform: AffineTransform_float_3_3
Parameters: 1 6.06245e-05 -0.000607551 -5.99482e-05 1 0.000556052 0.000607618 -0.000556947 0.999999 0.00640775 0.00113031 0.00105702
FixedParameters: 0 0 0

#Transform 21
Transform: AffineTransform_float_3_3
Parameters: 1 -0.000203028 -0.00025312 0.0002025 0.999999 -0.000794051 0.00025245 0.000793948 0.999999 0.00489566 0.0265755 -0.0183019
FixedParameters: 0 0 0

#Transform 22
Transform: AffineTransform_float_3_3
Parameters: 1 -0.00028202 0.000214576 0.000282022 1 -4.93948e-06 -0.000214573 5.06051e-06 1 0.000741643 0.0226511 -0.0325679
FixedParameters: 0 0 0

#Transform 23
Transform: AffineTransform_float_3_3
Parameters: 1 -0.000306912 2.03651e-05 0.000306939 0.999999 -0.000658993 -1.99606e-05 0.000659006 1 -0.00680919 0.00746366 0.0225011
FixedParameters: 0 0 0

#Transform 24
Transform: AffineTransform_float_3_3
Parameters: 1 -0.000281877 0.000214763 0.000282165 0.999999 -0.000669939 -0.000214385 0.00067006 1 -0.0140315 0.018768 0.0220758
FixedParameters: 0 0 0

#Transform 25
Transform: AffineTransform_float_3_3
Parameters: 1 -0.000281833 0.000214821 0.000282209 0.999999 -0.000875939 -0.000214327 0.00087606 0.999999 -0.0174516 0.0237467 0.0188073
FixedParameters: 0 0 0

#Transform 26
Transform: AffineTransform_float_3_3
Parameters: 1 -0.000223179 0.000224337 0.00022334 1 -0.00064095 -0.000225042 0.00064105 1 8.24495e-05 0.0273851 0.0110307
FixedParameters: 0 0 0

#Transform 27
Transform: AffineTransform_float_3_3
Parameters: 1 -0.000292418 0.000132577 0.000292717 1 -0.00112996 -0.000131916 0.00113004 1 -0.00555813 0.0298942 0.00744399
FixedParameters: 0 0 0

#Transform 28
Transform: AffineTransform_float_3_3
Parameters: 1 -0.000311129 -1.23108e-05 0.000311108 0.999999 -0.000832003 1.28285e-05 0.000831995 0.999999 0.00334096 0.0320594 0.0274928
FixedParameters: 0 0 0

#Transform 29
Transform: AffineTransform_float_3_3
Parameters: 1 -0.000377405 3.67488e-05 0.0003775 0.999999 -0.00130899 -3.57606e-05 0.00130901 0.999999 0.003437 0.0472295 0.020894
FixedParameters: 0 0 0

#Transform 30
Transform: AffineTransform_float_3_3
Parameters: 1 -0.00043012 0.000168063 0.000430155 1 -0.000105928 -0.000167971 0.000106072 1 0.00246107 -0.0112453 0.0544218
FixedParameters: 0 0 0

#Transform 31
Transform: AffineTransform_float_3_3
Parameters: 1 -0.000401373 0.000187639 0.000401478 1 -0.000278925 -0.000187415 0.000279075 1 -0.00126854 -0.00945628 0.0290897
FixedParameters: 0 0 0

#Transform 32
Transform: AffineTransform_float_3_3
Parameters: 1 -0.000352787 -0.000337921 0.000352806 1 2.78808e-05 0.000337901 -2.81192e-05 1 0.00697615 0.0238968 -0.0270974
FixedParameters: 0 0 0

#Transform 33
Transform: AffineTransform_float_3_3
Parameters: 1 -0.000254078 -0.00118512 0.000252281 0.999998 -0.00201317 0.00118576 0.00201283 0.999998 0.0162642 0.0427801 -0.0593068
FixedParameters: 0 0 0

#Transform 34
Transform: AffineTransform_float_3_3
Parameters: 0.999999 -3.2839e-05 -0.000798396 3.17003e-05 0.999999 -0.00141303 0.000799352 0.00141297 0.999998 0.0201895 -0.00417285 -0.00188797
FixedParameters: 0 0 0

#Transform 35
Transform: AffineTransform_float_3_3
Parameters: 1 -0.000342537 -0.000254034 0.000342699 0.999998 -0.00162909 0.000255023 0.00162891 0.999998 0.00519239 0.0379353 -0.218525
FixedParameters: 0 0 0

#Transform 36
Transform: AffineTransform_float_3_3
Parameters: 0.999999 -0.000693244 -0.000263871 0.000693098 1 -0.000276199 0.000264255 0.000276801 1 0.0213912 0.082089 -0.106601
FixedParameters: 0 0 0

#Transform 37
Transform: AffineTransform_float_3_3
Parameters: 1 -0.000713349 0.000785559 0.000713465 0.999999 0.00055756 -0.000786481 -0.000556439 0.999999 0.00392125 0.0132605 -0.000238614
FixedParameters: 0 0 0

#Transform 38
Transform: AffineTransform_float_3_3
Parameters: 1 -0.000518957 0.000324585 0.000518972 1 -2.38154e-05 -0.000324561 2.31846e-05 1 0.00345322 -0.00555837 0.0208028
FixedParameters: 0 0 0

#Transform 39
Transform: AffineTransform_float_3_3
Parameters: 0.999999 -0.000553818 -0.000558922 0.000553137 1 -0.000496325 0.00055848 0.000496674 0.999999 0.0189396 0.0486095 -0.0604938
FixedParameters: 0 0 0

#Transform 40
Transform: AffineTransform_float_3_3
Parameters: 1 -0.000540724 -0.000865694 0.000539084 0.999999 -0.00144648 0.000866137 0.00144652 0.999998 0.0230795 0.0438145 -0.0744119
FixedParameters: 0 0 0

#Transform 41
Transform: AffineTransform_float_3_3
Parameters: 1 -0.000520727 -0.000298489 0.000519645 0.999998 -0.00159815 0.000299159 0.00159784 0.999998 0.00361408 0.00863045 -0.0393772
FixedParameters: 0 0 0

#Transform 42
Transform: AffineTransform_float_3_3
Parameters: 1 -0.000496815 -0.000113966 0.000496291 0.999999 -0.00173518 0.000114698 0.00173482 0.999998 0.0104904 0.0520115 -0.18559
FixedParameters: 0 0 0

#Transform 43
Transform: AffineTransform_float_3_3
Parameters: 0.999999 -0.000399904 0.000636365 0.000399833 0.999999 -0.00082262 -0.000636572 0.000823381 1 -0.00657856 0.0348722 -0.113511
FixedParameters: 0 0 0

#Transform 44
Transform: AffineTransform_float_3_3
Parameters: 0.999998 -0.000212647 0.00209031 0.000213671 0.999999 -0.000719286 -0.00208974 0.000719714 0.999997 -0.0224062 0.0371808 -0.0856552
FixedParameters: 0 0 0

#Transform 45
Transform: AffineTransform_float_3_3
Parameters: 0.999999 -0.000596713 0.0017707 0.000600208 0.999998 -0.00186378 -0.00176908 0.00186422 0.999997 -0.0271436 0.043466 -0.113039
FixedParameters: 0 0 0

#Transform 46
Transform: AffineTransform_float_3_3
Parameters: 0.999998 -0.000731425 0.00215804 0.000735264 0.999999 -0.00160826 -0.00215629 0.00160974 0.999996 -0.0224305 -0.00392695 -0.130855
FixedParameters: 0 0 0

#Transform 47
Transform: AffineTransform_float_3_3
Parameters: 0.999997 -0.00031111 0.00235597 0.000316385 0.999998 -0.00219899 -0.00235495 0.00220001 0.999995 -0.0321015 0.0319922 -0.145854
FixedParameters: 0 0 0

#Transform 48
Transform: AffineTransform_float_3_3
Parameters: 0.999997 -0.000729745 0.00215861 0.000734831 0.999997 -0.00238613 -0.00215646 0.00238786 0.999995 -0.0227415 0.0191874 -0.138012
FixedParameters: 0 0 0

#Transform 49
Transform: AffineTransform_float_3_3
Parameters: 0.999998 -0.000371497 0.00220151 0.000376266 0.999998 -0.00223889 -0.00220019 0.00223911 0.999995 -0.0323662 0.0201672 -0.154181
FixedParameters: 0 0 0

#Transform 50
Transform: AffineTransform_float_3_3
Parameters: 0.999997 -0.000626975 0.00235803 0.00063222 0.999996 -0.00242811 -0.00235619 0.0024299 0.999995 -0.0284813 0.0359499 -0.162006
FixedParameters: 0 0 0

#Transform 51
Transform: AffineTransform_float_3_3
Parameters: 0.999996 -0.000687624 0.00248089 0.000693367 0.999997 -0.00240788 -0.00247879 0.00241012 0.999994 -0.0264763 0.0172349 -0.155407
FixedParameters: 0 0 0

#Transform 52
Transform: AffineTransform_float_3_3
Parameters: 0.999996 -0.000659305 0.0027086 0.000664233 0.999998 -0.00187178 -0.00270747 0.00187322 0.999994 -0.0290984 0.0171693 -0.165514
FixedParameters: 0 0 0

#Transform 53
Transform: AffineTransform_float_3_3
Parameters: 0.999997 -0.000695565 0.00242325 0.00070116 0.999997 -0.00223002 -0.00242149 0.00223198 0.999994 -0.0284322 0.0448592 -0.150418
FixedParameters: 0 0 0

#Transform 54
Transform: AffineTransform_float_3_3
Parameters: 0.999997 -0.000561869 0.00261163 0.000567775 0.999997 -0.0023191 -0.00261023 0.0023199 0.999994 -0.02888 0.035188 -0.178451
FixedParameters: 0 0 0

#Transform 55
Transform: AffineTransform_float_3_3
Parameters: 0.999996 -0.000577441 0.00275197 0.000583839 0.999996 -0.00246987 -0.00275019 0.00247213 0.999994 -0.0301926 0.028692 -0.179358
FixedParameters: 0 0 0

#Transform 56
Transform: AffineTransform_float_3_3
Parameters: 0.999998 -0.000729912 0.00215855 0.000734666 0.999997 -0.00230914 -0.00215652 0.00231086 0.999995 -0.0251142 0.0149412 -0.164589
FixedParameters: 0 0 0

#Transform 57
Transform: AffineTransform_float_3_3
Parameters: 0.999997 -0.000542581 0.00257995 0.000548803 0.999997 -0.00240818 -0.00257854 0.00240982 0.999994 -0.0287421 0.0272684 -0.181989
FixedParameters: 0 0 0

#Transform 58
Transform: AffineTransform_float_3_3
Parameters: 0.999997 -0.000186975 0.00248784 0.000190897 0.999999 -0.00181014 -0.00248751 0.00181087 0.999996 -0.0224894 0.0650799 -0.25611
FixedParameters: 0 0 0

#Transform 59
Transform: AffineTransform_float_3_3
Parameters: 0.999998 -0.000440059 0.0022584 0.000443298 0.999999 -0.00162372 -0.00225745 0.00162428 0.999996 -0.0247372 0.0511083 -0.242215
FixedParameters: 0 0 0

#Transform 60
Transform: AffineTransform_float_3_3
Parameters: 0.999997 -0.000301572 0.00213976 0.00030566 0.999998 -0.00191208 -0.00213908 0.00191292 0.999996 -0.0332713 0.0604869 -0.193042
FixedParameters: 0 0 0

#Transform 61
Transform: AffineTransform_float_3_3
Parameters: 0.999996 -0.00046509 0.00270941 0.000469094 0.999999 -0.00167733 -0.0027082 0.00167868 0.999995 -0.0269853 0.0679501 -0.163336
FixedParameters: 0 0 0

#Transform 62
Transform: AffineTransform_float_3_3
Parameters: 0.999996 -0.000490718 0.0025024 0.000496454 0.999998 -0.00218748 -0.00250159 0.00218852 0.999994 -0.0286265 0.0584061 -0.138981
FixedParameters: 0 0 0

#Transform 63
Transform: AffineTransform_float_3_3
Parameters: 0.999997 -0.000476923 0.00261818 0.000481634 0.999999 -0.00168134 -0.00261705 0.00168267 0.999996 -0.0256897 0.059614 -0.126235
FixedParameters: 0 0 0

#Transform 64
Transform: AffineTransform_float_3_3
Parameters: 0.999996 -0.000485758 0.00254686 0.000489977 0.999998 -0.00185135 -0.0025464 0.00185265 0.999995 -0.0251782 0.0380064 -0.139116
FixedParameters: 0 0 0

#Transform 65
Transform: AffineTransform_float_3_3
Parameters: 0.999996 -0.000428478 0.00298619 0.000433811 0.999998 -0.00191018 -0.00298477 0.00191182 0.999994 -0.0313596 0.0490976 -0.174045
FixedParameters: 0 0 0

#Transform 66
Transform: AffineTransform_float_3_3
Parameters: 0.999996 -0.000427324 0.00298539 0.000434102 0.999997 -0.00234018 -0.00298446 0.00234182 0.999993 -0.0277009 0.0433687 -0.196178
FixedParameters: 0 0 0

#Transform 67
Transform: AffineTransform_float_3_3
Parameters: 0.999995 -0.000405252 0.00314617 0.000414014 0.999996 -0.00269416 -0.00314492 0.00269484 0.999991 -0.0185829 0.0420244 -0.268379
FixedParameters: 0 0 0

#Transform 68
Transform: AffineTransform_float_3_3
Parameters: 0.999996 -0.000419442 0.00303711 0.000427777 0.999996 -0.00272018 -0.00303577 0.00272182 0.999992 -0.0234323 0.0544245 -0.239883
FixedParameters: 0 0 0

#Transform 69
Transform: AffineTransform_float_3_3
Parameters: 0.999996 -0.000718938 0.00298292 0.00072808 0.999994 -0.00309327 -0.00298028 0.00309473 0.999991 -0.0273397 0.0471258 -0.211731
FixedParameters: 0 0 0

#Transform 70
Transform: AffineTransform_float_3_3
Parameters: 0.999995 -0.000637527 0.00317614 0.000644827 0.999997 -0.00230141 -0.00317528 0.00230359 0.999992 -0.0218393 0.0452827 -0.175247
FixedParameters: 0 0 0

#Transform 71
Transform: AffineTransform_float_3_3
Parameters: 0.999995 -0.000996426 0.00279744 0.00100219 0.999997 -0.00233891 -0.00279484 0.0023421 0.999993 -0.00952185 0.0350956 -0.117785
FixedParameters: 0 0 0

#Transform 72
Transform: AffineTransform_float_3_3
Parameters: 0.999995 -0.000514685 0.00294328 0.00052077 0.999997 -0.00227694 -0.002943 0.00227906 0.999993 -0.0229904 0.0553984 -0.0927368
FixedParameters: 0 0 0

#Transform 73
Transform: AffineTransform_float_3_3
Parameters: 0.999994 -0.000732946 0.00318851 0.000739849 0.999997 -0.0022301 -0.00318731 0.0022329 0.999992 -0.0340155 0.0591307 -0.0930629
FixedParameters: 0 0 0

#Transform 74
Transform: AffineTransform_float_3_3
Parameters: 0.999995 -0.000466205 0.00315373 0.000474073 0.999997 -0.00223096 -0.00315286 0.00223203 0.999992 -0.0328265 0.0479227 -0.111001
FixedParameters: 0 0 0

#Transform 75
Transform: AffineTransform_float_3_3
Parameters: 0.999995 -0.000499616 0.00315761 0.000505135 0.999999 -0.00169886 -0.00315725 0.00170014 0.999993 -0.0338129 0.0344155 -0.133639
FixedParameters: 0 0 0

#Transform 76
Transform: AffineTransform_float_3_3
Parameters: 0.999995 -0.000357269 0.00313998 0.000365781 0.999996 -0.0028172 -0.00313879 0.0028188 0.999991 -0.0268083 0.0649555 -0.183397
FixedParameters: 0 0 0

#Transform 77
Transform: AffineTransform_float_3_3
Parameters: 0.999995 -0.000536243 0.00316268 0.000542898 0.999997 -0.00203261 -0.00316171 0.00203438 0.999993 -0.0173479 0.0346216 -0.160661
FixedParameters: 0 0 0

#Transform 78
Transform: AffineTransform_float_3_3
Parameters: 0.999994 -0.000466613 0.00337005 0.000475817 0.999996 -0.00272773 -0.00336832 0.00272927 0.999991 -0.0355224 0.0435363 -0.1636
FixedParameters: 0 0 0

#Transform 79
Transform: AffineTransform_float_3_3
Parameters: 0.999996 -0.000630439 0.00296816 0.000638798 0.999996 -0.00297571 -0.00296621 0.00297829 0.999991 -0.0333932 0.0780603 -0.16916
FixedParameters: 0 0 0

#Transform 80
Transform: AffineTransform_float_3_3
Parameters: 0.999993 -0.000615849 0.0034822 0.000624575 0.999997 -0.00257115 -0.00347985 0.00257285 0.999991 -0.0334934 0.0425538 -0.155241
FixedParameters: 0 0 0

#Transform 81
Transform: AffineTransform_float_3_3
Parameters: 0.999995 -0.000697841 0.00308552 0.000705754 0.999996 -0.00260928 -0.00308282 0.00261172 0.999992 -0.0395621 0.0642735 -0.159803
FixedParameters: 0 0 0

#Transform 82
Transform: AffineTransform_float_3_3
Parameters: 0.999994 -0.000592854 0.00319481 0.000601198 0.999997 -0.00258754 -0.00319268 0.00258946 0.999991 -0.0274783 0.0468343 -0.156911
FixedParameters: 0 0 0

#Transform 83
Transform: AffineTransform_float_3_3
Parameters: 0.999995 -0.00070851 0.00308508 0.000717289 0.999995 -0.00277025 -0.00308309 0.00277275 0.999991 -0.0306254 0.0512849 -0.130888
FixedParameters: 0 0 0

#Transform 84
Transform: AffineTransform_float_3_3
Parameters: 0.999994 -0.000797472 0.00336023 0.000804762 0.999997 -0.00217361 -0.00335883 0.00217639 0.999992 -0.0413053 0.0467286 -0.143762
FixedParameters: 0 0 0

#Transform 85
Transform: AffineTransform_float_3_3
Parameters: 0.999995 -0.00080435 0.00329134 0.000813686 0.999996 -0.00283179 -0.00328859 0.00283521 0.99999 -0.0361941 0.0446874 -0.147301
FixedParameters: 0 0 0

#Transform 86
Transform: AffineTransform_float_3_3
Parameters: 0.999994 -0.000814918 0.00322348 0.000822385 0.999997 -0.00229379 -0.0032218 0.00229621 0.999992 -0.0389888 0.0791829 -0.121478
FixedParameters: 0 0 0

#Transform 87
Transform: AffineTransform_float_3_3
Parameters: 0.999997 -0.000433955 0.00262911 0.000439074 0.999998 -0.00215344 -0.00262845 0.00215456 0.999995 -0.0123101 0.0473798 -0.09462
FixedParameters: 0 0 0

#Transform 88
Transform: AffineTransform_float_3_3
Parameters: 0.999996 -0.000883757 0.00270448 0.000888442 0.999997 -0.00185316 -0.00270354 0.00185484 0.999995 -0.0150707 0.0462536 -0.0382989
FixedParameters: 0 0 0

#Transform 89
Transform: AffineTransform_float_3_3
Parameters: 0.999995 -0.000865432 0.00285006 0.000870525 0.999998 -0.0016331 -0.0028487 0.0016359 0.999995 -0.0200369 0.0568056 -0.0472615
FixedParameters: 0 0 0

#Transform 90
Transform: AffineTransform_float_3_3
Parameters: 0.999996 -0.000895423 0.00261616 0.000900509 0.999998 -0.00177822 -0.00261444 0.00178077 0.999995 -0.016471 0.0668954 -0.0657006
FixedParameters: 0 0 0

#Transform 91
Transform: AffineTransform_float_3_3
Parameters: 0.999998 -0.000969165 0.00204239 0.000973785 0.999997 -0.00219584 -0.00204059 0.00219716 0.999995 -0.0087207 0.0352389 -0.0485357
FixedParameters: 0 0 0

#Transform 92
Transform: AffineTransform_float_3_3
Parameters: 0.999997 -0.000781675 0.00242466 0.000784968 0.999999 -0.00154882 -0.00242371 0.00155118 0.999996 -0.0146273 0.0906385 -0.0209086
FixedParameters: 0 0 0

#Transform 93
Transform: AffineTransform_float_3_3
Parameters: 0.999997 -0.000881738 0.0025035 0.000886604 0.999998 -0.00181448 -0.00250176 0.00181651 0.999995 -0.01883 0.0854728 -0.0222283
FixedParameters: 0 0 0

#Transform 94
Transform: AffineTransform_float_3_3
Parameters: 0.999996 -0.000613851 0.00249748 0.000619684 0.999997 -0.00241005 -0.00249573 0.00241195 0.999994 -0.0390111 0.0767604 -0.0320705
FixedParameters: 0 0 0

#Transform 95
Transform: AffineTransform_float_3_3
Parameters: 0.999994 -0.000730899 0.00339049 0.000734461 0.999999 -0.000981821 -0.00338966 0.000984178 0.999994 -0.041838 0.0651203 0.0426854
FixedParameters: 0 0 0

#Transform 96
Transform: AffineTransform_float_3_3
Parameters: 0.999995 -0.000929425 0.00294903 0.000933437 0.999998 -0.00156283 -0.00294747 0.00156617 0.999994 -0.0405478 0.0379459 -0.0110382
FixedParameters: 0 0 0

#Transform 97
Transform: AffineTransform_float_3_3
Parameters: 0.999995 -0.000739043 0.00288637 0.000743536 0.999998 -0.00187431 -0.0028858 0.00187669 0.999994 -0.0243571 0.0379689 -0.026877
FixedParameters: 0 0 0

#Transform 98
Transform: AffineTransform_float_3_3
Parameters: 0.999995 -0.00081675 0.00304205 0.000822655 0.999997 -0.00217394 -0.00304057 0.00217606 0.999993 -0.0250605 0.0692686 -0.0494297
FixedParameters: 0 0 0

#Transform 99
Transform: AffineTransform_float_3_3
Parameters: 0.999996 -0.000931496 0.00275272 0.000940509 0.999995 -0.00317112 -0.00274974 0.00317387 0.999991 -0.0386415 0.0849874 -0.0351869
FixedParameters: 0 0 0

#Transform 100
Transform: AffineTransform_float_3_3
Parameters: 0.999995 -0.00111255 0.00297923 0.00112187 0.999994 -0.00317023 -0.00297596 0.00317377 0.999991 -0.0268654 0.0595529 -0.0260247
FixedParameters: 0 0 0

#Transform 101
Transform: AffineTransform_float_3_3
Parameters: 0.999994 -0.00124132 0.00329329 0.0012483 0.999996 -0.00233932 -0.00329042 0.00234368 0.999992 -0.0234282 0.077553 0.0439511
FixedParameters: 0 0 0

#Transform 102
Transform: AffineTransform_float_3_3
Parameters: 0.999994 -0.00105422 0.0031187 0.00105853 0.999999 -0.00170627 -0.0031173 0.00170974 0.999994 -0.0207628 0.0395761 -0.294979
FixedParameters: 0 0 0

#Transform 103
Transform: AffineTransform_float_3_3
Parameters: 0.999991 -0.00207824 0.00349861 0.00208275 0.999997 -0.00126334 -0.0034958 0.00127066 0.999993 -0.0562512 0.356895 -0.766344
FixedParameters: 0 0 0

#Transform 104
Transform: AffineTransform_float_3_3
Parameters: 0.999998 -0.00109132 -0.00178463 0.00109751 0.999994 0.00329914 0.00178115 -0.00330086 0.999993 0.0978859 -0.0657218 0.636118
FixedParameters: 0 0 0

#Transform 105
Transform: AffineTransform_float_3_3
Parameters: 0.999998 -0.00169021 -0.000369773 0.00168929 0.999998 -0.000895769 0.000370815 0.000895233 1 0.0385611 0.0986655 0.226809
FixedParameters: 0 0 0

#Transform 106
Transform: AffineTransform_float_3_3
Parameters: 0.999997 -0.00235608 -0.000413248 0.00235571 0.999995 -0.00207039 0.000417788 0.00206961 0.999997 0.0687402 0.0383076 0.105988
FixedParameters: 0 0 0

#Transform 107
Transform: AffineTransform_float_3_3
Parameters: 0.999998 -0.00169035 0.000882858 0.00169342 0.999993 -0.00330562 -0.000877367 0.00330738 0.999994 0.0788449 0.0596739 0.0142133
FixedParameters: 0 0 0

#Transform 108
Transform: AffineTransform_float_3_3
Parameters: 0.999998 -0.00157908 0.000615671 0.00158169 0.999992 -0.00366814 -0.000610892 0.00366886 0.999993 0.0697097 0.0606806 -0.0139528
FixedParameters: 0 0 0

#Transform 109
Transform: AffineTransform_float_3_3
Parameters: 0.999999 -0.00171434 0.000662706 0.00171579 0.999993 -0.00308098 -0.000656841 0.00308202 0.999995 0.0652798 0.0325832 0.000240548
FixedParameters: 0 0 0

#Transform 110
Transform: AffineTransform_float_3_3
Parameters: 0.999999 -0.00166011 0.000777225 0.0016629 0.999995 -0.00285395 -0.000772572 0.00285505 0.999995 0.0510523 0.0642988 0.0380471
FixedParameters: 0 0 0

#Transform 111
Transform: AffineTransform_float_3_3
Parameters: 0.999999 -0.00149392 0.00104493 0.00149641 0.999994 -0.00286653 -0.00103994 0.00286746 0.999995 0.0593236 0.0836084 -0.111397
FixedParameters: 0 0 0

#Transform 112
Transform: AffineTransform_float_3_3
Parameters: 0.999997 -0.00194633 0.0009863 0.00194932 0.999994 -0.00291432 -0.000980639 0.00291668 0.999995 0.0523549 0.0698287 -0.0470938
FixedParameters: 0 0 0

#Transform 113
Transform: AffineTransform_float_3_3
Parameters: 0.999997 -0.00194023 0.00103214 0.0019436 0.999994 -0.00303124 -0.00102705 0.00303377 0.999995 0.0405204 0.089774 -0.030848
FixedParameters: 0 0 0

#Transform 114
Transform: AffineTransform_float_3_3
Parameters: 0.999998 -0.00193084 0.0011028 0.00193507 0.999993 -0.00317109 -0.00109624 0.0031729 0.999994 0.036583 0.0728911 -0.037776
FixedParameters: 0 0 0

#Transform 115
Transform: AffineTransform_float_3_3
Parameters: 0.999997 -0.00185807 0.0016638 0.00186289 0.999995 -0.00253498 -0.00165894 0.00253801 0.999995 0.0432878 0.0991846 0.0429797
FixedParameters: 0 0 0

#Transform 116
Transform: AffineTransform_float_3_3
Parameters: 0.999997 -0.00156345 0.00177284 0.00157028 0.999992 -0.00382418 -0.00176604 0.00382682 0.999992 0.0264462 0.104323 -0.00290213
FixedParameters: 0 0 0

#Transform 117
Transform: AffineTransform_float_3_3
Parameters: 0.999997 -0.00148997 0.00224621 0.00149811 0.999992 -0.0037796 -0.00224084 0.0037834 0.99999 0.0201957 0.0817394 -0.0149985
FixedParameters: 0 0 0

#Transform 118
Transform: AffineTransform_float_3_3
Parameters: 0.999996 -0.00179339 0.00213566 0.00180302 0.99999 -0.00412423 -0.00212787 0.00412777 0.999989 0.0256274 0.0824925 0.0047093
FixedParameters: 0 0 0

#Transform 119
Transform: AffineTransform_float_3_3
Parameters: 0.999997 -0.00140584 0.00206657 0.00141352 0.999992 -0.00372492 -0.00206113 0.00372808 0.999991 0.0276686 0.122476 -0.05218
FixedParameters: 0 0 0
