# transform file /out/sourcedata/freesurfer/sub-v1s19x0051299_ses-1/mri/transforms/cc_up.lta
# created by oesteban on Thu Mar 12 14:28:09 2026

type      = 0 # LINEAR_VOX_TO_VOX
nxforms   = 1
mean      = 128.0000 137.0000 127.0000
sigma     = 10000.0000
1 4 4
9.979889392852783e-01 -5.782264098525047e-02 -2.597468718886375e-02 1.114399719238281e+01 
5.780306831002235e-02 9.983268380165100e-01 -1.504442188888788e-03 1.030644178390503e+00 
2.601821906864643e-02 0.000000000000000e+00 9.996615052223206e-01 6.732630729675293e+00 
0.000000000000000e+00 0.000000000000000e+00 0.000000000000000e+00 1.000000000000000e+00 
src volume info
valid = 1  # volume info valid
filename = /out/sourcedata/freesurfer/sub-v1s19x0051299_ses-1/mri/norm.mgz
volume = 256 256 256
voxelsize = 1.000000000000000e+00 1.000000000000000e+00 1.000000000000000e+00
xras   = -1.000000000000000e+00 0.000000000000000e+00 0.000000000000000e+00
yras   = 0.000000000000000e+00 0.000000000000000e+00 -1.000000000000000e+00
zras   = 0.000000000000000e+00 1.000000000000000e+00 0.000000000000000e+00
cras   = 2.223205566406250e-02 -2.159652709960938e-01 1.066809082031250e+01
dst volume info
valid = 1  # volume info valid
filename = /out/sourcedata/freesurfer/sub-v1s19x0051299_ses-1/mri/norm.mgz
volume = 256 256 256
voxelsize = 1.000000000000000e+00 1.000000000000000e+00 1.000000000000000e+00
xras   = -1.000000000000000e+00 0.000000000000000e+00 0.000000000000000e+00
yras   = 0.000000000000000e+00 0.000000000000000e+00 -1.000000000000000e+00
zras   = 0.000000000000000e+00 1.000000000000000e+00 0.000000000000000e+00
cras   = 2.223205566406250e-02 -2.159652709960938e-01 1.066809082031250e+01
