#Insight Transform File V1.0
#Transform 0
Transform: AffineTransform_float_3_3
Parameters: 0.999999 0.000583722 -0.000685766 -0.00058239 0.999998 0.00191126 0.000687088 -0.00191135 0.999998 -0.051876 0.0694811 0.106621
FixedParameters: 0 0 0

#Transform 1
Transform: AffineTransform_float_3_3
Parameters: 0.999999 0.000582879 -0.000651261 -0.000581384 0.999997 0.00247447 0.000652187 -0.00247387 0.999996 -0.0384051 0.0337765 -0.0244662
FixedParameters: 0 0 0

#Transform 2
Transform: AffineTransform_float_3_3
Parameters: 0.999999 0.000885295 -0.00054318 -0.000884285 0.999995 0.0027953 0.000545075 -0.00279533 0.999996 -0.0381646 0.00557751 -0.0630643
FixedParameters: 0 0 0

#Transform 3
Transform: AffineTransform_float_3_3
Parameters: 1 0.000702979 0.00020359 -0.000703166 0.999998 0.00175308 -0.000202659 -0.00175336 0.999999 -0.0509878 0.0559694 -0.116137
FixedParameters: 0 0 0

#Transform 4
Transform: AffineTransform_float_3_3
Parameters: 0.999999 0.000848544 0.000993865 -0.000849381 0.999999 0.000860964 -0.000992705 -0.000861192 0.999999 -0.0734112 0.0763717 -0.0443876
FixedParameters: 0 0 0

#Transform 5
Transform: AffineTransform_float_3_3
Parameters: 1 0.000378585 6.02855e-05 -0.000378181 1 -0.00106031 -6.02895e-05 0.00106031 1 -0.0501006 0.235779 -0.0330191
FixedParameters: 0 0 0

#Transform 6
Transform: AffineTransform_float_3_3
Parameters: 0.999999 0.000810281 -0.00040093 -0.00080943 1 -0.000517316 0.000400701 0.00051745 1 -0.0409201 -0.0127597 -0.0416437
FixedParameters: 0 0 0

#Transform 7
Transform: AffineTransform_float_3_3
Parameters: 0.999999 0.000728539 -0.000371781 -0.000729114 0.999999 0.000493754 0.000372826 -0.000493269 1 -0.0356848 0.0911044 -0.060311
FixedParameters: 0 0 0

#Transform 8
Transform: AffineTransform_float_3_3
Parameters: 1 0.00052684 -0.000302391 -0.000526689 1 0.000249535 0.000302654 -0.000249216 1 -0.0427261 0.133733 -0.0895607
FixedParameters: 0 0 0

#Transform 9
Transform: AffineTransform_float_3_3
Parameters: 1 0.000646333 -3.11822e-05 -0.000646605 1 0.000807753 3.12918e-05 -0.000808374 0.999999 -0.0476054 0.0279514 -0.0754637
FixedParameters: 0 0 0

#Transform 10
Transform: AffineTransform_float_3_3
Parameters: 0.999999 0.000851851 0.000136723 -0.000852027 0.999999 0.000396635 -0.000136024 -0.000396083 1 -0.0550379 0.0933357 -0.106675
FixedParameters: 0 0 0

#Transform 11
Transform: AffineTransform_float_3_3
Parameters: 0.999999 0.00124893 -0.00101036 -0.00124729 0.999999 0.0010994 0.00101121 -0.00109837 0.999999 -0.0270783 0.0788263 -0.105019
FixedParameters: 0 0 0

#Transform 12
Transform: AffineTransform_float_3_3
Parameters: 0.999999 0.000752927 3.93608e-05 -0.000752993 1 -2.69041e-05 -3.93782e-05 2.76296e-05 1 -0.0463481 0.0863088 -0.134005
FixedParameters: 0 0 0

#Transform 13
Transform: AffineTransform_float_3_3
Parameters: 1 0.000459331 0.000294732 -0.000459617 0.999999 -0.00119182 -0.000295638 0.00119149 1 -0.0466142 0.192836 -0.143889
FixedParameters: 0 0 0

#Transform 14
Transform: AffineTransform_float_3_3
Parameters: 0.999999 0.000662674 0.000279842 -0.000662178 0.999999 -0.000310781 -0.000279318 0.000310455 1 -0.029393 0.0237431 -0.101501
FixedParameters: 0 0 0

#Transform 15
Transform: AffineTransform_float_3_3
Parameters: 0.999999 0.000660157 0.000505904 -0.000660096 0.999999 -0.0006734 -0.000505532 0.00067272 0.999999 -0.0428156 0.146989 -0.154092
FixedParameters: 0 0 0

#Transform 16
Transform: AffineTransform_float_3_3
Parameters: 0.999999 0.000715345 0.00045 -0.000715175 1 -0.000265512 -0.000450357 0.000265652 0.999999 -0.0366783 0.0998906 -0.155163
FixedParameters: 0 0 0

#Transform 17
Transform: AffineTransform_float_3_3
Parameters: 0.999999 0.00084233 -7.88561e-05 -0.000842117 1 -0.000694662 7.86215e-05 0.000694222 1 -0.0388612 0.105708 -0.14123
FixedParameters: 0 0 0

#Transform 18
Transform: AffineTransform_float_3_3
Parameters: 0.999999 0.00068083 -7.46754e-06 -0.000680571 0.999999 -0.00114383 6.70873e-06 0.00114388 1 -0.0309708 0.144763 -0.10085
FixedParameters: 0 0 0

#Transform 19
Transform: AffineTransform_float_3_3
Parameters: 0.999999 0.000974168 -0.000108137 -0.000974217 0.999999 -0.000226844 0.000107694 0.000227054 1 -0.0379295 -0.016429 0.0713228
FixedParameters: 0 0 0

#Transform 20
Transform: AffineTransform_float_3_3
Parameters: 1 -0.000101104 0.000263028 0.000101435 0.999998 0.00168769 -0.000262896 -0.00168754 0.999998 -0.0189687 -0.0287824 -0.00842368
FixedParameters: 0 0 0

#Transform 21
Transform: AffineTransform_float_3_3
Parameters: 0.999999 -0.000649284 -0.000552684 0.000650185 0.999999 0.000816267 0.000551623 -0.000816984 0.999999 0.0255034 0.141214 -0.237165
FixedParameters: 0 0 0

#Transform 22
Transform: AffineTransform_float_3_3
Parameters: 0.999998 0.00010504 -0.00206667 -0.000107639 0.999999 -0.00141279 0.00206614 0.0014131 0.999997 0.0521026 0.289842 -0.404084
FixedParameters: 0 0 0

#Transform 23
Transform: AffineTransform_float_3_3
Parameters: 0.999997 0.000304496 -0.00248845 -0.000308375 0.999999 -0.00150908 0.00248822 0.00150974 0.999996 -0.0124822 0.143267 -0.0480572
FixedParameters: 0 0 0

#Transform 24
Transform: AffineTransform_float_3_3
Parameters: 0.999998 8.05891e-05 -0.00191612 -8.29133e-05 0.999999 -0.00120049 0.00191618 0.00120079 0.999997 -0.00990039 0.171941 -0.136127
FixedParameters: 0 0 0

#Transform 25
Transform: AffineTransform_float_3_3
Parameters: 0.999998 0.000280022 -0.00228738 -0.00028229 1 -0.000742191 0.00228673 0.000742584 0.999997 -0.0283814 0.142946 -0.0169666
FixedParameters: 0 0 0

#Transform 26
Transform: AffineTransform_float_3_3
Parameters: 0.999997 0.000790524 -0.00250425 -0.000794419 0.999999 -0.00133242 0.00250343 0.00133486 0.999996 -0.0233164 0.141507 -0.0491684
FixedParameters: 0 0 0

#Transform 27
Transform: AffineTransform_float_3_3
Parameters: 0.999998 0.000718921 -0.00140604 -0.000721535 0.999998 -0.00197683 0.00140516 0.00197692 0.999997 -0.0173413 0.129905 -0.0865872
FixedParameters: 0 0 0

#Transform 28
Transform: AffineTransform_float_3_3
Parameters: 0.999999 0.000709902 -0.00122527 -0.000711476 0.999998 -0.00131816 0.00122492 0.00131926 0.999998 -0.0193621 0.124345 -0.0878094
FixedParameters: 0 0 0

#Transform 29
Transform: AffineTransform_float_3_3
Parameters: 0.999999 0.000929266 -0.00157054 -0.000931625 0.999999 -0.000889731 0.00156993 0.000891916 0.999998 -0.00150104 0.063735 -0.1296
FixedParameters: 0 0 0

#Transform 30
Transform: AffineTransform_float_3_3
Parameters: 0.999999 0.000853405 -0.000998376 -0.000854019 0.999999 -0.000975725 0.000997295 0.000976745 0.999999 -0.0123618 0.0952646 -0.197573
FixedParameters: 0 0 0

#Transform 31
Transform: AffineTransform_float_3_3
Parameters: 1 0.000724351 -0.000724389 -0.00072593 0.999998 -0.00136079 0.000723327 0.0013611 0.999999 -0.00573629 0.12252 -0.233932
FixedParameters: 0 0 0

#Transform 32
Transform: AffineTransform_float_3_3
Parameters: 1 0.000342695 -0.000900887 -0.000345548 0.999997 -0.00245189 0.000900447 0.00245187 0.999997 -0.02147 0.132994 -0.17083
FixedParameters: 0 0 0

#Transform 33
Transform: AffineTransform_float_3_3
Parameters: 1 -0.000179632 -0.000597273 0.000178277 0.999999 -0.00184381 0.000597333 0.00184365 0.999998 -0.0454537 0.0670701 0.133496
FixedParameters: 0 0 0

#Transform 34
Transform: AffineTransform_float_3_3
Parameters: 0.999998 0.000737277 -0.0018693 -0.000723542 0.999971 0.00755575 0.00187464 -0.00755423 0.999969 -0.0605754 -0.0489574 0.803007
FixedParameters: 0 0 0

#Transform 35
Transform: AffineTransform_float_3_3
Parameters: 1 -0.000433325 -0.000681394 0.00044052 0.999939 0.0110655 0.00067676 -0.0110655 0.999938 -0.114806 0.157772 0.578903
FixedParameters: 0 0 0

#Transform 36
Transform: AffineTransform_float_3_3
Parameters: 1 -0.000333371 0.000829334 0.000330377 0.999991 0.00408761 -0.00083024 -0.00408673 0.999991 -0.126356 0.00917166 0.657499
FixedParameters: 0 0 0

#Transform 37
Transform: AffineTransform_float_3_3
Parameters: 1 -0.00070073 0.000957534 0.000700289 1 0.000747079 -0.000958769 -0.000746293 0.999999 -0.0870633 -0.114213 0.585717
FixedParameters: 0 0 0

#Transform 38
Transform: AffineTransform_float_3_3
Parameters: 0.999996 -0.00172862 0.0020203 0.0017439 0.99997 -0.00756012 -0.00200789 0.00756425 0.99997 -0.0428267 0.079127 0.241604
FixedParameters: 0 0 0

#Transform 39
Transform: AffineTransform_float_3_3
Parameters: 0.999999 -0.000421384 0.00133637 0.000447516 0.999806 -0.0196766 -0.00132822 0.0196764 0.999805 -0.0931465 0.351763 0.0603195
FixedParameters: 0 0 0

#Transform 40
Transform: AffineTransform_float_3_3
Parameters: 0.999999 0.00105805 -0.000847033 -0.00106729 0.99994 -0.0109577 0.000834871 0.0109586 0.99994 -0.147047 0.32323 -0.0349821
FixedParameters: 0 0 0

#Transform 41
Transform: AffineTransform_float_3_3
Parameters: 1 -7.89269e-05 0.00064815 8.40946e-05 0.999964 -0.00840029 -0.00064807 0.00840009 0.999964 -0.0916221 0.222067 0.1496
FixedParameters: 0 0 0

#Transform 42
Transform: AffineTransform_float_3_3
Parameters: 1 -0.000479852 0.000486881 0.000483302 0.999967 -0.0080827 -0.000482633 0.00808289 0.999967 -0.0509209 0.289384 0.0218043
FixedParameters: 0 0 0

#Transform 43
Transform: AffineTransform_float_3_3
Parameters: 0.999999 -0.000729217 0.00157002 0.000740178 0.999972 -0.0074411 -0.00156433 0.00744314 0.999971 -0.0761145 0.171206 -0.0217131
FixedParameters: 0 0 0

#Transform 44
Transform: AffineTransform_float_3_3
Parameters: 0.999998 -0.000835969 0.00208963 0.000851101 0.99997 -0.00771342 -0.00208369 0.00771474 0.999968 -0.0873373 0.218041 -0.0634304
FixedParameters: 0 0 0

#Transform 45
Transform: AffineTransform_float_3_3
Parameters: 0.999996 -0.000529278 0.00294319 0.000551075 0.99997 -0.00765345 -0.00293867 0.00765452 0.999966 -0.10565 0.250015 0.000643969
FixedParameters: 0 0 0

#Transform 46
Transform: AffineTransform_float_3_3
Parameters: 0.99999 -0.00146631 0.00415722 0.00150869 0.999945 -0.0103736 -0.0041415 0.0103796 0.999938 -0.135751 0.304376 0.0881641
FixedParameters: 0 0 0

#Transform 47
Transform: AffineTransform_float_3_3
Parameters: 0.999988 -0.00145957 0.00451477 0.00150418 0.99995 -0.00990232 -0.00450051 0.00990918 0.999941 -0.142138 0.228018 0.0921008
FixedParameters: 0 0 0

#Transform 48
Transform: AffineTransform_float_3_3
Parameters: 0.99999 -0.00156164 0.00412939 0.00159971 0.999956 -0.00927771 -0.00411518 0.0092842 0.999948 -0.132416 0.175018 0.0897631
FixedParameters: 0 0 0

#Transform 49
Transform: AffineTransform_float_3_3
Parameters: 0.999992 -0.0012122 0.00387982 0.00125035 0.99995 -0.0099008 -0.00386741 0.00990609 0.999943 -0.134026 0.264542 0.0637625
FixedParameters: 0 0 0

#Transform 50
Transform: AffineTransform_float_3_3
Parameters: 0.999993 -0.00104622 0.00348225 0.00107901 0.999955 -0.00942577 -0.00347244 0.00942951 0.999949 -0.13035 0.22088 0.0568307
FixedParameters: 0 0 0

#Transform 51
Transform: AffineTransform_float_3_3
Parameters: 0.999993 -0.00093149 0.00348015 0.000966094 0.999951 -0.00980672 -0.00347105 0.00981025 0.999946 -0.124934 0.246109 0.031881
FixedParameters: 0 0 0

#Transform 52
Transform: AffineTransform_float_3_3
Parameters: 0.999993 -0.000855081 0.00346151 0.000888935 0.999951 -0.00989296 -0.00345358 0.00989586 0.999946 -0.137374 0.264075 0.049655
FixedParameters: 0 0 0

#Transform 53
Transform: AffineTransform_float_3_3
Parameters: 0.999996 -0.000316852 0.00285975 0.000344502 0.999953 -0.00966162 -0.00285731 0.00966256 0.99995 -0.15071 0.286523 0.0776539
FixedParameters: 0 0 0

#Transform 54
Transform: AffineTransform_float_3_3
Parameters: 0.999999 0.000898322 0.00132003 -0.000891467 0.999986 -0.00519618 -0.0013246 0.00519429 0.999985 -0.163119 0.177296 0.153502
FixedParameters: 0 0 0

#Transform 55
Transform: AffineTransform_float_3_3
Parameters: 0.999997 0.00106439 -0.00217654 -0.00110969 0.999781 -0.0209351 0.00215438 0.0209378 0.999779 -0.152304 0.517743 -0.209722
FixedParameters: 0 0 0

#Transform 56
Transform: AffineTransform_float_3_3
Parameters: 0.999996 0.00258376 -0.00120452 -0.00257894 0.999989 0.00396874 0.00121422 -0.00396491 0.999991 -0.155204 0.0299796 1.5193
FixedParameters: 0 0 0

#Transform 57
Transform: AffineTransform_float_3_3
Parameters: 0.999996 -0.000124411 0.0028463 0.000151275 0.999956 -0.00938533 -0.00284442 0.00938548 0.999952 -0.145469 0.300012 0.237176
FixedParameters: 0 0 0

#Transform 58
Transform: AffineTransform_float_3_3
Parameters: 0.999997 0.000317861 0.00275157 -0.000295334 0.999965 -0.00832239 -0.00275384 0.00832113 0.999961 -0.139207 0.249524 0.298586
FixedParameters: 0 0 0

#Transform 59
Transform: AffineTransform_float_3_3
Parameters: 0.999999 0.00148925 0.00079187 -0.00148579 0.99999 -0.00421901 -0.00079809 0.00421756 0.999991 -0.121974 0.103294 0.274957
FixedParameters: 0 0 0

#Transform 60
Transform: AffineTransform_float_3_3
Parameters: 0.999999 0.00133238 0.000551564 -0.0013293 0.999976 -0.00671293 -0.000560511 0.0067116 0.999977 -0.117055 0.192481 0.178165
FixedParameters: 0 0 0

#Transform 61
Transform: AffineTransform_float_3_3
Parameters: 0.999999 0.00082165 0.00130899 -0.000809646 0.999963 -0.00855377 -0.00131631 0.00855198 0.999962 -0.123034 0.169102 0.0584082
FixedParameters: 0 0 0

#Transform 62
Transform: AffineTransform_float_3_3
Parameters: 0.999998 0.00111726 0.00153096 -0.00110444 0.999964 -0.00841487 -0.00154109 0.00841307 0.999964 -0.129299 0.221924 0.0513691
FixedParameters: 0 0 0

#Transform 63
Transform: AffineTransform_float_3_3
Parameters: 0.999997 0.000998423 0.00209529 -0.000980841 0.999965 -0.00831506 -0.00210363 0.00831204 0.999964 -0.143441 0.203574 0.0910013
FixedParameters: 0 0 0

#Transform 64
Transform: AffineTransform_float_3_3
Parameters: 0.999998 0.000198068 0.00174454 -0.000183531 0.999963 -0.00853139 -0.00174611 0.00853107 0.999962 -0.119427 0.23373 0.142088
FixedParameters: 0 0 0

#Transform 65
Transform: AffineTransform_float_3_3
Parameters: 0.999999 0.00017869 0.00135362 -0.000166911 0.999965 -0.00843053 -0.00135493 0.00842945 0.999963 -0.116821 0.233845 0.132105
FixedParameters: 0 0 0

#Transform 66
Transform: AffineTransform_float_3_3
Parameters: 0.999999 0.000577929 0.00127386 -0.000567913 0.999968 -0.0079541 -0.00127894 0.00795292 0.999967 -0.124183 0.21333 0.143918
FixedParameters: 0 0 0

#Transform 67
Transform: AffineTransform_float_3_3
Parameters: 0.999998 0.000256992 0.00167514 -0.000245044 0.999973 -0.00742357 -0.00167659 0.0074226 0.999971 -0.120357 0.149836 0.140826
FixedParameters: 0 0 0

#Transform 68
Transform: AffineTransform_float_3_3
Parameters: 0.999998 0.000372367 0.00156739 -0.000360213 0.999971 -0.00764349 -0.00157036 0.00764372 0.99997 -0.113377 0.197692 0.0899538
FixedParameters: 0 0 0

#Transform 69
Transform: AffineTransform_float_3_3
Parameters: 0.999998 8.53345e-05 0.00205624 -6.93864e-05 0.99997 -0.00773702 -0.0020576 0.00773694 0.999968 -0.125097 0.213023 0.158297
FixedParameters: 0 0 0

#Transform 70
Transform: AffineTransform_float_3_3
Parameters: 0.999996 0.000143512 0.00268268 -0.000123379 0.999971 -0.00764886 -0.00268419 0.00764867 0.999967 -0.132441 0.185934 0.128629
FixedParameters: 0 0 0

#Transform 71
Transform: AffineTransform_float_3_3
Parameters: 0.999997 -9.23531e-06 0.0022414 2.62914e-05 0.999971 -0.00760351 -0.00224178 0.00760295 0.999968 -0.125868 0.19103 0.175895
FixedParameters: 0 0 0

#Transform 72
Transform: AffineTransform_float_3_3
Parameters: 0.999997 0.000212177 0.00216299 -0.000195482 0.999971 -0.00767027 -0.00216501 0.00766962 0.999968 -0.123956 0.20143 0.161157
FixedParameters: 0 0 0

#Transform 73
Transform: AffineTransform_float_3_3
Parameters: 0.999998 0.00045563 0.00193602 -0.000442434 0.999976 -0.00695498 -0.0019391 0.00695447 0.999974 -0.120496 0.173151 0.180877
FixedParameters: 0 0 0

#Transform 74
Transform: AffineTransform_float_3_3
Parameters: 0.999998 0.000436134 0.00208397 -0.000422002 0.999977 -0.00673547 -0.00208741 0.00673408 0.999975 -0.139167 0.00794316 0.328168
FixedParameters: 0 0 0

#Transform 75
Transform: AffineTransform_float_3_3
Parameters: 0.999998 0.000324836 0.00199396 -0.000312184 0.999981 -0.00615118 -0.00199564 0.00615044 0.999979 -0.132193 0.289994 0.128634
FixedParameters: 0 0 0

#Transform 76
Transform: AffineTransform_float_3_3
Parameters: 0.999999 0.000970166 0.000853648 -0.000964644 0.999979 -0.0063197 -0.000859624 0.00631868 0.99998 -0.121856 0.252583 0.1289
FixedParameters: 0 0 0

#Transform 77
Transform: AffineTransform_float_3_3
Parameters: 0.999999 0.0010752 0.00100353 -0.00106822 0.999976 -0.00696428 -0.00101116 0.00696268 0.999976 -0.140084 0.242699 0.0250632
FixedParameters: 0 0 0

#Transform 78
Transform: AffineTransform_float_3_3
Parameters: 1 0.000594086 0.000932388 -0.000589306 0.99999 -0.00428907 -0.000934587 0.00428846 0.999991 -0.0913607 0.0795433 0.188867
FixedParameters: 0 0 0

#Transform 79
Transform: AffineTransform_float_3_3
Parameters: 0.999998 9.47129e-05 0.00209936 -8.17381e-05 0.999982 -0.00605815 -0.00210008 0.00605744 0.99998 -0.14618 0.226757 0.297011
FixedParameters: 0 0 0

#Transform 80
Transform: AffineTransform_float_3_3
Parameters: 0.999995 -7.21896e-05 0.00305949 9.18358e-05 0.99998 -0.0063457 -0.00305922 0.00634661 0.999975 -0.16125 0.128099 0.319186
FixedParameters: 0 0 0

#Transform 81
Transform: AffineTransform_float_3_3
Parameters: 0.999994 -0.000181222 0.00333428 0.000202139 0.999981 -0.00616966 -0.00333308 0.00616968 0.999975 -0.162012 0.183233 0.250755
FixedParameters: 0 0 0

#Transform 82
Transform: AffineTransform_float_3_3
Parameters: 0.999997 0.000427909 0.00239331 -0.000410403 0.999972 -0.00739713 -0.00239641 0.0073959 0.99997 -0.161479 0.222423 0.192802
FixedParameters: 0 0 0

#Transform 83
Transform: AffineTransform_float_3_3
Parameters: 0.999999 0.000621392 0.00124635 -0.000612666 0.999974 -0.00712429 -0.0012506 0.00712373 0.999974 -0.145145 0.205049 0.224359
FixedParameters: 0 0 0

#Transform 84
Transform: AffineTransform_float_3_3
Parameters: 1 0.000881037 0.000340337 -0.000879476 0.999975 -0.00695485 -0.000346617 0.00695424 0.999976 -0.128926 0.220199 0.22079
FixedParameters: 0 0 0

#Transform 85
Transform: AffineTransform_float_3_3
Parameters: 0.999997 0.00198635 -0.000856065 -0.00199123 0.999981 -0.00591027 0.000844479 0.00591187 0.999982 -0.145008 0.208946 0.210287
FixedParameters: 0 0 0

#Transform 86
Transform: AffineTransform_float_3_3
Parameters: 0.999997 0.00185195 -0.00105911 -0.00185862 0.999976 -0.00672229 0.00104646 0.00672442 0.999977 -0.146625 0.207602 0.225585
FixedParameters: 0 0 0

#Transform 87
Transform: AffineTransform_float_3_3
Parameters: 0.999999 0.00144438 -0.000409301 -0.0014474 0.999977 -0.00664001 0.000399984 0.00664041 0.999978 -0.134497 0.19065 0.251937
FixedParameters: 0 0 0

#Transform 88
Transform: AffineTransform_float_3_3
Parameters: 0.999998 0.00145771 -0.000828774 -0.00146302 0.999983 -0.00573692 0.000820998 0.00573864 0.999983 -0.135794 0.196939 0.257066
FixedParameters: 0 0 0

#Transform 89
Transform: AffineTransform_float_3_3
Parameters: 0.999997 0.00181723 -0.00130876 -0.00182488 0.999983 -0.00555745 0.00129897 0.00556032 0.999984 -0.122463 0.193364 0.233053
FixedParameters: 0 0 0

#Transform 90
Transform: AffineTransform_float_3_3
Parameters: 0.999999 0.00174488 -0.000733676 -0.00174876 0.999982 -0.00576827 0.000723575 0.00577018 0.999983 -0.125661 0.153058 0.234898
FixedParameters: 0 0 0

#Transform 91
Transform: AffineTransform_float_3_3
Parameters: 0.999997 0.0017441 -0.00125929 -0.00175234 0.999979 -0.00621615 0.00124946 0.00621874 0.999979 -0.1318 0.192805 0.230552
FixedParameters: 0 0 0

#Transform 92
Transform: AffineTransform_float_3_3
Parameters: 0.999997 0.00178077 -0.00170946 -0.00179291 0.999975 -0.00673762 0.00169772 0.00674059 0.999976 -0.127575 0.233806 0.295915
FixedParameters: 0 0 0

#Transform 93
Transform: AffineTransform_float_3_3
Parameters: 0.999998 0.00182005 -0.00103573 -0.00182606 0.999982 -0.00575917 0.00102537 0.00576099 0.999983 -0.129044 0.107731 0.273282
FixedParameters: 0 0 0

#Transform 94
Transform: AffineTransform_float_3_3
Parameters: 0.999998 0.00153148 -0.000854508 -0.00153647 0.99998 -0.00610928 0.000845058 0.00611051 0.999981 -0.117183 0.199754 0.273019
FixedParameters: 0 0 0

#Transform 95
Transform: AffineTransform_float_3_3
Parameters: 0.999999 0.00165285 -0.00082143 -0.00165822 0.999979 -0.00636686 0.000811861 0.00636839 0.999979 -0.127232 0.214195 0.19845
FixedParameters: 0 0 0

#Transform 96
Transform: AffineTransform_float_3_3
Parameters: 0.999999 0.00135217 0.00033093 -0.00134982 0.999971 -0.00759278 -0.000340865 0.00759158 0.999971 -0.141656 0.164781 0.200527
FixedParameters: 0 0 0

#Transform 97
Transform: AffineTransform_float_3_3
Parameters: 0.999999 0.000834971 0.00118968 -0.000826683 0.999972 -0.00743862 -0.00119558 0.00743702 0.999972 -0.153687 0.23679 0.187801
FixedParameters: 0 0 0

#Transform 98
Transform: AffineTransform_float_3_3
Parameters: 0.999999 0.00089029 0.00100552 -0.000883157 0.99997 -0.00761713 -0.0010121 0.00761582 0.99997 -0.113857 0.168533 0.165374
FixedParameters: 0 0 0

#Transform 99
Transform: AffineTransform_float_3_3
Parameters: 0.999998 0.000938752 0.00164758 -0.000925831 0.999966 -0.00821224 -0.00165467 0.00821068 0.999965 -0.1144 0.211617 0.0965366
FixedParameters: 0 0 0

#Transform 100
Transform: AffineTransform_float_3_3
Parameters: 0.999996 0.000747352 0.00247724 -0.000727427 0.999967 -0.00807669 -0.00248306 0.00807454 0.999965 -0.128245 0.200593 0.10043
FixedParameters: 0 0 0

#Transform 101
Transform: AffineTransform_float_3_3
Parameters: 0.999998 0.00135881 0.00148414 -0.0013486 0.999973 -0.00724491 -0.00149319 0.00724341 0.999973 -0.132443 0.19437 0.101729
FixedParameters: 0 0 0

#Transform 102
Transform: AffineTransform_float_3_3
Parameters: 0.999998 0.00116259 0.00143903 -0.00115297 0.999974 -0.00713984 -0.00144722 0.00713822 0.999974 -0.148821 0.169144 0.174281
FixedParameters: 0 0 0

#Transform 103
Transform: AffineTransform_float_3_3
Parameters: 0.999998 0.000869256 0.00171192 -0.000856458 0.99997 -0.00772763 -0.00171868 0.00772617 0.999968 -0.155243 0.227431 0.175767
FixedParameters: 0 0 0

#Transform 104
Transform: AffineTransform_float_3_3
Parameters: 0.999998 0.000654769 0.00197095 -0.000637942 0.999965 -0.00835078 -0.00197629 0.00834939 0.999963 -0.132826 0.246577 0.226306
FixedParameters: 0 0 0

#Transform 105
Transform: AffineTransform_float_3_3
Parameters: 0.999997 0.000353438 0.00251061 -0.000329562 0.999956 -0.00935319 -0.00251366 0.00935196 0.999953 -0.136025 0.220767 0.319423
FixedParameters: 0 0 0

#Transform 106
Transform: AffineTransform_float_3_3
Parameters: 0.999995 0.000185154 0.00303326 -0.000156918 0.999957 -0.00923637 -0.00303445 0.00923607 0.999952 -0.148868 0.208588 0.326342
FixedParameters: 0 0 0

#Transform 107
Transform: AffineTransform_float_3_3
Parameters: 0.999996 1.70758e-05 0.00293727 1.18388e-05 0.999951 -0.00990864 -0.0029368 0.00990784 0.999946 -0.131952 0.26365 0.316326
FixedParameters: 0 0 0

#Transform 108
Transform: AffineTransform_float_3_3
Parameters: 0.999995 2.47364e-05 0.00300567 5.80687e-06 0.999949 -0.0101338 -0.00300543 0.0101335 0.999944 -0.132502 0.242943 0.309941
FixedParameters: 0 0 0

#Transform 109
Transform: AffineTransform_float_3_3
Parameters: 0.999995 0.000198021 0.00306258 -0.00017019 0.999959 -0.00907387 -0.00306381 0.00907411 0.999954 -0.136418 0.255544 0.266998
FixedParameters: 0 0 0

#Transform 110
Transform: AffineTransform_float_3_3
Parameters: 0.999993 4.47751e-05 0.00365694 -1.42864e-05 0.999964 -0.00847583 -0.00365746 0.00847569 0.999958 -0.138935 0.196704 0.200229
FixedParameters: 0 0 0

#Transform 111
Transform: AffineTransform_float_3_3
Parameters: 0.999994 0.000177439 0.00347723 -0.000147745 0.999966 -0.0082793 -0.00347864 0.0082779 0.99996 -0.144013 0.203038 0.192455
FixedParameters: 0 0 0

#Transform 112
Transform: AffineTransform_float_3_3
Parameters: 0.999993 0.00015601 0.00374288 -0.000123884 0.999962 -0.00872357 -0.00374387 0.00872331 0.999955 -0.159807 0.205619 0.185593
FixedParameters: 0 0 0

#Transform 113
Transform: AffineTransform_float_3_3
Parameters: 0.999994 0.000172409 0.00372533 -0.000140875 0.999964 -0.00854568 -0.00372661 0.00854537 0.999956 -0.159018 0.207927 0.175738
FixedParameters: 0 0 0

#Transform 114
Transform: AffineTransform_float_3_3
Parameters: 0.999993 0.00013268 0.00367914 -9.85586e-05 0.999958 -0.00916838 -0.00368052 0.00916752 0.999952 -0.155888 0.26198 0.127616
FixedParameters: 0 0 0

#Transform 115
Transform: AffineTransform_float_3_3
Parameters: 0.999993 8.39956e-05 0.00382458 -5.09328e-05 0.999963 -0.00856355 -0.00382543 0.00856367 0.999956 -0.159368 0.232193 0.142851
FixedParameters: 0 0 0

#Transform 116
Transform: AffineTransform_float_3_3
Parameters: 0.999993 0.00019356 0.00376455 -0.000160279 0.999961 -0.00878145 -0.00376543 0.00878078 0.999955 -0.144139 0.165298 0.196941
FixedParameters: 0 0 0

#Transform 117
Transform: AffineTransform_float_3_3
Parameters: 0.999992 -7.68011e-05 0.00401154 0.000112731 0.999958 -0.00909484 -0.00401078 0.00909512 0.999951 -0.145913 0.245498 0.161923
FixedParameters: 0 0 0

#Transform 118
Transform: AffineTransform_float_3_3
Parameters: 0.99999 0.000268969 0.00439042 -0.000229644 0.999961 -0.00878345 -0.0043919 0.00878205 0.999952 -0.152021 0.206584 0.130529
FixedParameters: 0 0 0

#Transform 119
Transform: AffineTransform_float_3_3
Parameters: 0.999991 8.57881e-05 0.00429548 -4.70191e-05 0.999959 -0.00899427 -0.00429578 0.00899378 0.99995 -0.159027 0.235141 0.136193
FixedParameters: 0 0 0
