#Insight Transform File V1.0
#Transform 0
Transform: AffineTransform_float_3_3
Parameters: 0.999999 -0.000264576 0.00175743 0.000263401 1 0.000467905 -0.00175679 -0.000468095 0.999999 0.0077752 -0.0462997 0.14435
FixedParameters: 0 0 0

#Transform 1
Transform: AffineTransform_float_3_3
Parameters: 0.999998 -0.000164752 0.00170498 0.000164974 0.999999 -6.48635e-05 -0.00170496 6.51363e-05 0.999999 -0.00140198 -0.0217963 0.113228
FixedParameters: 0 0 0

#Transform 2
Transform: AffineTransform_float_3_3
Parameters: 0.999999 5.83265e-05 0.00138669 -5.94594e-05 1 0.000408553 -0.00138664 -0.000408446 0.999999 -0.00730875 -0.0277696 0.106395
FixedParameters: 0 0 0

#Transform 3
Transform: AffineTransform_float_3_3
Parameters: 0.999999 -5.60445e-05 0.00109118 5.65988e-05 1 -0.000253938 -0.00109115 0.000254061 0.999999 0.00425543 -0.0105085 0.133639
FixedParameters: 0 0 0

#Transform 4
Transform: AffineTransform_float_3_3
Parameters: 0.999999 5.52035e-05 0.00090496 -5.54479e-05 1 0.00013495 -0.000904945 -0.00013505 0.999999 0.0116354 -0.0394751 0.106762
FixedParameters: 0 0 0

#Transform 5
Transform: AffineTransform_float_3_3
Parameters: 0.999999 -1.78191e-05 0.000824919 1.77976e-05 1 1.30147e-05 -0.000824919 -1.29853e-05 0.999999 0.0134035 -0.0203968 0.0503048
FixedParameters: 0 0 0

#Transform 6
Transform: AffineTransform_float_3_3
Parameters: 1 0.000339279 0.000612399 -0.000339171 1 -8.82077e-05 -0.000612459 8.77922e-05 1 0.00912836 -0.00678995 0.0754252
FixedParameters: 0 0 0

#Transform 7
Transform: AffineTransform_float_3_3
Parameters: 1 0.000273946 0.000489712 -0.000273991 1 4.58658e-05 -0.000489687 -4.61341e-05 1 -0.00775694 0.00360705 0.0580489
FixedParameters: 0 0 0

#Transform 8
Transform: AffineTransform_float_3_3
Parameters: 1 0.000167196 0.000478514 -0.00016724 1 4.592e-05 -0.000478498 -4.608e-05 1 -0.00969026 0.00881258 0.0535994
FixedParameters: 0 0 0

#Transform 9
Transform: AffineTransform_float_3_3
Parameters: 1 0.000222323 0.000569265 -0.000222237 1 -7.51265e-05 -0.000569298 7.48734e-05 1 -0.0119747 -0.010946 0.0674714
FixedParameters: 0 0 0

#Transform 10
Transform: AffineTransform_float_3_3
Parameters: 1 1.90441e-05 1.02627e-05 -1.90476e-05 1 0.000171 -1.02561e-05 -0.000171 1 0.00282271 -0.00315183 0.0414624
FixedParameters: 0 0 0

#Transform 11
Transform: AffineTransform_float_3_3
Parameters: 1 0.000136429 0.000230987 -0.000136398 1 -6.80315e-05 -0.000231006 6.79685e-05 1 -0.00272453 0.00637797 0.0336644
FixedParameters: 0 0 0

#Transform 12
Transform: AffineTransform_float_3_3
Parameters: 1 1.90497e-05 1.02522e-05 -1.9042e-05 1 -0.000379 -1.02666e-05 0.000379 1 -0.0164501 0.0143201 0.0228256
FixedParameters: 0 0 0

#Transform 13
Transform: AffineTransform_float_3_3
Parameters: 1 -4.09982e-05 -0.000102777 4.10948e-05 1 0.000469996 0.000102739 -0.000470004 1 -0.013614 -0.0123681 -0.0204833
FixedParameters: 0 0 0

#Transform 14
Transform: AffineTransform_float_3_3
Parameters: 1 1.90459e-05 1.02592e-05 -1.90458e-05 1 -8.0002e-06 -1.02596e-05 7.9998e-06 1 -0.0119361 0.0239274 0.00699047
FixedParameters: 0 0 0

#Transform 15
Transform: AffineTransform_float_3_3
Parameters: 1 -2.69669e-05 -7.62679e-05 2.69579e-05 1 -5.90021e-05 7.62711e-05 5.89979e-05 1 -0.0142527 0.0408222 0.030295
FixedParameters: 0 0 0

#Transform 16
Transform: AffineTransform_float_3_3
Parameters: 1 2.3272e-05 1.82048e-05 -2.32702e-05 1 -4.80004e-05 -1.8207e-05 4.79996e-05 1 -0.0102691 0.0144272 0.0257802
FixedParameters: 0 0 0

#Transform 17
Transform: AffineTransform_float_3_3
Parameters: 1 1.20034e-05 -2.98636e-06 -1.20042e-05 1 -0.000129 2.98327e-06 0.000129 1 -0.0160885 0.0284282 0.010744
FixedParameters: 0 0 0

#Transform 18
Transform: AffineTransform_float_3_3
Parameters: 1 8.71877e-06 -9.16423e-06 -8.7162e-06 1 0.00014 9.16667e-06 -0.00014 1 -0.00227826 0.023027 0.0108642
FixedParameters: 0 0 0

#Transform 19
Transform: AffineTransform_float_3_3
Parameters: 1 1.38817e-05 5.45503e-07 -1.38816e-05 1 -0.000106 -5.48446e-07 0.000106 1 0.0141539 0.0265942 0.00659517
FixedParameters: 0 0 0

#Transform 20
Transform: AffineTransform_float_3_3
Parameters: 1 -0.000238177 -0.00047362 0.000238272 1 9.98872e-05 0.000473572 -0.000100113 1 -0.0042776 -0.00192557 0.00151559
FixedParameters: 0 0 0

#Transform 21
Transform: AffineTransform_float_3_3
Parameters: 1 -0.000238203 -0.000473607 0.000238246 1 4.58872e-05 0.000473585 -4.61128e-05 1 0.00227445 0.0177452 -0.0190332
FixedParameters: 0 0 0

#Transform 22
Transform: AffineTransform_float_3_3
Parameters: 1 -0.000317969 -0.00062373 0.0003181 1 0.000104802 0.000623663 -0.000105198 1 0.00951057 0.0210158 -0.0430243
FixedParameters: 0 0 0

#Transform 23
Transform: AffineTransform_float_3_3
Parameters: 1 -0.000238203 -0.000473607 0.000238246 1 4.58872e-05 0.000473585 -4.61128e-05 1 -0.00426895 0.035654 -0.0504208
FixedParameters: 0 0 0

#Transform 24
Transform: AffineTransform_float_3_3
Parameters: 1 1.24309e-05 -0.00052416 -1.23072e-05 1 0.000118006 0.000524163 -0.000117993 1 -0.000837791 0.0249134 -0.0131763
FixedParameters: 0 0 0

#Transform 25
Transform: AffineTransform_float_3_3
Parameters: 1 0.000169733 0.000293693 -0.00016976 1 4.59501e-05 -0.000293678 -4.60498e-05 1 -0.0594477 0.0309548 -0.00774186
FixedParameters: 0 0 0

#Transform 26
Transform: AffineTransform_float_3_3
Parameters: 1 0.000190309 0.000168367 -0.000190324 1 4.5968e-05 -0.00016835 -4.6032e-05 1 -0.0559204 0.0361727 0.00495901
FixedParameters: 0 0 0

#Transform 27
Transform: AffineTransform_float_3_3
Parameters: 1 3.50233e-05 4.02662e-05 -3.49925e-05 1 -0.000383001 -4.0293e-05 0.000382999 1 -0.0570578 0.042833 -0.00839266
FixedParameters: 0 0 0

#Transform 28
Transform: AffineTransform_float_3_3
Parameters: 1 0.000227466 -6.2155e-05 -0.000227515 1 -0.000394986 6.19753e-05 0.000395014 1 -0.0455317 0.0183591 -0.00970151
FixedParameters: 0 0 0

#Transform 29
Transform: AffineTransform_float_3_3
Parameters: 1 0.000360767 -0.000133086 -0.000360394 1 -0.000360952 0.000133708 0.000361048 1 -0.031808 0.0172289 0.00983248
FixedParameters: 0 0 0

#Transform 30
Transform: AffineTransform_float_3_3
Parameters: 1 0.000302503 -0.000102083 -0.000302579 1 -0.000372969 0.000101857 0.000373031 1 -0.0372336 0.0240369 0.0173751
FixedParameters: 0 0 0

#Transform 31
Transform: AffineTransform_float_3_3
Parameters: 1 0.000455224 -0.000183355 -0.000454888 1 -0.000364917 0.000183906 0.000365084 1 -0.0360529 0.0208133 0.00656974
FixedParameters: 0 0 0

#Transform 32
Transform: AffineTransform_float_3_3
Parameters: 1 0.000493207 -0.000203499 -0.000493308 1 -0.0002489 0.000203253 0.0002491 1 -0.0445899 0.0197224 0.0222184
FixedParameters: 0 0 0

#Transform 33
Transform: AffineTransform_float_3_3
Parameters: 1 0.000483853 -0.000393484 -0.000482849 1 -0.00044181 0.00039347 0.00044219 1 -0.0324274 0.0362287 0.00720109
FixedParameters: 0 0 0

#Transform 34
Transform: AffineTransform_float_3_3
Parameters: 1 0.0003649 -0.000938438 -0.000365123 1 -0.000368657 0.000939052 0.000369343 0.999999 -0.0284742 0.0279535 0.00894872
FixedParameters: 0 0 0

#Transform 35
Transform: AffineTransform_float_3_3
Parameters: 1 0.000408848 -0.000415037 -0.000408731 1 -0.000924245 0.000413812 0.000923755 0.999999 -0.0486995 0.0603238 0.00984606
FixedParameters: 0 0 0

#Transform 36
Transform: AffineTransform_float_3_3
Parameters: 0.999999 0.000294466 -0.000819475 -0.000295254 0.999999 -0.000480538 0.000819191 0.000480462 1 -0.0326136 0.0371028 -0.0332091
FixedParameters: 0 0 0

#Transform 37
Transform: AffineTransform_float_3_3
Parameters: 0.999999 0.000387686 -0.000667595 -0.000387238 0.999999 -0.000676741 0.000667484 0.000677258 0.999999 -0.0383742 0.0589958 -0.00235429
FixedParameters: 0 0 0

#Transform 38
Transform: AffineTransform_float_3_3
Parameters: 1 0.000544801 -0.00103438 -0.000545466 1 -0.00054863 0.00103466 0.00054837 0.999999 -0.0243264 0.0513627 -0.00241534
FixedParameters: 0 0 0

#Transform 39
Transform: AffineTransform_float_3_3
Parameters: 1 0.000370036 -0.00094132 -0.000370582 1 -0.000538651 0.000941803 0.000539348 0.999999 -0.0363085 0.051833 0.00334375
FixedParameters: 0 0 0

#Transform 40
Transform: AffineTransform_float_3_3
Parameters: 0.999999 0.000540501 -0.000749938 -0.000541221 0.999999 -0.00169501 0.000749401 0.00169499 0.999998 -0.0327897 0.0704659 0.0185954
FixedParameters: 0 0 0

#Transform 41
Transform: AffineTransform_float_3_3
Parameters: 0.999999 0.000481005 -0.00118327 -0.00048193 0.999999 -0.00096221 0.00118275 0.00096279 0.999999 -0.0206064 0.0492905 0.0144896
FixedParameters: 0 0 0

#Transform 42
Transform: AffineTransform_float_3_3
Parameters: 0.999999 0.000446588 -0.00116492 -0.000447478 0.999999 -0.000962259 0.00116448 0.000962741 0.999999 -0.0166333 0.0734008 0.0215585
FixedParameters: 0 0 0

#Transform 43
Transform: AffineTransform_float_3_3
Parameters: 1 0.000347687 -0.00111227 -0.000348598 0.999999 -0.00101739 0.00111197 0.00101761 0.999999 -0.0222054 0.0523542 0.0126775
FixedParameters: 0 0 0

#Transform 44
Transform: AffineTransform_float_3_3
Parameters: 0.999999 0.000583633 -0.0012377 -0.000585029 1 -0.000753057 0.0012377 0.000753944 0.999999 -0.0152253 0.0447475 0.00558745
FixedParameters: 0 0 0

#Transform 45
Transform: AffineTransform_float_3_3
Parameters: 0.999999 0.000569045 -0.00123039 -0.000570479 0.999999 -0.0011323 0.00122952 0.0011337 0.999998 -0.00973357 0.0584485 0.0231332
FixedParameters: 0 0 0

#Transform 46
Transform: AffineTransform_float_3_3
Parameters: 0.999999 0.000630234 -0.00126271 -0.000631137 0.999999 -0.000892984 0.00126199 0.000894017 0.999999 -0.00584459 0.0551952 0.00824946
FixedParameters: 0 0 0

#Transform 47
Transform: AffineTransform_float_3_3
Parameters: 0.999998 0.000599051 -0.00152946 -0.000600642 0.999999 -0.000961862 0.00152872 0.000963137 0.999998 0.00811876 0.0510891 0.0134021
FixedParameters: 0 0 0

#Transform 48
Transform: AffineTransform_float_3_3
Parameters: 0.999999 0.000702766 -0.00130118 -0.000703408 1 -0.000765865 0.00130051 0.000767135 0.999999 -0.00913308 0.0565961 0.00462128
FixedParameters: 0 0 0

#Transform 49
Transform: AffineTransform_float_3_3
Parameters: 0.999998 0.000564633 -0.00151112 -0.000566189 0.999999 -0.000961925 0.00151045 0.000963074 0.999998 -0.0198574 0.0521574 0.0128253
FixedParameters: 0 0 0

#Transform 50
Transform: AffineTransform_float_3_3
Parameters: 0.999998 0.000691712 -0.00157885 -0.00069293 0.999999 -0.000961687 0.00157881 0.000963314 0.999998 -0.0244892 0.0427578 0.0130736
FixedParameters: 0 0 0

#Transform 51
Transform: AffineTransform_float_3_3
Parameters: 0.999999 0.000923651 -0.00141961 -0.000925296 0.999999 -0.00122088 0.00141865 0.00122212 0.999998 -0.0197164 0.0732248 0.0414183
FixedParameters: 0 0 0

#Transform 52
Transform: AffineTransform_float_3_3
Parameters: 0.999999 0.00106724 -0.00149647 -0.00106819 0.999998 -0.0013776 0.00149524 0.0013794 0.999997 -0.0164659 0.0586658 0.0660466
FixedParameters: 0 0 0

#Transform 53
Transform: AffineTransform_float_3_3
Parameters: 0.999998 0.00110995 -0.00151881 -0.0011116 0.999999 -0.00114151 0.00151756 0.00114349 0.999998 -0.012955 0.074155 0.0621672
FixedParameters: 0 0 0

#Transform 54
Transform: AffineTransform_float_3_3
Parameters: 0.999997 0.000997595 -0.00187542 -0.00100074 0.999999 -0.0014491 0.0018747 0.0014509 0.999997 -0.00596242 0.059356 0.0627266
FixedParameters: 0 0 0

#Transform 55
Transform: AffineTransform_float_3_3
Parameters: 0.999998 0.00100339 -0.00186412 -0.00100627 0.999998 -0.0016221 0.00186257 0.0016239 0.999997 0.000475936 0.0619688 0.0774279
FixedParameters: 0 0 0

#Transform 56
Transform: AffineTransform_float_3_3
Parameters: 0.999997 0.00106111 -0.00248727 -0.00106495 0.999998 -0.00141089 0.00248598 0.00141311 0.999996 0.0151898 0.0627664 0.0749777
FixedParameters: 0 0 0

#Transform 57
Transform: AffineTransform_float_3_3
Parameters: 0.999997 0.00126224 -0.00209506 -0.00126553 0.999998 -0.00154111 0.00209287 0.00154389 0.999997 0.00814069 0.0710629 0.0894665
FixedParameters: 0 0 0

#Transform 58
Transform: AffineTransform_float_3_3
Parameters: 0.999997 0.00133262 -0.00233082 -0.00133634 0.999998 -0.00147784 0.00232858 0.00148016 0.999996 0.00988103 0.064707 0.10056
FixedParameters: 0 0 0

#Transform 59
Transform: AffineTransform_float_3_3
Parameters: 0.999996 0.00124624 -0.00261423 -0.00124926 0.999999 -0.00135269 0.00261209 0.00135531 0.999995 0.0134294 0.0683723 0.0886803
FixedParameters: 0 0 0

#Transform 60
Transform: AffineTransform_float_3_3
Parameters: 0.999996 0.00126206 -0.00261521 -0.00126515 0.999998 -0.00110623 0.00261324 0.00110977 0.999996 0.0155113 0.0591414 0.0700077
FixedParameters: 0 0 0

#Transform 61
Transform: AffineTransform_float_3_3
Parameters: 0.999996 0.00123696 -0.00260222 -0.00124032 0.999998 -0.00125431 0.00260082 0.00125769 0.999996 0.0100107 0.0663124 0.0696507
FixedParameters: 0 0 0

#Transform 62
Transform: AffineTransform_float_3_3
Parameters: 0.999996 0.00123467 -0.00260153 -0.0012382 0.999998 -0.00145632 0.00259917 0.00145968 0.999996 0.0120529 0.0749911 0.0696826
FixedParameters: 0 0 0

#Transform 63
Transform: AffineTransform_float_3_3
Parameters: 0.999995 0.00120761 -0.00286985 -0.00121065 0.999999 -0.00123607 0.0028681 0.00123994 0.999995 0.0246037 0.0619741 0.0772306
FixedParameters: 0 0 0

#Transform 64
Transform: AffineTransform_float_3_3
Parameters: 0.999995 0.00132345 -0.00264833 -0.0013269 0.999999 -0.00124844 0.00264673 0.00125156 0.999996 0.0223917 0.0653022 0.0739423
FixedParameters: 0 0 0

#Transform 65
Transform: AffineTransform_float_3_3
Parameters: 0.999996 0.00124063 -0.00260404 -0.00124373 0.999998 -0.0012033 0.00260276 0.0012067 0.999996 0.0247274 0.078377 0.0621383
FixedParameters: 0 0 0

#Transform 66
Transform: AffineTransform_float_3_3
Parameters: 0.999994 0.00119623 -0.00301973 -0.00120065 0.999998 -0.00148069 0.0030183 0.00148431 0.999994 0.0442147 0.072571 0.063133
FixedParameters: 0 0 0

#Transform 67
Transform: AffineTransform_float_3_3
Parameters: 0.999996 0.00143099 -0.00270674 -0.00143522 0.999998 -0.00161685 0.00270423 0.00162015 0.999996 0.0391461 0.0848893 0.0682962
FixedParameters: 0 0 0

#Transform 68
Transform: AffineTransform_float_3_3
Parameters: 0.999994 0.0013052 -0.00321192 -0.00130975 0.999998 -0.00120189 0.00321048 0.0012061 0.999994 0.0587364 0.0650942 0.0444612
FixedParameters: 0 0 0

#Transform 69
Transform: AffineTransform_float_3_3
Parameters: 0.999994 0.00130011 -0.00340196 -0.00130396 0.999998 -0.00122903 0.00340087 0.00123397 0.999994 0.0616434 0.0740618 0.0490263
FixedParameters: 0 0 0

#Transform 70
Transform: AffineTransform_float_3_3
Parameters: 0.999994 0.00127098 -0.00319431 -0.00127463 0.999998 -0.00141703 0.00319235 0.00142097 0.999993 0.0437803 0.0775726 0.0520581
FixedParameters: 0 0 0

#Transform 71
Transform: AffineTransform_float_3_3
Parameters: 0.999994 0.00137363 -0.00325047 -0.00137989 0.999997 -0.00186562 0.00324787 0.00187038 0.999993 0.0461551 0.0996273 0.0689288
FixedParameters: 0 0 0

#Transform 72
Transform: AffineTransform_float_3_3
Parameters: 0.999994 0.00145306 -0.00329114 -0.00145721 0.999998 -0.0013165 0.00328943 0.0013205 0.999994 0.0581016 0.0777128 0.0618055
FixedParameters: 0 0 0

#Transform 73
Transform: AffineTransform_float_3_3
Parameters: 0.999993 0.00145207 -0.00329157 -0.00145684 0.999997 -0.00161509 0.0032894 0.00161992 0.999994 0.0597952 0.0896009 0.0874498
FixedParameters: 0 0 0

#Transform 74
Transform: AffineTransform_float_3_3
Parameters: 0.999993 0.00145207 -0.00329157 -0.00145684 0.999997 -0.00161509 0.0032894 0.00161992 0.999994 0.0571874 0.0828273 0.0907695
FixedParameters: 0 0 0

#Transform 75
Transform: AffineTransform_float_3_3
Parameters: 0.999993 0.00145278 -0.00329125 -0.0014566 0.999998 -0.00139972 0.00328883 0.00140428 0.999993 0.0477742 0.0719274 0.091433
FixedParameters: 0 0 0

#Transform 76
Transform: AffineTransform_float_3_3
Parameters: 0.999993 0.00155353 -0.00334573 -0.00155847 0.999998 -0.00161508 0.00334323 0.00161992 0.999994 0.0502535 0.0823732 0.0913082
FixedParameters: 0 0 0

#Transform 77
Transform: AffineTransform_float_3_3
Parameters: 0.999994 0.00139784 -0.00339444 -0.00140169 0.999998 -0.00136212 0.00339227 0.00136688 0.999994 0.0503949 0.0810803 0.103255
FixedParameters: 0 0 0

#Transform 78
Transform: AffineTransform_float_3_3
Parameters: 0.999993 0.0014525 -0.00329138 -0.00145688 0.999998 -0.00148609 0.00328871 0.00149092 0.999994 0.0476703 0.0957989 0.132096
FixedParameters: 0 0 0

#Transform 79
Transform: AffineTransform_float_3_3
Parameters: 0.999993 0.00145274 -0.00329128 -0.00145665 0.999998 -0.00141472 0.00328881 0.00141928 0.999993 0.0476767 0.0824631 0.126983
FixedParameters: 0 0 0

#Transform 80
Transform: AffineTransform_float_3_3
Parameters: 0.999993 0.00145225 -0.00329149 -0.00145713 0.999998 -0.00156031 0.0032886 0.00156569 0.999993 0.0476647 0.0954744 0.133954
FixedParameters: 0 0 0

#Transform 81
Transform: AffineTransform_float_3_3
Parameters: 0.999993 0.00145282 -0.00329124 -0.00145656 0.999998 -0.00138872 0.00328885 0.00139328 0.999993 0.0537 0.085871 0.13023
FixedParameters: 0 0 0

#Transform 82
Transform: AffineTransform_float_3_3
Parameters: 0.999992 0.00128876 -0.00360051 -0.00129241 0.999999 -0.00106823 0.00359899 0.00107277 0.999993 0.0554451 0.0604432 0.114563
FixedParameters: 0 0 0

#Transform 83
Transform: AffineTransform_float_3_3
Parameters: 0.999993 0.00145334 -0.00329101 -0.00145739 0.999998 -0.00122972 0.00328866 0.00123428 0.999994 0.0626317 0.07948 0.128708
FixedParameters: 0 0 0

#Transform 84
Transform: AffineTransform_float_3_3
Parameters: 0.999993 0.00145207 -0.00329157 -0.00145684 0.999997 -0.00161509 0.0032894 0.00161992 0.999994 0.0733247 0.0667747 0.153807
FixedParameters: 0 0 0

#Transform 85
Transform: AffineTransform_float_3_3
Parameters: 0.999994 0.00145362 -0.00329089 -0.00145712 0.999998 -0.0011455 0.00328879 0.0011495 0.999994 0.0677482 0.0719787 0.135124
FixedParameters: 0 0 0

#Transform 86
Transform: AffineTransform_float_3_3
Parameters: 0.999993 0.00145207 -0.00329157 -0.00145684 0.999997 -0.00161509 0.0032894 0.00161992 0.999994 0.0710549 0.0938357 0.1396
FixedParameters: 0 0 0

#Transform 87
Transform: AffineTransform_float_3_3
Parameters: 0.999993 0.00145373 -0.00329084 -0.00145701 0.999999 -0.00111372 0.00328883 0.00111828 0.999994 0.0694477 0.0691274 0.165487
FixedParameters: 0 0 0

#Transform 88
Transform: AffineTransform_float_3_3
Parameters: 0.999993 0.0015253 -0.00341919 -0.00152976 0.999998 -0.00131065 0.0034173 0.00131635 0.999994 0.0697434 0.081541 0.163973
FixedParameters: 0 0 0

#Transform 89
Transform: AffineTransform_float_3_3
Parameters: 0.999993 0.00147778 -0.00357562 -0.00148268 0.999998 -0.00144078 0.003573 0.00144523 0.999993 0.0840773 0.0868711 0.185118
FixedParameters: 0 0 0

#Transform 90
Transform: AffineTransform_float_3_3
Parameters: 0.999997 0.000574112 -0.00213342 -0.000580581 0.999994 -0.00341833 0.00213195 0.00341967 0.999992 0.0730672 0.115649 0.242712
FixedParameters: 0 0 0

#Transform 91
Transform: AffineTransform_float_3_3
Parameters: 0.999998 0.000195667 -0.00187225 -0.000203541 0.999992 -0.00402019 0.00187136 0.00401981 0.99999 0.0937957 0.175071 0.246489
FixedParameters: 0 0 0

#Transform 92
Transform: AffineTransform_float_3_3
Parameters: 0.999998 -1.04684e-05 -0.00222239 1.55582e-06 0.999992 -0.00401716 0.00222222 0.00401684 0.99999 0.103677 0.119817 0.22762
FixedParameters: 0 0 0

#Transform 93
Transform: AffineTransform_float_3_3
Parameters: 0.999998 0.000306391 -0.0019319 -0.000313965 0.999991 -0.00416854 0.00193044 0.00416945 0.999989 0.0965917 0.129964 0.210042
FixedParameters: 0 0 0

#Transform 94
Transform: AffineTransform_float_3_3
Parameters: 0.999998 0.00023283 -0.00189268 -0.000240958 0.99999 -0.0044007 0.00189172 0.0044013 0.999989 0.0906404 0.131376 0.24989
FixedParameters: 0 0 0

#Transform 95
Transform: AffineTransform_float_3_3
Parameters: 0.999998 9.71384e-05 -0.00190117 -0.000104671 0.999992 -0.00410095 0.00190058 0.00410105 0.99999 0.0763266 0.125429 0.243537
FixedParameters: 0 0 0

#Transform 96
Transform: AffineTransform_float_3_3
Parameters: 0.999998 0.000371942 -0.00196684 -0.000379091 0.999992 -0.00398682 0.00196498 0.00398718 0.99999 0.0802638 0.113017 0.234859
FixedParameters: 0 0 0

#Transform 97
Transform: AffineTransform_float_3_3
Parameters: 0.999997 0.000597145 -0.00208803 -0.000605486 0.999992 -0.00415431 0.00208504 0.0041557 0.999989 0.0855785 0.131545 0.216963
FixedParameters: 0 0 0

#Transform 98
Transform: AffineTransform_float_3_3
Parameters: 0.999998 0.000502256 -0.00226429 -0.000511237 0.99999 -0.00426978 0.00226238 0.00427122 0.999989 0.0899814 0.113184 0.244809
FixedParameters: 0 0 0

#Transform 99
Transform: AffineTransform_float_3_3
Parameters: 0.999997 0.000570293 -0.00213821 -0.00057882 0.999992 -0.00410011 0.00213551 0.00410089 0.99999 0.080586 0.114385 0.263657
FixedParameters: 0 0 0

#Transform 100
Transform: AffineTransform_float_3_3
Parameters: 0.999998 0.000468736 -0.0020189 -0.000477427 0.999992 -0.0040476 0.00201667 0.00404839 0.999989 0.0750691 0.121999 0.278398
FixedParameters: 0 0 0

#Transform 101
Transform: AffineTransform_float_3_3
Parameters: 0.999998 0.000446934 -0.0022411 -0.000456325 0.999992 -0.00410355 0.00223941 0.00410445 0.999989 0.079358 0.13398 0.280482
FixedParameters: 0 0 0

#Transform 102
Transform: AffineTransform_float_3_3
Parameters: 0.999998 0.00020749 -0.00207172 -0.000216163 0.999991 -0.0041517 0.00207109 0.00415229 0.999989 0.0583439 0.119774 0.289405
FixedParameters: 0 0 0

#Transform 103
Transform: AffineTransform_float_3_3
Parameters: 0.999998 0.000274069 -0.00202581 -0.000282525 0.999991 -0.00419258 0.00202461 0.00419342 0.999989 0.0571422 0.138729 0.288709
FixedParameters: 0 0 0

#Transform 104
Transform: AffineTransform_float_3_3
Parameters: 0.999997 0.000596827 -0.00208812 -0.000605803 0.99999 -0.0043063 0.00208495 0.00430769 0.999988 0.0785714 0.130744 0.28489
FixedParameters: 0 0 0

#Transform 105
Transform: AffineTransform_float_3_3
Parameters: 0.999998 0.000319156 -0.00193907 -0.000327688 0.99999 -0.00440052 0.00193735 0.00440148 0.999988 0.0665126 0.140278 0.287899
FixedParameters: 0 0 0

#Transform 106
Transform: AffineTransform_float_3_3
Parameters: 0.999998 0.000385355 -0.00197454 -0.000394814 0.99999 -0.00433237 0.00197276 0.00433363 0.999989 0.0653726 0.129775 0.308122
FixedParameters: 0 0 0

#Transform 107
Transform: AffineTransform_float_3_3
Parameters: 0.999998 0.00034326 -0.00195179 -0.000351264 0.999991 -0.00423688 0.00194998 0.00423712 0.999989 0.0643736 0.144211 0.298784
FixedParameters: 0 0 0

#Transform 108
Transform: AffineTransform_float_3_3
Parameters: 0.999998 0.000311006 -0.00193484 -0.000319946 0.99999 -0.00451595 0.00193312 0.00451605 0.999988 0.064397 0.138258 0.310845
FixedParameters: 0 0 0

#Transform 109
Transform: AffineTransform_float_3_3
Parameters: 0.999997 0.000268502 -0.00214642 -0.000276224 0.999991 -0.00410056 0.00214572 0.00410144 0.999989 0.0773517 0.133134 0.288116
FixedParameters: 0 0 0

#Transform 110
Transform: AffineTransform_float_3_3
Parameters: 0.999998 0.000337249 -0.00194908 -0.000345328 0.999989 -0.00460848 0.00194748 0.00460952 0.999988 0.0720028 0.119473 0.305854
FixedParameters: 0 0 0

#Transform 111
Transform: AffineTransform_float_3_3
Parameters: 0.999998 0.00029664 -0.00192731 -0.000306057 0.99999 -0.0046572 0.00192563 0.0046578 0.999987 0.0697873 0.14737 0.309782
FixedParameters: 0 0 0

#Transform 112
Transform: AffineTransform_float_3_3
Parameters: 0.999998 0.000515591 -0.00159568 -0.000522914 0.999987 -0.00484073 0.00159313 0.00484126 0.999987 0.0580112 0.149138 0.296206
FixedParameters: 0 0 0

#Transform 113
Transform: AffineTransform_float_3_3
Parameters: 0.999998 0.000328666 -0.00155213 -0.000336671 0.999987 -0.00504426 0.00155038 0.00504473 0.999986 0.0525676 0.194926 0.274253
FixedParameters: 0 0 0

#Transform 114
Transform: AffineTransform_float_3_3
Parameters: 0.999998 0.000224684 -0.00210102 -0.000234634 0.999989 -0.00471966 0.0021004 0.00472034 0.999987 0.0730507 0.159201 0.309089
FixedParameters: 0 0 0

#Transform 115
Transform: AffineTransform_float_3_3
Parameters: 0.999997 0.0002445 -0.00214678 -0.000254581 0.999989 -0.00465002 0.002146 0.00464998 0.999987 0.0790873 0.139538 0.315653
FixedParameters: 0 0 0

#Transform 116
Transform: AffineTransform_float_3_3
Parameters: 0.999998 0.000192423 -0.00194918 -0.000200686 0.999991 -0.00430776 0.00194862 0.00430824 0.999989 0.0616193 0.128524 0.294537
FixedParameters: 0 0 0

#Transform 117
Transform: AffineTransform_float_3_3
Parameters: 0.999998 6.6585e-05 -0.00234319 -7.50493e-05 0.999992 -0.00400298 0.00234281 0.00400302 0.999989 0.0743899 0.133793 0.286929
FixedParameters: 0 0 0

#Transform 118
Transform: AffineTransform_float_3_3
Parameters: 0.999998 0.000198227 -0.00193554 -0.000207201 0.99999 -0.00452176 0.00193483 0.00452225 0.999988 0.0736736 0.157853 0.311061
FixedParameters: 0 0 0

#Transform 119
Transform: AffineTransform_float_3_3
Parameters: 0.999997 9.08296e-05 -0.00239405 -0.00010105 0.999991 -0.00428491 0.00239342 0.00428508 0.999988 0.0839492 0.121162 0.31452
FixedParameters: 0 0 0
