#Insight Transform File V1.0
#Transform 0
Transform: AffineTransform_float_3_3
Parameters: 1 -0.00051807 0.000458605 0.000518191 1 0.0009233 -0.000459808 -0.000923702 1 -0.00212196 -0.0514586 0.0433493
FixedParameters: 0 0 0

#Transform 1
Transform: AffineTransform_float_3_3
Parameters: 0.999999 -0.000402761 0.000695882 0.000402363 1 0.00028628 -0.000696112 -0.00028572 0.999999 -0.0279972 -0.0415029 -0.00484983
FixedParameters: 0 0 0

#Transform 2
Transform: AffineTransform_float_3_3
Parameters: 0.999999 -0.000465324 0.000687543 0.000465754 1 -0.00049168 -0.000688053 0.00049232 0.999999 -0.012656 -0.0317608 -0.0413445
FixedParameters: 0 0 0

#Transform 3
Transform: AffineTransform_float_3_3
Parameters: 1 -0.000329949 0.000980887 0.000329941 1 4.32363e-06 -0.000980889 -3.67636e-06 0.999999 -0.0241522 -0.00188266 -0.0100987
FixedParameters: 0 0 0

#Transform 4
Transform: AffineTransform_float_3_3
Parameters: 0.999999 -0.000568979 0.000645761 0.000569371 1 -0.000303632 -0.000645415 0.000304367 0.999999 -0.0164898 -0.00340036 -0.0182638
FixedParameters: 0 0 0

#Transform 5
Transform: AffineTransform_float_3_3
Parameters: 0.999999 -0.000811676 0.000373824 0.000812073 1 -0.000862936 -0.000373392 0.000863064 0.999999 -0.00579329 -0.0183198 -0.0222202
FixedParameters: 0 0 0

#Transform 6
Transform: AffineTransform_float_3_3
Parameters: 1 -0.000504941 0.000294618 0.000504699 1 0.000410149 -0.000295032 -0.000409851 1 -0.015623 -0.0328025 0.00473784
FixedParameters: 0 0 0

#Transform 7
Transform: AffineTransform_float_3_3
Parameters: 1 -0.000461151 0.000466291 0.000461051 1 0.000108215 -0.00046639 -0.000107785 1 -0.00898204 -0.0329914 -0.0154494
FixedParameters: 0 0 0

#Transform 8
Transform: AffineTransform_float_3_3
Parameters: 0.999999 -0.000361229 0.000858723 0.000360903 1 0.00019031 -0.00085886 -0.00018969 0.999999 -0.00920759 -0.0545296 -0.0101657
FixedParameters: 0 0 0

#Transform 9
Transform: AffineTransform_float_3_3
Parameters: 0.999999 -0.000426146 0.000915556 0.000425949 1 0.00010839 -0.000915648 -0.00010761 0.999999 -0.00945902 -0.0343267 -0.0157585
FixedParameters: 0 0 0

#Transform 10
Transform: AffineTransform_float_3_3
Parameters: 0.999999 -0.000412748 0.000656231 0.000412631 1 8.92708e-05 -0.000656304 -8.87291e-05 1 -0.0104378 -0.045981 -0.012454
FixedParameters: 0 0 0

#Transform 11
Transform: AffineTransform_float_3_3
Parameters: 1 -0.000504639 0.000295135 0.000505001 0.999999 -0.000613851 -0.000294515 0.000614148 1 0.00338077 0.0327279 -0.0805651
FixedParameters: 0 0 0

#Transform 12
Transform: AffineTransform_float_3_3
Parameters: 0.999999 -0.00041163 0.000661003 0.000411525 1 0.000266333 -0.000660254 -0.000266667 1 -0.00623794 -0.0790385 -0.00631162
FixedParameters: 0 0 0

#Transform 13
Transform: AffineTransform_float_3_3
Parameters: 1 -0.000366869 0.000500084 0.000366813 1 5.62444e-05 -0.000500126 -5.67555e-05 1 0.000768618 -0.0411774 -0.0146428
FixedParameters: 0 0 0

#Transform 14
Transform: AffineTransform_float_3_3
Parameters: 0.999999 -0.000435766 0.000565289 0.000436048 1 -0.000248753 -0.000565071 0.000249246 1 0.000370232 -0.00657566 -0.04239
FixedParameters: 0 0 0

#Transform 15
Transform: AffineTransform_float_3_3
Parameters: 0.999999 -0.000432929 0.000577603 0.000432463 1 0.00040325 -0.000577952 -0.00040275 1 0.00016583 -0.0232503 -0.0348596
FixedParameters: 0 0 0

#Transform 16
Transform: AffineTransform_float_3_3
Parameters: 0.999999 -0.000512592 0.000564788 0.000512269 0.999999 0.000505289 -0.000564336 -0.000504711 0.999999 0.0011106 -0.0202296 -0.0351081
FixedParameters: 0 0 0

#Transform 17
Transform: AffineTransform_float_3_3
Parameters: 1 -0.000450935 0.000980622 0.000450771 1 0.000210442 -0.000979842 -0.000209558 0.999999 -0.00523704 -0.0284989 -0.0159153
FixedParameters: 0 0 0

#Transform 18
Transform: AffineTransform_float_3_3
Parameters: 0.999999 -0.000196708 0.0014487 0.000196934 1 -0.000412415 -0.00144829 0.000412586 0.999999 -0.0169423 0.0906809 -0.0945386
FixedParameters: 0 0 0

#Transform 19
Transform: AffineTransform_float_3_3
Parameters: 1 0.000319334 0.000484573 -0.000319602 0.999998 0.00227785 -0.000483611 -0.00227816 0.999998 -0.0187467 -0.0589362 0.0619674
FixedParameters: 0 0 0

#Transform 20
Transform: AffineTransform_float_3_3
Parameters: 0.999999 -0.00016236 -0.000691309 0.000163184 1 0.000595887 0.000691115 -0.000596112 0.999999 0.012016 0.00803881 0.0321437
FixedParameters: 0 0 0

#Transform 21
Transform: AffineTransform_float_3_3
Parameters: 1 -0.000505036 3.11955e-05 0.00050485 1 -0.000977224 -3.11779e-05 0.000976776 0.999999 0.00531911 -0.0183678 -0.0205491
FixedParameters: 0 0 0

#Transform 22
Transform: AffineTransform_float_3_3
Parameters: 1 -0.000437478 0.000150009 0.000437676 0.999999 -0.000659934 -0.000149431 0.000660065 1 -0.00540319 -0.00562334 0.00614154
FixedParameters: 0 0 0

#Transform 23
Transform: AffineTransform_float_3_3
Parameters: 1 -0.000348383 0.000500351 0.000347944 1 0.000438174 -0.000500656 -0.000437825 1 -0.0153446 -0.0276634 0.0125619
FixedParameters: 0 0 0

#Transform 24
Transform: AffineTransform_float_3_3
Parameters: 1 -0.000497566 0.000177497 0.000497386 1 -0.000188912 -0.000178278 0.000189089 1 0.00519793 -0.018814 -0.0353628
FixedParameters: 0 0 0

#Transform 25
Transform: AffineTransform_float_3_3
Parameters: 1 -0.000509342 -1.93498e-06 0.000509092 0.999999 -0.000645001 1.62286e-06 0.000644999 1 0.00152408 -0.00408857 -0.00752466
FixedParameters: 0 0 0

#Transform 26
Transform: AffineTransform_float_3_3
Parameters: 1 -0.000509341 -2.16364e-06 0.000509093 1 -0.000196062 1.39476e-06 0.000196938 1 0.0160915 -0.00900425 0.0374347
FixedParameters: 0 0 0

#Transform 27
Transform: AffineTransform_float_3_3
Parameters: 1 -0.000507861 3.13922e-06 0.000507855 0.999999 0.000810001 -3.96194e-06 -0.000809997 0.999999 0.00383677 -0.0147533 0.0958669
FixedParameters: 0 0 0

#Transform 28
Transform: AffineTransform_float_3_3
Parameters: 0.999999 -0.000427254 0.000614744 0.000427613 0.999999 -0.000292676 -0.000614494 0.000292324 1 -0.00905406 -0.0489822 0.0341044
FixedParameters: 0 0 0

#Transform 29
Transform: AffineTransform_float_3_3
Parameters: 1 -0.000454281 0.000359396 0.000454354 1 -0.000100837 -0.000359304 0.000101163 1 -0.000936395 -0.0215874 -0.0245654
FixedParameters: 0 0 0

#Transform 30
Transform: AffineTransform_float_3_3
Parameters: 1 -0.0005415 1.7521e-05 0.000541515 1 -0.00043099 -1.70542e-05 0.000431009 1 -0.00454792 -0.022247 -0.0255307
FixedParameters: 0 0 0

#Transform 31
Transform: AffineTransform_float_3_3
Parameters: 1 -0.000541494 1.77203e-05 0.000541522 0.999999 -0.00079899 -1.68549e-05 0.000799009 0.999999 0.0162128 -0.00806407 0.000296406
FixedParameters: 0 0 0

#Transform 32
Transform: AffineTransform_float_3_3
Parameters: 1 -0.000490929 0.000215405 0.000491066 1 -0.000892134 -0.000215498 0.000891867 0.999999 0.000857203 -0.0050175 0.0024524
FixedParameters: 0 0 0

#Transform 33
Transform: AffineTransform_float_3_3
Parameters: 1 -0.000831138 0.000707115 0.000831985 1 8.6349e-05 -0.000707505 -8.56514e-05 1 0.0090133 -0.0287351 0.0459377
FixedParameters: 0 0 0

#Transform 34
Transform: AffineTransform_float_3_3
Parameters: 1 -0.000839646 0.000674027 0.000840272 1 0.000254388 -0.000674702 -0.000254612 1 0.00707141 -0.0212416 0.103971
FixedParameters: 0 0 0

#Transform 35
Transform: AffineTransform_float_3_3
Parameters: 0.999999 -0.000939445 0.00119788 0.000938897 1 0.000228947 -0.00119831 -0.000228053 0.999999 0.0029258 0.0159384 0.139963
FixedParameters: 0 0 0

#Transform 36
Transform: AffineTransform_float_3_3
Parameters: 0.999999 -0.00115543 0.000406808 0.0011561 0.999999 0.000972231 -0.000407363 -0.000971769 0.999999 0.0499912 0.0478843 0.275523
FixedParameters: 0 0 0

#Transform 37
Transform: AffineTransform_float_3_3
Parameters: 0.999999 -0.000912217 0.000389056 0.000913182 1 0.000322116 -0.000388921 -0.000321885 1 0.0508711 0.0438807 0.0878454
FixedParameters: 0 0 0

#Transform 38
Transform: AffineTransform_float_3_3
Parameters: 0.999999 -0.000756119 0.000406228 0.000756003 0.999999 0.000143307 -0.000406444 -0.000142693 1 0.049276 0.0348689 0.0548604
FixedParameters: 0 0 0

#Transform 39
Transform: AffineTransform_float_3_3
Parameters: 1 -0.00082929 0.000583596 0.00082988 0.999999 -0.000717694 -0.000583375 0.000717306 0.999999 0.0474492 0.043565 0.0414564
FixedParameters: 0 0 0

#Transform 40
Transform: AffineTransform_float_3_3
Parameters: 0.999999 -0.000889452 0.000441095 0.000889872 1 -0.000755847 -0.000440718 0.000756153 0.999999 0.0499073 0.0627409 0.00845986
FixedParameters: 0 0 0

#Transform 41
Transform: AffineTransform_float_3_3
Parameters: 0.999998 -0.0010502 0.00129769 0.00105109 0.999999 -0.000812576 -0.00129671 0.000814424 0.999999 0.055737 0.0482036 0.0496619
FixedParameters: 0 0 0

#Transform 42
Transform: AffineTransform_float_3_3
Parameters: 0.999999 -0.00110743 0.000905882 0.00110782 0.999999 -0.000215175 -0.000905405 0.000215825 0.999999 0.0545586 0.0423316 0.0855522
FixedParameters: 0 0 0

#Transform 43
Transform: AffineTransform_float_3_3
Parameters: 0.999999 -0.00106489 0.000894892 0.00106509 1 -0.000109225 -0.000894659 0.000109774 0.999999 0.0615337 0.0317354 0.0548845
FixedParameters: 0 0 0

#Transform 44
Transform: AffineTransform_float_3_3
Parameters: 0.999999 -0.000913982 0.000909936 0.000915356 0.999999 -0.000890168 -0.000909275 0.000891832 0.999999 0.0600178 0.0514851 0.019759
FixedParameters: 0 0 0

#Transform 45
Transform: AffineTransform_float_3_3
Parameters: 0.999998 -0.00100423 0.00133624 0.00100381 0.999999 0.000157464 -0.00133656 -0.000156536 1 0.0365388 0.0513816 0.104968
FixedParameters: 0 0 0

#Transform 46
Transform: AffineTransform_float_3_3
Parameters: 0.999999 -0.00122775 0.00129798 0.00122691 0.999999 0.000322654 -0.00129877 -0.000320345 0.999999 0.00876526 0.0394092 0.234441
FixedParameters: 0 0 0

#Transform 47
Transform: AffineTransform_float_3_3
Parameters: 0.999996 -0.00106114 0.00241805 0.00105868 0.999999 0.00121305 -0.00241943 -0.00121095 0.999997 -0.0372178 -0.0274946 0.407883
FixedParameters: 0 0 0

#Transform 48
Transform: AffineTransform_float_3_3
Parameters: 0.999996 -0.000956185 0.00236755 0.000954316 0.999999 0.000652683 -0.00236807 -0.000650315 0.999997 -0.0091108 0.0339018 0.27735
FixedParameters: 0 0 0

#Transform 49
Transform: AffineTransform_float_3_3
Parameters: 0.999996 -0.00131483 0.00270703 0.00131435 0.999999 0.000315043 -0.00270713 -0.000310959 0.999996 0.00278557 0.0548822 0.149544
FixedParameters: 0 0 0

#Transform 50
Transform: AffineTransform_float_3_3
Parameters: 0.999996 -0.00122163 0.00258737 0.00121945 0.999999 0.000845642 -0.00258896 -0.000842357 0.999996 0.0177438 0.0267849 0.0791573
FixedParameters: 0 0 0

#Transform 51
Transform: AffineTransform_float_3_3
Parameters: 0.999995 -0.0013001 0.00268938 0.00129989 0.999999 4.10405e-05 -0.00268948 -3.79592e-05 0.999997 0.0170405 0.0366648 0.0972454
FixedParameters: 0 0 0

#Transform 52
Transform: AffineTransform_float_3_3
Parameters: 0.999993 -0.00142023 0.0032626 0.00142114 0.999999 -0.000324521 -0.00326239 0.00032948 0.999995 0.00738418 0.0480818 0.105407
FixedParameters: 0 0 0

#Transform 53
Transform: AffineTransform_float_3_3
Parameters: 0.999994 -0.00141776 0.00333227 0.00141909 0.999999 -0.000379668 -0.00333191 0.000384332 0.999994 0.00308001 0.0501686 0.0813141
FixedParameters: 0 0 0

#Transform 54
Transform: AffineTransform_float_3_3
Parameters: 0.999994 -0.0013591 0.00326351 0.00136002 0.999999 -0.000324719 -0.00326334 0.000329282 0.999995 -0.00336899 0.0126032 0.0640327
FixedParameters: 0 0 0

#Transform 55
Transform: AffineTransform_float_3_3
Parameters: 0.999994 -0.00159113 0.00310779 0.00159244 0.999999 -0.000208625 -0.00310712 0.000212372 0.999995 0.0163803 0.0593892 0.102403
FixedParameters: 0 0 0

#Transform 56
Transform: AffineTransform_float_3_3
Parameters: 0.999996 -0.00151151 0.00266744 0.00151167 0.999999 -0.000209725 -0.00266655 0.000214275 0.999996 0.00906743 0.0359928 0.0934196
FixedParameters: 0 0 0

#Transform 57
Transform: AffineTransform_float_3_3
Parameters: 0.999995 -0.00183636 0.0023142 0.00183619 0.999999 3.92542e-05 -0.00231433 -3.47455e-05 0.999998 0.0205121 0.044253 0.256982
FixedParameters: 0 0 0

#Transform 58
Transform: AffineTransform_float_3_3
Parameters: 0.999995 -0.00185874 0.00282439 0.00185299 0.999996 0.00209661 -0.00282856 -0.00209139 0.999994 0.024073 0.0165785 0.518151
FixedParameters: 0 0 0

#Transform 59
Transform: AffineTransform_float_3_3
Parameters: 0.999993 -0.00177623 0.00310415 0.00177018 0.999997 0.00191587 -0.00310829 -0.00191012 0.999993 0.033873 0.0358776 0.48647
FixedParameters: 0 0 0

#Transform 60
Transform: AffineTransform_float_3_3
Parameters: 0.999992 -0.00173737 0.00339422 0.00172925 0.999996 0.00241555 -0.0033985 -0.00240945 0.999991 0.0268381 0.0440326 0.50573
FixedParameters: 0 0 0

#Transform 61
Transform: AffineTransform_float_3_3
Parameters: 0.999992 -0.00170126 0.00379736 0.00168961 0.999995 0.00291141 -0.00380266 -0.00290459 0.999989 0.0237038 0.0258684 0.557573
FixedParameters: 0 0 0

#Transform 62
Transform: AffineTransform_float_3_3
Parameters: 0.999991 -0.00193965 0.00357064 0.00193354 0.999997 0.00184447 -0.00357441 -0.00183853 0.999992 0.0366877 0.0703582 0.40693
FixedParameters: 0 0 0

#Transform 63
Transform: AffineTransform_float_3_3
Parameters: 0.999997 -0.00121184 0.0023753 0.00120841 0.999999 0.00149106 -0.00237674 -0.00148794 0.999996 0.0082905 0.0736475 0.252855
FixedParameters: 0 0 0

#Transform 64
Transform: AffineTransform_float_3_3
Parameters: 0.999995 -0.00141127 0.00276643 0.00141163 0.999999 -6.25508e-05 -0.00276625 6.64486e-05 0.999996 0.0226033 0.0829001 0.0605459
FixedParameters: 0 0 0

#Transform 65
Transform: AffineTransform_float_3_3
Parameters: 0.999997 -0.00116834 0.00205377 0.00116974 0.999999 -0.000339415 -0.00205298 0.000341582 0.999997 0.0125499 0.0375741 0.178002
FixedParameters: 0 0 0

#Transform 66
Transform: AffineTransform_float_3_3
Parameters: 0.999996 -0.00122321 0.00232957 0.0012239 1 -0.000146966 -0.00232921 0.000150033 0.999997 0.0272893 0.0381558 0.099456
FixedParameters: 0 0 0

#Transform 67
Transform: AffineTransform_float_3_3
Parameters: 0.999996 -0.00117782 0.00250612 0.00117817 1 -0.000310805 -0.00250611 0.000313197 0.999997 0.0243904 0.0471112 0.0778213
FixedParameters: 0 0 0

#Transform 68
Transform: AffineTransform_float_3_3
Parameters: 0.999995 -0.00137027 0.00276516 0.00137187 0.999999 -0.000507665 -0.00276448 0.000511335 0.999996 0.0224055 0.0166279 0.0827391
FixedParameters: 0 0 0

#Transform 69
Transform: AffineTransform_float_3_3
Parameters: 0.999995 -0.00143188 0.00281251 0.0014328 0.999999 -0.000332427 -0.00281131 0.000336571 0.999996 0.0277208 0.0192464 0.0928961
FixedParameters: 0 0 0

#Transform 70
Transform: AffineTransform_float_3_3
Parameters: 0.999995 -0.00124371 0.00268406 0.00124549 0.999999 -0.000375175 -0.00268409 0.000378823 0.999997 0.0188863 0.0591658 -0.0173829
FixedParameters: 0 0 0

#Transform 71
Transform: AffineTransform_float_3_3
Parameters: 0.999996 -0.00130188 0.00276129 0.001304 0.999999 -0.000600858 -0.00276045 0.000604141 0.999996 0.0150631 0.0623785 0.0143393
FixedParameters: 0 0 0

#Transform 72
Transform: AffineTransform_float_3_3
Parameters: 0.999996 -0.00136142 0.00273748 0.00136401 0.999999 -0.000692725 -0.00273631 0.000696273 0.999996 0.0100959 0.102913 -0.0557318
FixedParameters: 0 0 0

#Transform 73
Transform: AffineTransform_float_3_3
Parameters: 0.999995 -0.00155754 0.0026977 0.00155703 0.999998 0.000275746 -0.0026988 -0.000271253 0.999997 0.0116643 0.0682991 0.332002
FixedParameters: 0 0 0

#Transform 74
Transform: AffineTransform_float_3_3
Parameters: 0.999997 -0.00106357 0.00223337 0.0010582 0.999997 0.00223455 -0.00223619 -0.00223245 0.999995 -0.013714 0.106603 0.577931
FixedParameters: 0 0 0

#Transform 75
Transform: AffineTransform_float_3_3
Parameters: 0.999994 -0.00139347 0.00314267 0.00140148 0.999996 -0.002396 -0.00313933 0.00239999 0.999992 0.00735642 0.098162 0.00819391
FixedParameters: 0 0 0

#Transform 76
Transform: AffineTransform_float_3_3
Parameters: 0.999994 -0.00139473 0.00336999 0.00139958 0.999998 -0.00140345 -0.00336798 0.00140855 0.999993 0.0193354 0.0468995 0.0227074
FixedParameters: 0 0 0

#Transform 77
Transform: AffineTransform_float_3_3
Parameters: 0.999996 -0.000632482 0.00272572 0.000638797 0.999997 -0.00236061 -0.00272414 0.0023624 0.999994 -0.0301832 0.0670163 0.100716
FixedParameters: 0 0 0

#Transform 78
Transform: AffineTransform_float_3_3
Parameters: 0.999997 -0.00152083 0.00187884 0.00152296 0.999998 -0.0015362 -0.00187633 0.0015388 0.999997 0.0077127 0.0426027 0.190494
FixedParameters: 0 0 0

#Transform 79
Transform: AffineTransform_float_3_3
Parameters: 1 -0.000315082 -0.000206212 0.000315478 0.999999 -0.00138707 0.000206839 0.00138693 0.999999 -0.00623234 0.0460001 0.1291
FixedParameters: 0 0 0

#Transform 80
Transform: AffineTransform_float_3_3
Parameters: 1 0.000103562 0.000213946 -0.000103596 0.999997 -0.00218402 -0.000214151 0.00218398 0.999997 -0.0319991 0.0923666 0.183556
FixedParameters: 0 0 0

#Transform 81
Transform: AffineTransform_float_3_3
Parameters: 0.999999 -0.000562897 0.00129196 0.000565143 0.999998 -0.00218621 -0.00129069 0.00218679 0.999997 -0.0597972 -0.0442823 0.337701
FixedParameters: 0 0 0

#Transform 82
Transform: AffineTransform_float_3_3
Parameters: 0.999997 -0.000724697 0.0020795 0.000728368 0.999998 -0.00170013 -0.00207823 0.00170187 0.999996 -0.0859176 0.0143443 0.333126
FixedParameters: 0 0 0

#Transform 83
Transform: AffineTransform_float_3_3
Parameters: 0.999997 -0.000511628 0.00208103 0.000513342 0.999999 -0.00116933 -0.00208006 0.00117067 0.999998 -0.0816172 -0.00277585 0.301388
FixedParameters: 0 0 0

#Transform 84
Transform: AffineTransform_float_3_3
Parameters: 0.999998 -0.000320378 0.00223523 0.000324818 0.999998 -0.00213292 -0.00223359 0.00213308 0.999995 -0.0771955 0.0457157 0.257142
FixedParameters: 0 0 0

#Transform 85
Transform: AffineTransform_float_3_3
Parameters: 0.999997 -0.000740088 0.00234186 0.000743304 0.999999 -0.0011526 -0.00234062 0.0011544 0.999997 -0.0550315 0.00974738 0.20702
FixedParameters: 0 0 0

#Transform 86
Transform: AffineTransform_float_3_3
Parameters: 0.999999 -0.000147868 -0.00153559 0.000151012 0.999998 0.00197001 0.00153575 -0.00196999 0.999997 -0.0628148 0.477949 -1.16122
FixedParameters: 0 0 0

#Transform 87
Transform: AffineTransform_float_3_3
Parameters: 0.999996 0.00125207 -0.00245226 -0.00125212 0.999999 -9.68548e-06 0.00245223 1.23144e-05 0.999997 -0.0924905 0.0419889 -1.0331
FixedParameters: 0 0 0

#Transform 88
Transform: AffineTransform_float_3_3
Parameters: 1 0.000533934 0.000824406 -0.000533552 0.999999 -0.000819262 -0.000825034 0.000819738 0.999999 -0.101235 -0.0305539 -0.415194
FixedParameters: 0 0 0

#Transform 89
Transform: AffineTransform_float_3_3
Parameters: 0.999999 8.39394e-05 0.000784511 -8.38444e-05 1 0.000556934 -0.000784665 -0.000557066 0.999999 -0.0657313 -0.000612709 -0.268234
FixedParameters: 0 0 0

#Transform 90
Transform: AffineTransform_float_3_3
Parameters: 0.999999 -0.000127084 0.000736111 0.000129294 0.999996 -0.00298591 -0.000735821 0.0029861 0.999996 -0.0696261 0.096046 -0.323938
FixedParameters: 0 0 0

#Transform 91
Transform: AffineTransform_float_3_3
Parameters: 1 1.85505e-05 0.000438362 -1.72586e-05 0.999992 -0.00396301 -0.000438978 0.00396299 0.999992 -0.0658774 0.158179 -0.475203
FixedParameters: 0 0 0

#Transform 92
Transform: AffineTransform_float_3_3
Parameters: 0.999999 -8.69819e-05 0.000884442 9.16325e-05 0.999987 -0.00509986 -0.000884482 0.00509914 0.999986 -0.0552064 0.120233 -0.514809
FixedParameters: 0 0 0

#Transform 93
Transform: AffineTransform_float_3_3
Parameters: 1 -0.000148739 0.000654625 0.000150349 0.999998 -0.0019709 -0.000653789 0.0019711 0.999998 -0.0936217 -0.0233005 -0.168705
FixedParameters: 0 0 0

#Transform 94
Transform: AffineTransform_float_3_3
Parameters: 1 -0.000355853 -0.000149577 0.000355439 0.999993 -0.00378005 0.00015105 0.00377995 0.999993 -0.105132 0.227645 -0.138605
FixedParameters: 0 0 0

#Transform 95
Transform: AffineTransform_float_3_3
Parameters: 0.999998 -0.000498811 0.00152967 0.000504077 0.999994 -0.00354917 -0.00152778 0.00354983 0.999992 -0.121431 0.133617 -0.0457611
FixedParameters: 0 0 0

#Transform 96
Transform: AffineTransform_float_3_3
Parameters: 0.999999 -0.00059522 0.00115526 0.000599569 0.999991 -0.00399025 -0.00115338 0.00399075 0.999991 -0.107134 0.140427 -0.0995404
FixedParameters: 0 0 0

#Transform 97
Transform: AffineTransform_float_3_3
Parameters: 0.999999 -0.000537329 0.00137016 0.000545131 0.999983 -0.0057792 -0.00136702 0.0057798 0.999982 -0.110766 0.103738 -0.289002
FixedParameters: 0 0 0

#Transform 98
Transform: AffineTransform_float_3_3
Parameters: 0.999998 -0.000503349 0.00149898 0.00051244 0.999982 -0.00603712 -0.00149571 0.00603688 0.999981 -0.112913 0.11893 -0.290877
FixedParameters: 0 0 0

#Transform 99
Transform: AffineTransform_float_3_3
Parameters: 0.999998 -0.000414379 0.00184135 0.000425809 0.999983 -0.00574487 -0.00183818 0.00574513 0.999982 -0.124185 0.0942643 -0.257818
FixedParameters: 0 0 0

#Transform 100
Transform: AffineTransform_float_3_3
Parameters: 0.999998 -0.00037704 0.00199375 0.000386068 0.99999 -0.0044567 -0.00199224 0.0044583 0.999988 -0.134524 0.0945245 -0.247174
FixedParameters: 0 0 0

#Transform 101
Transform: AffineTransform_float_3_3
Parameters: 0.999997 -0.000341092 0.00213587 0.000349642 0.999992 -0.00399072 -0.00213404 0.00399228 0.99999 -0.137683 0.0585345 -0.236023
FixedParameters: 0 0 0

#Transform 102
Transform: AffineTransform_float_3_3
Parameters: 0.999998 -0.000371111 0.00202064 0.000379382 0.999992 -0.00390988 -0.00201889 0.00391012 0.99999 -0.131318 0.0918249 -0.243708
FixedParameters: 0 0 0

#Transform 103
Transform: AffineTransform_float_3_3
Parameters: 0.999998 4.18324e-05 0.00225773 -3.27982e-05 0.999992 -0.00404154 -0.00225775 0.00404145 0.999989 -0.141436 0.119075 -0.25541
FixedParameters: 0 0 0

#Transform 104
Transform: AffineTransform_float_3_3
Parameters: 0.999998 -0.000188977 0.00204105 0.000198 0.999989 -0.00452906 -0.00203998 0.00452993 0.999987 -0.123299 0.102126 -0.26014
FixedParameters: 0 0 0

#Transform 105
Transform: AffineTransform_float_3_3
Parameters: 0.999997 -0.00028465 0.00234711 0.000296212 0.999989 -0.00473872 -0.00234577 0.00473929 0.999986 -0.131148 0.107243 -0.239569
FixedParameters: 0 0 0

#Transform 106
Transform: AffineTransform_float_3_3
Parameters: 0.999998 -0.000356575 0.00206939 0.000366789 0.999988 -0.00487371 -0.00206849 0.00487529 0.999986 -0.129096 0.100021 -0.25573
FixedParameters: 0 0 0

#Transform 107
Transform: AffineTransform_float_3_3
Parameters: 0.999997 -0.00034295 0.00212444 0.0003525 0.99999 -0.00453396 -0.00212294 0.00453504 0.999987 -0.127468 0.0697812 -0.28612
FixedParameters: 0 0 0

#Transform 108
Transform: AffineTransform_float_3_3
Parameters: 0.999998 -0.000290385 0.00232299 0.000301857 0.999988 -0.00497771 -0.0023212 0.00497829 0.999985 -0.126434 0.0974587 -0.301379
FixedParameters: 0 0 0

#Transform 109
Transform: AffineTransform_float_3_3
Parameters: 0.999998 -0.000299702 0.00228718 0.000310817 0.999988 -0.0049777 -0.0022853 0.0049783 0.999985 -0.125835 0.0913346 -0.294059
FixedParameters: 0 0 0

#Transform 110
Transform: AffineTransform_float_3_3
Parameters: 0.999998 -0.000298947 0.00229008 0.00031009 0.999988 -0.00497771 -0.00228821 0.0049783 0.999985 -0.139498 0.108374 -0.261088
FixedParameters: 0 0 0

#Transform 111
Transform: AffineTransform_float_3_3
Parameters: 0.999997 -0.000347072 0.00210153 0.00035902 0.999985 -0.00544366 -0.00210006 0.00544434 0.999983 -0.125904 0.115496 -0.265079
FixedParameters: 0 0 0

#Transform 112
Transform: AffineTransform_float_3_3
Parameters: 0.999998 -0.000361687 0.00204541 0.000373056 0.999985 -0.00545165 -0.00204377 0.00545235 0.999983 -0.13042 0.111875 -0.264081
FixedParameters: 0 0 0

#Transform 113
Transform: AffineTransform_float_3_3
Parameters: 0.999997 -0.000390232 0.00215822 0.000401682 0.999985 -0.00541055 -0.00215606 0.00541146 0.999983 -0.130807 0.108045 -0.256061
FixedParameters: 0 0 0

#Transform 114
Transform: AffineTransform_float_3_3
Parameters: 0.999997 -0.000419277 0.00236191 0.000431641 0.999987 -0.0051884 -0.00236059 0.00518961 0.999984 -0.136876 0.101321 -0.269219
FixedParameters: 0 0 0

#Transform 115
Transform: AffineTransform_float_3_3
Parameters: 0.999998 -0.000426102 0.00222467 0.000438208 0.999984 -0.00566968 -0.00222262 0.00567032 0.999981 -0.137256 0.119013 -0.286354
FixedParameters: 0 0 0

#Transform 116
Transform: AffineTransform_float_3_3
Parameters: 0.999997 -0.000415643 0.00209341 0.00042586 0.999986 -0.00528352 -0.0020911 0.00528448 0.999984 -0.12209 0.100176 -0.27945
FixedParameters: 0 0 0

#Transform 117
Transform: AffineTransform_float_3_3
Parameters: 0.999998 -0.000363538 0.00203954 0.000374169 0.999986 -0.00528571 -0.00203801 0.00528729 0.999984 -0.130798 0.103746 -0.265086
FixedParameters: 0 0 0

#Transform 118
Transform: AffineTransform_float_3_3
Parameters: 0.999998 -0.000416602 0.00183721 0.00042629 0.999987 -0.00508392 -0.00183579 0.00508507 0.999985 -0.127646 0.117658 -0.262736
FixedParameters: 0 0 0

#Transform 119
Transform: AffineTransform_float_3_3
Parameters: 0.999998 -0.000527294 0.00217948 0.000538738 0.999985 -0.00541324 -0.00217681 0.00541476 0.999983 -0.133438 0.116985 -0.274687
FixedParameters: 0 0 0
