#Insight Transform File V1.0
#Transform 0
Transform: AffineTransform_float_3_3
Parameters: 1 0.00017746 -0.00112225 -0.000179341 0.999997 -0.00216106 0.00112092 0.00216088 0.999997 -0.147149 -0.0784654 0.260996
FixedParameters: 0 0 0

#Transform 1
Transform: AffineTransform_float_3_3
Parameters: 0.999999 0.000267234 -0.00140937 -0.000269812 0.999999 -0.0012691 0.00140849 0.00126925 0.999999 -0.155989 -0.0705179 0.253732
FixedParameters: 0 0 0

#Transform 2
Transform: AffineTransform_float_3_3
Parameters: 0.999998 0.000313627 -0.00200078 -0.000316332 0.999999 -0.00121211 0.00200065 0.0012131 0.999998 -0.150004 -0.0722991 0.191322
FixedParameters: 0 0 0

#Transform 3
Transform: AffineTransform_float_3_3
Parameters: 0.999998 -0.000774252 -0.00144147 0.000773378 0.999999 -0.00063993 0.0014423 0.000638982 0.999998 -0.126833 -0.0727385 0.179752
FixedParameters: 0 0 0

#Transform 4
Transform: AffineTransform_float_3_3
Parameters: 0.999999 -0.000755677 -0.00111521 0.000754257 0.999999 -0.000565041 0.00111507 0.000563671 0.999999 -0.132747 -0.05539 0.228546
FixedParameters: 0 0 0

#Transform 5
Transform: AffineTransform_float_3_3
Parameters: 1 -0.000232897 -0.00120113 0.000232621 1 -0.000525578 0.00120122 0.000525354 0.999999 -0.118834 -0.0250882 0.236963
FixedParameters: 0 0 0

#Transform 6
Transform: AffineTransform_float_3_3
Parameters: 0.999999 -0.000213921 -0.000718804 0.000213549 0.999999 -0.000941494 0.00071901 0.000941522 1 -0.103667 -0.00545478 0.16324
FixedParameters: 0 0 0

#Transform 7
Transform: AffineTransform_float_3_3
Parameters: 1 -0.00014486 -0.000657205 0.000145059 1 -0.000599542 0.000657218 0.000599367 0.999999 -0.0889509 -0.0121333 0.143447
FixedParameters: 0 0 0

#Transform 8
Transform: AffineTransform_float_3_3
Parameters: 0.999999 -0.000188251 -0.000894315 0.000187731 0.999999 -0.00083942 0.000894435 0.000839418 0.999999 -0.0994794 -0.00740395 0.158289
FixedParameters: 0 0 0

#Transform 9
Transform: AffineTransform_float_3_3
Parameters: 1 0.000104541 -0.00118783 -0.000105138 1 -0.00108211 0.00118728 0.00108239 0.999998 -0.0779914 0.00458838 0.0419858
FixedParameters: 0 0 0

#Transform 10
Transform: AffineTransform_float_3_3
Parameters: 0.999998 0.000233624 -0.00157224 -0.000235609 0.999998 -0.00162205 0.00157194 0.00162316 0.999997 -0.0788924 0.120433 0.210629
FixedParameters: 0 0 0

#Transform 11
Transform: AffineTransform_float_3_3
Parameters: 1 -1.18806e-05 -0.00108033 1.22605e-05 1 -0.000280689 0.00108018 0.000280999 1 -0.0860763 -0.0952218 0.159502
FixedParameters: 0 0 0

#Transform 12
Transform: AffineTransform_float_3_3
Parameters: 0.999999 0.000290217 -0.00130858 -0.000291648 0.999999 -0.000930149 0.00130787 0.000930298 0.999999 -0.0834652 0.0165466 0.126015
FixedParameters: 0 0 0

#Transform 13
Transform: AffineTransform_float_3_3
Parameters: 0.999999 -1.95486e-05 -0.000723408 1.87275e-05 1 -0.000579762 0.000723428 0.000578786 0.999999 -0.0600759 0.0475177 0.112008
FixedParameters: 0 0 0

#Transform 14
Transform: AffineTransform_float_3_3
Parameters: 0.999999 -8.1316e-05 -0.000951476 8.09471e-05 0.999999 -0.00123749 0.000951316 0.00123642 0.999999 -0.0306881 0.0133836 0.012268
FixedParameters: 0 0 0

#Transform 15
Transform: AffineTransform_float_3_3
Parameters: 1 -0.000130453 -0.000339298 0.00013055 0.999999 -0.00130196 0.000339442 0.00130188 0.999999 -0.0351001 -0.0113963 -0.0164497
FixedParameters: 0 0 0

#Transform 16
Transform: AffineTransform_float_3_3
Parameters: 1 -0.000189963 -0.000311218 0.000190088 0.999999 -0.00137489 0.000311545 0.00137479 0.999999 -0.0347172 -0.00348975 -0.0339511
FixedParameters: 0 0 0

#Transform 17
Transform: AffineTransform_float_3_3
Parameters: 1 -3.20603e-05 0.000163354 3.21949e-05 1 -0.000412055 -0.000163327 0.000412066 1 -0.0396126 -0.0177373 -0.0424521
FixedParameters: 0 0 0

#Transform 18
Transform: AffineTransform_float_3_3
Parameters: 1 -0.0001058 -0.00023493 0.000106371 0.999999 -0.000882998 0.000234956 0.000882965 0.999999 -0.0197138 -0.00650232 -0.0209224
FixedParameters: 0 0 0

#Transform 19
Transform: AffineTransform_float_3_3
Parameters: 1 -1.13944e-05 -0.000643735 1.12233e-05 1 -0.00101975 0.000644549 0.00101976 1 -0.00457309 0.0157924 -0.017083
FixedParameters: 0 0 0

#Transform 20
Transform: AffineTransform_float_3_3
Parameters: 1 -9.28232e-05 -0.000206691 9.36396e-05 1 -0.000412063 0.000206606 0.000412041 1 0.000441613 0.0049023 -0.0137949
FixedParameters: 0 0 0

#Transform 21
Transform: AffineTransform_float_3_3
Parameters: 1 -5.08463e-05 0.000120866 5.11048e-05 1 -0.00109295 -0.000120789 0.00109297 1 -0.00335583 -0.0176581 0.0248106
FixedParameters: 0 0 0

#Transform 22
Transform: AffineTransform_float_3_3
Parameters: 0.999999 2.61233e-05 -0.000738073 -2.72799e-05 0.999999 -0.000888459 0.000738978 0.000888823 1 -0.00818789 0.0262733 -0.00167479
FixedParameters: 0 0 0

#Transform 23
Transform: AffineTransform_float_3_3
Parameters: 0.999999 -0.000441 0.000766284 0.000440812 1 0.000122983 -0.000766392 -0.000122307 0.999999 -0.0181595 -0.00209511 0.00410163
FixedParameters: 0 0 0

#Transform 24
Transform: AffineTransform_float_3_3
Parameters: 1 -0.000355195 0.000329521 0.000355821 1 0.000547167 -0.000330072 -0.000546916 1 -0.0364021 0.0376632 0.0492362
FixedParameters: 0 0 0

#Transform 25
Transform: AffineTransform_float_3_3
Parameters: 1 -0.00019982 3.05705e-05 0.000199781 1 0.000632581 -3.08233e-05 -0.000632569 1 -0.0206786 0.0747462 0.0953645
FixedParameters: 0 0 0

#Transform 26
Transform: AffineTransform_float_3_3
Parameters: 1 -0.000127857 4.10081e-05 0.000127741 0.999999 0.00134949 -4.1387e-05 -0.00134948 0.999999 -0.010414 0.00379089 0.118793
FixedParameters: 0 0 0

#Transform 27
Transform: AffineTransform_float_3_3
Parameters: 1 0.000403027 0.000519059 -0.000404328 0.999999 0.00124856 -0.000518085 -0.00124898 0.999999 0.00565978 0.0104298 0.053288
FixedParameters: 0 0 0

#Transform 28
Transform: AffineTransform_float_3_3
Parameters: 1 0.000339337 0.00021534 -0.000339875 0.999999 0.00123994 -0.000214532 -0.00124008 0.999999 -0.00688796 0.060226 0.0785454
FixedParameters: 0 0 0

#Transform 29
Transform: AffineTransform_float_3_3
Parameters: 1 0.000372128 0.000446218 -0.000372755 0.999999 0.00179802 -0.000445108 -0.00179834 0.999999 0.00157787 -0.0146485 0.0977535
FixedParameters: 0 0 0

#Transform 30
Transform: AffineTransform_float_3_3
Parameters: 0.999999 0.000342125 0.000822821 -0.000343825 0.999998 0.00162659 -0.000821935 -0.00162682 0.999999 -0.000824793 0.0567823 0.0479736
FixedParameters: 0 0 0

#Transform 31
Transform: AffineTransform_float_3_3
Parameters: 0.999999 0.000514331 0.000805101 -0.000515278 0.999999 0.00179833 -0.000803638 -0.00179818 0.999998 -0.012861 0.0349714 0.0730214
FixedParameters: 0 0 0

#Transform 32
Transform: AffineTransform_float_3_3
Parameters: 0.999999 0.000752286 0.000569837 -0.00075315 0.999998 0.00146356 -0.000568813 -0.00146346 0.999998 -0.0110487 0.0463332 0.059277
FixedParameters: 0 0 0

#Transform 33
Transform: AffineTransform_float_3_3
Parameters: 0.999999 0.000451424 0.000612739 -0.000453009 0.999998 0.00195804 -0.000612184 -0.00195858 0.999998 -0.00957621 0.0499525 0.0611528
FixedParameters: 0 0 0

#Transform 34
Transform: AffineTransform_float_3_3
Parameters: 1 0.000343398 8.81448e-05 -0.00034384 0.999998 0.0015566 -8.80953e-05 -0.00155667 0.999999 0.00583974 0.0987102 0.025668
FixedParameters: 0 0 0

#Transform 35
Transform: AffineTransform_float_3_3
Parameters: 1 0.0001758 -0.000167395 -0.00017541 1 0.00118175 0.000167777 -0.0011817 1 0.00595942 0.0837217 0.0541038
FixedParameters: 0 0 0

#Transform 36
Transform: AffineTransform_float_3_3
Parameters: 1 0.000218086 0.000108364 -0.000218478 1 0.00103472 -0.000108932 -0.00103477 1 0.00747794 0.086198 0.0773508
FixedParameters: 0 0 0

#Transform 37
Transform: AffineTransform_float_3_3
Parameters: 1 0.000241344 0.000191828 -0.000240991 0.999999 0.00159761 -0.000191251 -0.00159673 0.999998 0.0226279 0.0804429 0.0747409
FixedParameters: 0 0 0

#Transform 38
Transform: AffineTransform_float_3_3
Parameters: 1 0.000293365 0.000518704 -0.000294142 0.999999 0.00153853 -0.000518982 -0.00153883 0.999998 0.00999154 0.140873 0.066984
FixedParameters: 0 0 0

#Transform 39
Transform: AffineTransform_float_3_3
Parameters: 1 0.0002075 0.000497164 -0.000207971 0.999999 0.00146097 -0.000496752 -0.00146116 0.999999 0.00211112 0.116231 0.0891496
FixedParameters: 0 0 0

#Transform 40
Transform: AffineTransform_float_3_3
Parameters: 1 0.000275868 0.000164804 -0.000276169 0.999999 0.000914856 -0.000164299 -0.000914947 0.999999 0.0169983 0.147469 0.0823044
FixedParameters: 0 0 0

#Transform 41
Transform: AffineTransform_float_3_3
Parameters: 1 9.69075e-05 8.35388e-05 -9.71577e-05 0.999999 0.00146679 -8.32881e-05 -0.00146681 0.999999 0.00416391 0.0730186 0.070197
FixedParameters: 0 0 0

#Transform 42
Transform: AffineTransform_float_3_3
Parameters: 1 0.00014411 -0.000205694 -0.00014333 0.999998 0.0019213 0.000206179 -0.00192124 0.999998 0.0173333 0.0794971 0.0215365
FixedParameters: 0 0 0

#Transform 43
Transform: AffineTransform_float_3_3
Parameters: 1 0.000203234 -1.46041e-06 -0.000203401 0.999997 0.00219686 1.29946e-06 -0.00219687 0.999997 0.0291972 0.0889515 -0.0124081
FixedParameters: 0 0 0

#Transform 44
Transform: AffineTransform_float_3_3
Parameters: 0.999999 0.000592973 -0.00063839 -0.000592509 0.999999 0.00125273 0.000639013 -0.00125294 0.999999 0.0189766 0.11948 -0.0214088
FixedParameters: 0 0 0

#Transform 45
Transform: AffineTransform_float_3_3
Parameters: 0.999999 0.00102618 -0.00140882 -0.00102475 0.999999 0.00125829 0.00141074 -0.00125638 0.999999 0.034964 0.202666 0.0428857
FixedParameters: 0 0 0

#Transform 46
Transform: AffineTransform_float_3_3
Parameters: 0.999999 0.000710004 -0.000613198 -0.000708621 0.999998 0.00206981 0.000615242 -0.00206928 0.999997 0.029443 0.0879808 0.0872025
FixedParameters: 0 0 0

#Transform 47
Transform: AffineTransform_float_3_3
Parameters: 0.999999 0.000959862 -0.00093424 -0.000957411 0.999997 0.00200531 0.000936236 -0.00200449 0.999997 0.0310828 0.134746 0.0565382
FixedParameters: 0 0 0

#Transform 48
Transform: AffineTransform_float_3_3
Parameters: 1 0.00104027 -0.000335349 -0.00104019 0.999998 0.00204889 0.000337765 -0.00204948 0.999998 0.0539939 0.121989 0.0435005
FixedParameters: 0 0 0

#Transform 49
Transform: AffineTransform_float_3_3
Parameters: 0.999999 0.00116108 0.000460086 -0.00116188 0.999998 0.00158508 -0.000458536 -0.00158646 0.999998 0.0468223 0.155525 0.00613449
FixedParameters: 0 0 0

#Transform 50
Transform: AffineTransform_float_3_3
Parameters: 0.999999 0.00125696 7.68685e-05 -0.00125753 0.999998 0.00164182 -7.47121e-05 -0.00164235 0.999998 0.0327835 0.189585 0.0357573
FixedParameters: 0 0 0

#Transform 51
Transform: AffineTransform_float_3_3
Parameters: 1 0.00108008 -2.83575e-05 -0.00108016 0.999999 0.00148165 3.05722e-05 -0.00148191 0.999999 0.0221809 0.140654 0.0388403
FixedParameters: 0 0 0

#Transform 52
Transform: AffineTransform_float_3_3
Parameters: 0.999999 0.000855036 -4.43649e-05 -0.000855214 0.999998 0.00168346 4.52377e-05 -0.00168372 0.999998 0.0223638 0.164586 0.0759772
FixedParameters: 0 0 0

#Transform 53
Transform: AffineTransform_float_3_3
Parameters: 0.999999 0.000604787 0.000599277 -0.000605142 1 0.000296067 -0.000598918 -0.000296792 1 0.0232437 0.176756 0.126628
FixedParameters: 0 0 0

#Transform 54
Transform: AffineTransform_float_3_3
Parameters: 0.999999 0.000809646 9.24879e-05 -0.000809096 0.999998 0.00146665 -9.12956e-05 -0.00146679 0.999999 0.0173884 0.172554 0.152426
FixedParameters: 0 0 0

#Transform 55
Transform: AffineTransform_float_3_3
Parameters: 1 0.00104504 -0.000320775 -0.00104493 0.999997 0.00218585 0.000323496 -0.00218648 0.999997 0.026717 0.18606 0.133864
FixedParameters: 0 0 0

#Transform 56
Transform: AffineTransform_float_3_3
Parameters: 1 0.000891267 -0.000591974 -0.000890278 0.999997 0.00192904 0.000593562 -0.00192895 0.999998 0.0367762 0.194872 0.132031
FixedParameters: 0 0 0

#Transform 57
Transform: AffineTransform_float_3_3
Parameters: 0.999999 0.000516563 -0.000695376 -0.000514812 0.999997 0.00207898 0.000696625 -0.00207923 0.999997 0.0518728 0.160821 0.103468
FixedParameters: 0 0 0

#Transform 58
Transform: AffineTransform_float_3_3
Parameters: 1 0.000562584 -0.000347597 -0.000561705 0.999998 0.00150389 0.000348268 -0.00150351 0.999999 0.0533113 0.179595 0.0837523
FixedParameters: 0 0 0

#Transform 59
Transform: AffineTransform_float_3_3
Parameters: 1 0.000227683 0.000122039 -0.00022815 0.999999 0.00122662 -0.0001225 -0.00122668 0.999999 0.0498293 0.174777 0.0706621
FixedParameters: 0 0 0

#Transform 60
Transform: AffineTransform_float_3_3
Parameters: 1 0.000596374 -8.79455e-05 -0.00059636 1 0.00102582 8.81487e-05 -0.00102572 1 0.0368643 0.192963 0.11283
FixedParameters: 0 0 0

#Transform 61
Transform: AffineTransform_float_3_3
Parameters: 1 0.000588062 -0.000184608 -0.000587694 0.999999 0.00144881 0.000185291 -0.0014486 0.999999 0.0297639 0.193001 0.141416
FixedParameters: 0 0 0

#Transform 62
Transform: AffineTransform_float_3_3
Parameters: 1 0.00109846 6.61547e-05 -0.00109885 0.999998 0.00171769 -6.34005e-05 -0.00171784 0.999999 0.0344198 0.211314 0.101295
FixedParameters: 0 0 0

#Transform 63
Transform: AffineTransform_float_3_3
Parameters: 1 0.00112403 6.17634e-05 -0.00112338 0.999999 0.00147807 -5.95889e-05 -0.00147851 0.999999 0.0128836 0.239021 0.101965
FixedParameters: 0 0 0

#Transform 64
Transform: AffineTransform_float_3_3
Parameters: 1 0.000564881 -0.000324719 -0.000564123 0.999999 0.00142389 0.000325306 -0.00142353 0.999999 0.0194773 0.225834 0.11675
FixedParameters: 0 0 0

#Transform 65
Transform: AffineTransform_float_3_3
Parameters: 0.999999 0.000998364 -9.48116e-05 -0.000998348 0.999998 0.00183113 9.64272e-05 -0.00183095 0.999999 0.0101253 0.195992 0.130077
FixedParameters: 0 0 0

#Transform 66
Transform: AffineTransform_float_3_3
Parameters: 1 0.00123844 1.57929e-05 -0.00123881 0.999998 0.00143602 -1.42076e-05 -0.00143639 0.999999 0.0080396 0.223602 0.114145
FixedParameters: 0 0 0

#Transform 67
Transform: AffineTransform_float_3_3
Parameters: 1 0.00118876 -0.000283839 -0.00118912 0.999998 0.00166541 0.000285988 -0.00166508 0.999998 -0.00687048 0.205263 0.141542
FixedParameters: 0 0 0

#Transform 68
Transform: AffineTransform_float_3_3
Parameters: 0.999999 0.00112032 -0.000218619 -0.00111974 0.999997 0.00207174 0.000221219 -0.00207158 0.999998 -0.00487073 0.199999 0.154631
FixedParameters: 0 0 0

#Transform 69
Transform: AffineTransform_float_3_3
Parameters: 1 0.00107895 -0.000211734 -0.00107832 0.999997 0.00224963 0.000214546 -0.00224918 0.999998 0.00340738 0.217896 0.134511
FixedParameters: 0 0 0

#Transform 70
Transform: AffineTransform_float_3_3
Parameters: 1 0.00115005 -0.000111436 -0.00114997 0.999996 0.00255248 0.00011428 -0.00255256 0.999996 -0.00851001 0.199077 0.166992
FixedParameters: 0 0 0

#Transform 71
Transform: AffineTransform_float_3_3
Parameters: 1 0.00102947 0.000435276 -0.00103062 0.999998 0.00207138 -0.000433174 -0.00207164 0.999997 -0.00618919 0.223989 0.108464
FixedParameters: 0 0 0

#Transform 72
Transform: AffineTransform_float_3_3
Parameters: 0.999999 0.000778775 0.000476324 -0.000779939 0.999995 0.00291428 -0.000474245 -0.00291374 0.999996 0.0055489 0.154198 0.129151
FixedParameters: 0 0 0

#Transform 73
Transform: AffineTransform_float_3_3
Parameters: 1 0.00106376 0.00023385 -0.00106454 0.999995 0.00272372 -0.000231275 -0.00272421 0.999996 -0.00482103 0.188647 0.0957526
FixedParameters: 0 0 0

#Transform 74
Transform: AffineTransform_float_3_3
Parameters: 1 0.00111327 0.000307223 -0.00111464 0.999995 0.00303503 -0.000303717 -0.00303571 0.999996 -0.00987972 0.192849 0.103548
FixedParameters: 0 0 0

#Transform 75
Transform: AffineTransform_float_3_3
Parameters: 1 0.000681558 0.000220613 -0.000682123 0.999995 0.00306931 -0.000217743 -0.00306865 0.999995 0.0113983 0.195272 0.0769573
FixedParameters: 0 0 0

#Transform 76
Transform: AffineTransform_float_3_3
Parameters: 0.999999 0.00085306 0.000273076 -0.000853122 0.999995 0.00306846 -0.000270304 -0.00306796 0.999995 0.0156872 0.212806 0.0691285
FixedParameters: 0 0 0

#Transform 77
Transform: AffineTransform_float_3_3
Parameters: 0.999999 0.000977631 0.000389877 -0.000979625 0.999994 0.00315551 -0.000386988 -0.00315532 0.999995 0.0189427 0.216711 0.0784967
FixedParameters: 0 0 0

#Transform 78
Transform: AffineTransform_float_3_3
Parameters: 0.999999 0.000792599 -0.000137559 -0.000792271 0.999995 0.0030347 0.000139239 -0.0030345 0.999996 0.00455814 0.203764 0.102287
FixedParameters: 0 0 0

#Transform 79
Transform: AffineTransform_float_3_3
Parameters: 1 0.000635343 -0.000112778 -0.000635176 0.999998 0.00221212 0.000113549 -0.00221231 0.999997 0.0122923 0.230355 0.0758297
FixedParameters: 0 0 0

#Transform 80
Transform: AffineTransform_float_3_3
Parameters: 1 0.00108974 -7.629e-05 -0.00108982 0.999996 0.00266173 7.90304e-05 -0.00266158 0.999997 0.00963415 0.255235 0.0459821
FixedParameters: 0 0 0

#Transform 81
Transform: AffineTransform_float_3_3
Parameters: 1 0.00109699 6.74288e-05 -0.00109656 0.999998 0.00173773 -6.5785e-05 -0.00173787 0.999999 -0.00857957 0.253521 0.00983447
FixedParameters: 0 0 0

#Transform 82
Transform: AffineTransform_float_3_3
Parameters: 1 0.00101245 -0.000431682 -0.00101127 0.999998 0.00152913 0.000433787 -0.00152952 0.999999 -0.0275532 0.273377 0.0436101
FixedParameters: 0 0 0

#Transform 83
Transform: AffineTransform_float_3_3
Parameters: 0.999997 0.0018535 -0.00114719 -0.00185016 0.999996 0.00222947 0.00115063 -0.00222685 0.999997 -0.0456654 0.264761 0.0746284
FixedParameters: 0 0 0

#Transform 84
Transform: AffineTransform_float_3_3
Parameters: 0.999997 0.00229428 -0.000919361 -0.00229243 0.999996 0.00187838 0.000924219 -0.00187609 0.999998 -0.0321209 0.286124 0.0767154
FixedParameters: 0 0 0

#Transform 85
Transform: AffineTransform_float_3_3
Parameters: 0.999996 0.0024767 -0.00129614 -0.00247371 0.999994 0.00233341 0.00130113 -0.00232991 0.999996 -0.0499936 0.287163 0.172243
FixedParameters: 0 0 0

#Transform 86
Transform: AffineTransform_float_3_3
Parameters: 0.999996 0.0022046 -0.00142653 -0.002202 0.999997 0.00146866 0.00142924 -0.00146493 0.999998 -0.0203193 0.277484 0.109438
FixedParameters: 0 0 0

#Transform 87
Transform: AffineTransform_float_3_3
Parameters: 0.999998 0.00175142 -0.000966016 -0.00174937 0.999994 0.00308737 0.000971283 -0.00308565 0.999995 0.0162045 0.260311 0.119996
FixedParameters: 0 0 0

#Transform 88
Transform: AffineTransform_float_3_3
Parameters: 0.999998 0.00188294 -0.000987343 -0.00187997 0.999994 0.00298825 0.000992884 -0.00298617 0.999995 -0.00091221 0.261547 0.119089
FixedParameters: 0 0 0

#Transform 89
Transform: AffineTransform_float_3_3
Parameters: 1 0.00105223 -0.000431518 -0.00105016 0.999995 0.00297382 0.000434674 -0.00297292 0.999996 0.0469452 0.258023 0.0757973
FixedParameters: 0 0 0

#Transform 90
Transform: AffineTransform_float_3_3
Parameters: 1 0.000906687 -0.000830597 -0.000903432 0.999996 0.00284133 0.000832838 -0.00284112 0.999995 0.0591797 0.290054 0.0786863
FixedParameters: 0 0 0

#Transform 91
Transform: AffineTransform_float_3_3
Parameters: 0.999998 0.0018987 -0.000857156 -0.00189459 0.999986 0.00506441 0.000866609 -0.00506283 0.999987 0.046413 0.36056 0.0161502
FixedParameters: 0 0 0

#Transform 92
Transform: AffineTransform_float_3_3
Parameters: 0.999997 0.0024629 -0.000249336 -0.00246093 0.999969 0.00746166 0.000268298 -0.00746142 0.999972 0.0733301 0.0825743 0.14811
FixedParameters: 0 0 0

#Transform 93
Transform: AffineTransform_float_3_3
Parameters: 0.999997 0.00244498 0.000821531 -0.00244884 0.999985 0.00485021 -0.000809942 -0.00485259 0.999988 0.0587091 0.18347 0.182327
FixedParameters: 0 0 0

#Transform 94
Transform: AffineTransform_float_3_3
Parameters: 0.999997 0.00270383 -0.000428659 -0.00270306 0.999994 0.00181079 0.000433582 -0.00180945 0.999999 0.0935601 0.499936 -0.276006
FixedParameters: 0 0 0

#Transform 95
Transform: AffineTransform_float_3_3
Parameters: 0.999998 0.00204968 -7.37376e-05 -0.0020499 0.999997 0.000728863 7.48226e-05 -0.00072826 0.999999 0.120642 0.319654 -0.236311
FixedParameters: 0 0 0

#Transform 96
Transform: AffineTransform_float_3_3
Parameters: 0.999996 0.0028516 -1.71311e-05 -0.0028512 0.999995 0.00139808 2.11028e-05 -0.0013983 0.999999 0.123598 0.331909 -0.337433
FixedParameters: 0 0 0

#Transform 97
Transform: AffineTransform_float_3_3
Parameters: 0.999997 0.00249352 -0.00100256 -0.00249235 0.999996 0.00136909 0.0010057 -0.00136698 0.999998 0.110448 0.356826 -0.376109
FixedParameters: 0 0 0

#Transform 98
Transform: AffineTransform_float_3_3
Parameters: 0.999996 0.00266234 -0.000944838 -0.00266138 0.999996 0.000657122 0.000946489 -0.000654322 0.999999 0.144666 0.431477 -0.307268
FixedParameters: 0 0 0

#Transform 99
Transform: AffineTransform_float_3_3
Parameters: 0.999995 0.00278833 -0.00140758 -0.0027856 0.999995 0.00152728 0.0014124 -0.00152358 0.999998 0.128478 0.354762 -0.239827
FixedParameters: 0 0 0

#Transform 100
Transform: AffineTransform_float_3_3
Parameters: 0.999995 0.00250519 -0.00153486 -0.00250412 0.999997 0.000432661 0.00153514 -0.000428782 0.999999 0.117711 0.401746 -0.263802
FixedParameters: 0 0 0

#Transform 101
Transform: AffineTransform_float_3_3
Parameters: 0.999997 0.00214025 -0.00165814 -0.00213812 0.999997 0.00106747 0.00165999 -0.00106389 0.999998 0.123311 0.400557 -0.27605
FixedParameters: 0 0 0

#Transform 102
Transform: AffineTransform_float_3_3
Parameters: 0.999997 0.0023634 -0.001279 -0.00236204 0.999997 0.00108702 0.00128143 -0.00108386 0.999999 0.139213 0.468627 -0.335665
FixedParameters: 0 0 0

#Transform 103
Transform: AffineTransform_float_3_3
Parameters: 0.999995 0.00249955 -0.00197814 -0.00249694 0.999996 0.00101289 0.00198048 -0.00100746 0.999998 0.147134 0.373218 -0.302081
FixedParameters: 0 0 0

#Transform 104
Transform: AffineTransform_float_3_3
Parameters: 0.999995 0.00271062 -0.00197283 -0.00270902 0.999996 0.000716355 0.00197504 -0.00071075 0.999997 0.113064 0.416365 -0.326966
FixedParameters: 0 0 0

#Transform 105
Transform: AffineTransform_float_3_3
Parameters: 0.999995 0.00255347 -0.00156862 -0.00255168 0.999997 0.000600937 0.00157079 -0.000596728 0.999999 0.145319 0.421162 -0.4121
FixedParameters: 0 0 0

#Transform 106
Transform: AffineTransform_float_3_3
Parameters: 0.999996 0.00252021 -0.00173829 -0.00251924 0.999997 0.000303383 0.00173895 -0.000299374 0.999999 0.104403 0.437269 -0.332001
FixedParameters: 0 0 0

#Transform 107
Transform: AffineTransform_float_3_3
Parameters: 0.999991 0.00255932 -0.00323475 -0.00255739 0.999997 0.000451918 0.00323633 -0.000444232 0.999995 0.126974 0.460068 -0.367315
FixedParameters: 0 0 0

#Transform 108
Transform: AffineTransform_float_3_3
Parameters: 0.999992 0.0028397 -0.00284223 -0.00283829 0.999996 0.000626706 0.00284426 -0.000619143 0.999996 0.099706 0.466352 -0.350201
FixedParameters: 0 0 0

#Transform 109
Transform: AffineTransform_float_3_3
Parameters: 0.999993 0.00278039 -0.00243139 -0.00278044 0.999996 -3.35921e-05 0.00243133 4.04703e-05 0.999997 0.12517 0.44886 -0.369532
FixedParameters: 0 0 0

#Transform 110
Transform: AffineTransform_float_3_3
Parameters: 0.999993 0.00244112 -0.00276253 -0.00244124 0.999997 -0.000249468 0.00276224 0.000256972 0.999996 0.130973 0.487467 -0.446555
FixedParameters: 0 0 0

#Transform 111
Transform: AffineTransform_float_3_3
Parameters: 0.999991 0.00283988 -0.00316856 -0.00284043 0.999995 -0.000292051 0.00316785 0.000301223 0.999995 0.125079 0.501386 -0.441776
FixedParameters: 0 0 0

#Transform 112
Transform: AffineTransform_float_3_3
Parameters: 0.999992 0.00242495 -0.00321499 -0.00242649 0.999997 -0.00028621 0.00321468 0.000294231 0.999995 0.120914 0.513597 -0.4341
FixedParameters: 0 0 0

#Transform 113
Transform: AffineTransform_float_3_3
Parameters: 0.999993 0.00247315 -0.00261213 -0.00247492 0.999997 -0.000391075 0.00261129 0.00039768 0.999996 0.138991 0.521851 -0.444154
FixedParameters: 0 0 0

#Transform 114
Transform: AffineTransform_float_3_3
Parameters: 0.999994 0.00251694 -0.0026194 -0.00251888 0.999996 -0.000422713 0.00261839 0.000429583 0.999996 0.113511 0.506335 -0.38021
FixedParameters: 0 0 0

#Transform 115
Transform: AffineTransform_float_3_3
Parameters: 0.999992 0.00290137 -0.00268513 -0.00290424 0.999995 -0.00119846 0.00268077 0.00120651 0.999996 0.109935 0.504817 -0.42946
FixedParameters: 0 0 0

#Transform 116
Transform: AffineTransform_float_3_3
Parameters: 0.999992 0.00273025 -0.00265809 -0.00273486 0.999995 -0.00157107 0.00265306 0.00157806 0.999995 0.131361 0.5571 -0.417021
FixedParameters: 0 0 0

#Transform 117
Transform: AffineTransform_float_3_3
Parameters: 0.999993 0.00323012 -0.00219606 -0.00323373 0.999993 -0.00174481 0.00219035 0.00175179 0.999996 0.127657 0.513617 -0.464856
FixedParameters: 0 0 0

#Transform 118
Transform: AffineTransform_float_3_3
Parameters: 0.999992 0.0030093 -0.00258794 -0.00301205 0.999995 -0.00106101 0.0025853 0.00106905 0.999996 0.122084 0.481604 -0.495637
FixedParameters: 0 0 0

#Transform 119
Transform: AffineTransform_float_3_3
Parameters: 0.999993 0.00277719 -0.0025645 -0.00278107 0.999996 -0.00125773 0.00256025 0.00126538 0.999996 0.113271 0.502676 -0.475823
FixedParameters: 0 0 0
