#Insight Transform File V1.0
#Transform 0
Transform: AffineTransform_float_3_3
Parameters: 0.999998 0.000516176 -0.0015735 -0.00051093 0.999995 0.00328191 0.00157439 -0.00328109 0.999993 -0.0437901 0.020381 0.0794125
FixedParameters: 0 0 0

#Transform 1
Transform: AffineTransform_float_3_3
Parameters: 0.999999 0.000719763 -0.00164354 -0.000714861 0.999996 0.00275059 0.00164468 -0.00274841 0.999995 -0.0455031 0.0114371 0.0157188
FixedParameters: 0 0 0

#Transform 2
Transform: AffineTransform_float_3_3
Parameters: 0.999998 0.000637838 -0.00188054 -0.000633676 0.999998 0.00212072 0.00188138 -0.00211929 0.999996 -0.0406336 0.0212098 -0.0133322
FixedParameters: 0 0 0

#Transform 3
Transform: AffineTransform_float_3_3
Parameters: 0.999999 0.000293506 -0.00149878 -0.000290445 0.999998 0.00186985 0.00149864 -0.00186915 0.999997 -0.045292 -0.0504575 0.0480801
FixedParameters: 0 0 0

#Transform 4
Transform: AffineTransform_float_3_3
Parameters: 0.999999 0.000292246 -0.00149903 -0.000290434 1 0.00102854 0.00149901 -0.00102846 0.999998 -0.0367125 0.0813669 0.0379852
FixedParameters: 0 0 0

#Transform 5
Transform: AffineTransform_float_3_3
Parameters: 0.999999 0.00045495 -0.000833776 -0.000453288 0.999996 0.00252038 0.000834825 -0.00251962 0.999996 -0.0224328 -0.0720878 0.0706783
FixedParameters: 0 0 0

#Transform 6
Transform: AffineTransform_float_3_3
Parameters: 1 0.000495418 -0.000908478 -0.000493571 0.999999 0.00171545 0.000909554 -0.00171455 0.999998 -0.023533 0.0194937 -0.00573313
FixedParameters: 0 0 0

#Transform 7
Transform: AffineTransform_float_3_3
Parameters: 1 0.000440132 -0.00107103 -0.000438133 0.999998 0.00211958 0.00107165 -0.00211943 0.999998 -0.0253274 -0.0145419 0.0523479
FixedParameters: 0 0 0

#Transform 8
Transform: AffineTransform_float_3_3
Parameters: 1 0.000216075 -0.00049887 -0.000215232 0.999999 0.00179011 0.000499968 -0.00178989 0.999999 -0.00155359 0.0188919 0.0130197
FixedParameters: 0 0 0

#Transform 9
Transform: AffineTransform_float_3_3
Parameters: 1 0.000279315 -0.000243377 -0.000279095 0.999997 0.00238607 0.000245035 -0.00238593 0.999997 -0.00470409 -0.00923409 0.0950975
FixedParameters: 0 0 0

#Transform 10
Transform: AffineTransform_float_3_3
Parameters: 1 0.000377863 -0.000451952 -0.000376949 0.999999 0.00137028 0.000452041 -0.00137072 0.999999 -0.00876188 -0.0339555 0.024912
FixedParameters: 0 0 0

#Transform 11
Transform: AffineTransform_float_3_3
Parameters: 0.999999 0.000622921 -0.000535875 -0.000621668 0.999998 0.00147233 0.000536761 -0.00147167 0.999999 -0.00533619 -0.0438056 0.00144375
FixedParameters: 0 0 0

#Transform 12
Transform: AffineTransform_float_3_3
Parameters: 1 0.000202555 -0.000392119 -0.000202089 1 0.000595079 0.00039236 -0.00059492 0.999999 0.000190334 -0.0384106 -0.0118219
FixedParameters: 0 0 0

#Transform 13
Transform: AffineTransform_float_3_3
Parameters: 0.999999 -0.000180692 -0.000792327 0.000180906 1 0.000134857 0.000792278 -0.000135143 0.999999 -0.00181192 -0.0033274 0.00649216
FixedParameters: 0 0 0

#Transform 14
Transform: AffineTransform_float_3_3
Parameters: 1 4.73634e-05 -0.000338831 -4.7151e-05 1 0.000313122 0.000338861 -0.000313878 1 0.00221788 -0.051754 -0.0108408
FixedParameters: 0 0 0

#Transform 15
Transform: AffineTransform_float_3_3
Parameters: 1 0.000264209 -0.000212555 -0.000264151 1 0.000135056 0.000212627 -0.000134944 1 0.00203953 -0.061007 -0.0208443
FixedParameters: 0 0 0

#Transform 16
Transform: AffineTransform_float_3_3
Parameters: 1 -0.000439214 0.000158836 0.000439017 1 -0.00040393 -0.000159427 0.00040407 1 0.0381293 0.0196201 -0.0879667
FixedParameters: 0 0 0

#Transform 17
Transform: AffineTransform_float_3_3
Parameters: 1 -0.000492775 -0.00015249 0.000492492 0.999999 -0.000927074 0.000153403 0.000926924 0.999999 0.00737988 -0.0649374 0.00334856
FixedParameters: 0 0 0

#Transform 18
Transform: AffineTransform_float_3_3
Parameters: 1 -0.000492711 -0.000152698 0.000492557 1 -0.000504075 0.000153195 0.000503924 1 0.00738729 -0.0517099 -0.009233
FixedParameters: 0 0 0

#Transform 19
Transform: AffineTransform_float_3_3
Parameters: 1 9.22286e-05 -0.00035401 -9.1164e-05 0.999999 0.00150303 0.000354285 -0.00150297 0.999999 -0.000243005 -0.027949 0.022044
FixedParameters: 0 0 0

#Transform 20
Transform: AffineTransform_float_3_3
Parameters: 1 8.89711e-05 -0.000353143 -8.87489e-05 1 0.000314137 0.000353199 -0.000314863 1 -0.000146488 0.00551016 -0.00506502
FixedParameters: 0 0 0

#Transform 21
Transform: AffineTransform_float_3_3
Parameters: 1 0.000109416 -0.000293587 -0.000109326 1 0.000153032 0.00029362 -0.000152968 1 0.000493096 -0.0482246 -0.0279798
FixedParameters: 0 0 0

#Transform 22
Transform: AffineTransform_float_3_3
Parameters: 1 8.89079e-05 -0.000353159 -8.88119e-05 1 0.000136031 0.000353183 -0.000135969 1 0.00683739 -0.05222 -0.0390645
FixedParameters: 0 0 0

#Transform 23
Transform: AffineTransform_float_3_3
Parameters: 1 -0.000227411 -3.04078e-06 0.000227408 1 -0.000407001 3.2259e-06 0.000406999 1 -0.00992847 -0.0073679 -0.066352
FixedParameters: 0 0 0

#Transform 24
Transform: AffineTransform_float_3_3
Parameters: 1 -0.000353823 -0.000200487 0.000353462 0.999999 -0.00089907 0.000201123 0.000898928 0.999999 -0.0114733 -0.0687936 -0.0229013
FixedParameters: 0 0 0

#Transform 25
Transform: AffineTransform_float_3_3
Parameters: 0.999999 -0.000197523 0.000982469 0.000197054 0.999999 0.000719608 -0.000983079 -0.000719392 1 0.00998939 -0.0260097 0.0771541
FixedParameters: 0 0 0

#Transform 26
Transform: AffineTransform_float_3_3
Parameters: 1 -0.000230324 -1.1954e-05 0.000230682 0.999999 0.00135 1.22771e-05 -0.00135 0.999999 -0.013819 -0.00858391 0.0669339
FixedParameters: 0 0 0

#Transform 27
Transform: AffineTransform_float_3_3
Parameters: 0.999999 5.34206e-05 0.000812858 -5.36905e-05 1 0.000165956 -0.00081284 -0.000166043 0.999999 0.00979432 -0.0502958 0.037076
FixedParameters: 0 0 0

#Transform 28
Transform: AffineTransform_float_3_3
Parameters: 0.999999 -0.000398424 0.000881113 0.000399149 0.999999 -0.000595648 -0.000881584 0.000596351 0.999999 0.020102 -0.0363837 -0.00478845
FixedParameters: 0 0 0

#Transform 29
Transform: AffineTransform_float_3_3
Parameters: 0.999999 8.53071e-05 0.000902596 -8.46082e-05 0.999999 -0.000910769 -0.000902425 0.000911231 0.999999 0.0266658 -0.00765103 0.00352191
FixedParameters: 0 0 0

#Transform 30
Transform: AffineTransform_float_3_3
Parameters: 0.999999 0.000377087 -0.000853748 -0.000377072 0.999999 -0.000735371 0.000853813 0.00073663 1 0.0430283 0.196969 -0.218887
FixedParameters: 0 0 0

#Transform 31
Transform: AffineTransform_float_3_3
Parameters: 0.999999 0.000209308 -0.000858635 -0.000208271 1 0.000604179 0.000858887 -0.00060382 0.999999 0.0170108 -0.173009 0.00184122
FixedParameters: 0 0 0

#Transform 32
Transform: AffineTransform_float_3_3
Parameters: 1 -0.000414777 -0.000885308 0.000415741 1 0.00107863 0.000884737 -0.00107937 0.999999 0.000380663 -0.0764503 -0.0251574
FixedParameters: 0 0 0

#Transform 33
Transform: AffineTransform_float_3_3
Parameters: 1 -0.000449127 -0.000374291 0.000449425 1 0.000398832 0.000373933 -0.000399168 1 0.015578 0.011643 -0.128139
FixedParameters: 0 0 0

#Transform 34
Transform: AffineTransform_float_3_3
Parameters: 1 -0.000292608 -0.000567687 0.000292885 1 0.000243834 0.000567544 -0.000244166 1 0.0118152 -0.0742697 -0.127482
FixedParameters: 0 0 0

#Transform 35
Transform: AffineTransform_float_3_3
Parameters: 1 -0.000109998 -0.000509969 0.000110047 1 4.79439e-05 0.000509958 -4.80561e-05 1 0.0187208 0.0117241 -0.140844
FixedParameters: 0 0 0

#Transform 36
Transform: AffineTransform_float_3_3
Parameters: 1 -7.67111e-05 -0.000533064 7.67452e-05 1 3.19591e-05 0.000533059 -3.20409e-05 1 0.0263275 -0.0209474 -0.110291
FixedParameters: 0 0 0

#Transform 37
Transform: AffineTransform_float_3_3
Parameters: 1 6.76135e-05 -0.000467423 -6.73732e-05 1 0.000257031 0.000467458 -0.000256968 1 0.0173492 -0.0613294 -0.0872083
FixedParameters: 0 0 0

#Transform 38
Transform: AffineTransform_float_3_3
Parameters: 1 6.75581e-05 -0.000457958 -6.76158e-05 1 -6.2969e-05 0.00045795 6.30309e-05 1 0.0163332 -0.0424827 -0.104194
FixedParameters: 0 0 0

#Transform 39
Transform: AffineTransform_float_3_3
Parameters: 1 -6.69227e-05 -0.000335497 6.68248e-05 1 -0.000146022 0.000335517 0.000145978 1 0.0295163 -0.0249119 -0.0877758
FixedParameters: 0 0 0

#Transform 40
Transform: AffineTransform_float_3_3
Parameters: 1 0.000244029 -0.000514298 -0.000243591 1 0.000426125 0.000514506 -0.000425874 1 0.0270055 -0.0339948 -0.0346365
FixedParameters: 0 0 0

#Transform 41
Transform: AffineTransform_float_3_3
Parameters: 1 7.84066e-05 -0.00065637 -7.87859e-05 1 -0.000288948 0.000656324 0.000289051 0.999999 0.0180316 -0.0268467 -0.118733
FixedParameters: 0 0 0

#Transform 42
Transform: AffineTransform_float_3_3
Parameters: 1 0.000127828 -0.000568605 -0.000127866 1 -3.29273e-05 0.000568597 3.30727e-05 1 0.0133284 -0.0274934 -0.0722958
FixedParameters: 0 0 0

#Transform 43
Transform: AffineTransform_float_3_3
Parameters: 1 0.000265158 -0.000570084 -0.000264369 0.999999 0.000691256 0.00057045 -0.000691742 1 0.00875733 -0.037937 -0.095156
FixedParameters: 0 0 0

#Transform 44
Transform: AffineTransform_float_3_3
Parameters: 1 0.000259566 -0.000416997 -0.000259067 1 0.000598108 0.000417307 -0.000597891 0.999999 0.0109745 0.029724 -0.124299
FixedParameters: 0 0 0

#Transform 45
Transform: AffineTransform_float_3_3
Parameters: 1 -0.000144579 -0.000279167 0.000143967 1 0.00059796 0.00027932 -0.00059804 1 0.0161972 -0.0297269 -0.117978
FixedParameters: 0 0 0

#Transform 46
Transform: AffineTransform_float_3_3
Parameters: 1 0.000199183 -0.000278869 -0.00019884 1 0.000614055 0.000279114 -0.000613944 1 0.0329242 0.00561226 -0.184529
FixedParameters: 0 0 0

#Transform 47
Transform: AffineTransform_float_3_3
Parameters: 1 3.72955e-05 -0.000647398 -3.72178e-05 1 6.00241e-05 0.000647403 -5.99759e-05 1 0.0171013 -0.0102205 -0.212621
FixedParameters: 0 0 0

#Transform 48
Transform: AffineTransform_float_3_3
Parameters: 1 0.000119223 -0.000541328 -0.000119299 1 -6.99354e-05 0.000541311 7.00645e-05 1 0.0147094 -0.0309591 -0.184842
FixedParameters: 0 0 0

#Transform 49
Transform: AffineTransform_float_3_3
Parameters: 1 -3.00484e-05 -0.000434864 3.03928e-05 1 0.000395987 0.00043484 -0.000396013 1 0.0167143 0.0105737 -0.144492
FixedParameters: 0 0 0

#Transform 50
Transform: AffineTransform_float_3_3
Parameters: 1 -3.66858e-05 -0.000452795 3.6127e-05 1 -0.000617016 0.00045284 0.000616983 0.999999 0.030546 0.0361386 -0.0976972
FixedParameters: 0 0 0

#Transform 51
Transform: AffineTransform_float_3_3
Parameters: 0.999999 -0.00032716 -0.000845512 0.000326119 1 -0.00117428 0.000845954 0.00117372 0.999999 -0.0024565 0.024977 0.00286357
FixedParameters: 0 0 0

#Transform 52
Transform: AffineTransform_float_3_3
Parameters: 1 9.90757e-05 0.000167887 -9.90418e-05 1 -0.000101017 -0.000167907 0.000100983 1 0.0071532 -0.211951 -0.0550315
FixedParameters: 0 0 0

#Transform 53
Transform: AffineTransform_float_3_3
Parameters: 1 -0.000191246 -0.000204834 0.000191023 1 -0.000544039 0.000205042 0.000543961 1 0.00500281 -0.000323528 -0.133404
FixedParameters: 0 0 0

#Transform 54
Transform: AffineTransform_float_3_3
Parameters: 1 9.22768e-05 -0.000361737 -9.22312e-05 1 6.30334e-05 0.000361749 -6.29666e-05 1 0.0232928 -0.0223343 -0.152816
FixedParameters: 0 0 0

#Transform 55
Transform: AffineTransform_float_3_3
Parameters: 1 -6.86234e-05 -0.000204819 6.82399e-05 0.999999 -0.000936013 0.000204947 0.000935985 0.999999 0.0133615 0.0151453 -0.141991
FixedParameters: 0 0 0

#Transform 56
Transform: AffineTransform_float_3_3
Parameters: 1 -0.000273106 7.91509e-05 0.000273064 1 0.000268022 -7.92973e-05 -0.000267978 1 0.0285709 -0.0502695 -0.101758
FixedParameters: 0 0 0

#Transform 57
Transform: AffineTransform_float_3_3
Parameters: 1 -0.000252223 -0.000381613 0.000251808 1 -0.000544096 0.000381887 0.000543904 1 0.0224541 0.00501483 -0.148741
FixedParameters: 0 0 0

#Transform 58
Transform: AffineTransform_float_3_3
Parameters: 1 -3.1596e-05 -0.000457876 3.08789e-05 0.999999 -0.00181602 0.000457664 0.00181599 0.999998 0.0114467 -0.0404557 -0.23058
FixedParameters: 0 0 0

#Transform 59
Transform: AffineTransform_float_3_3
Parameters: 0.999999 0.000379523 -0.000887035 -0.000381902 0.999995 -0.00330956 0.000885429 0.00330945 0.999995 -0.0208141 0.00544403 -0.289711
FixedParameters: 0 0 0

#Transform 60
Transform: AffineTransform_float_3_3
Parameters: 0.999999 -0.000292166 -0.000850209 0.000289424 0.999992 -0.00383494 0.000851137 0.00383506 0.999992 -0.000896028 -0.103257 -0.223474
FixedParameters: 0 0 0

#Transform 61
Transform: AffineTransform_float_3_3
Parameters: 1 -0.000142018 -0.000419638 0.000140763 0.999993 -0.00374706 0.000420046 0.00374694 0.999993 0.0059964 -0.0823526 -0.251682
FixedParameters: 0 0 0

#Transform 62
Transform: AffineTransform_float_3_3
Parameters: 0.999999 -0.000113344 -0.000709317 0.000110007 0.999989 -0.00457777 0.000710309 0.00457823 0.999989 0.00804699 -0.0750552 -0.29832
FixedParameters: 0 0 0

#Transform 63
Transform: AffineTransform_float_3_3
Parameters: 1 -0.00059497 -0.000262364 0.000594235 0.999996 -0.00257315 0.000264153 0.00257284 0.999996 0.0267406 -0.10019 -0.143659
FixedParameters: 0 0 0

#Transform 64
Transform: AffineTransform_float_3_3
Parameters: 1 -0.000336647 -0.000125851 0.000336279 0.999999 -0.00145704 0.000126831 0.00145696 0.999999 0.0281672 0.0473396 -0.155462
FixedParameters: 0 0 0

#Transform 65
Transform: AffineTransform_float_3_3
Parameters: 1 -0.00012082 -0.000426938 0.000121303 1 -0.000542052 0.000426744 0.000541948 1 0.0075958 -0.132355 -0.0815693
FixedParameters: 0 0 0

#Transform 66
Transform: AffineTransform_float_3_3
Parameters: 1 0.000134833 -0.000993554 -0.000135879 1 -0.00116587 0.000993858 0.00116613 0.999999 0.0166561 0.0751348 -0.196876
FixedParameters: 0 0 0

#Transform 67
Transform: AffineTransform_float_3_3
Parameters: 0.999999 0.000175012 -0.000876421 -0.000176764 0.999999 -0.00153984 0.000875554 0.00154015 0.999998 0.0177036 -0.087127 -0.178519
FixedParameters: 0 0 0

#Transform 68
Transform: AffineTransform_float_3_3
Parameters: 1 -0.000137707 -0.000684643 0.000136392 0.999998 -0.00188709 0.000685781 0.00188691 0.999998 0.0116054 -0.0777468 -0.186245
FixedParameters: 0 0 0

#Transform 69
Transform: AffineTransform_float_3_3
Parameters: 1 -0.000185881 -0.000628787 0.000184828 0.999998 -0.00158912 0.00062905 0.00158888 0.999998 0.0240264 -0.0711874 -0.203
FixedParameters: 0 0 0

#Transform 70
Transform: AffineTransform_float_3_3
Parameters: 0.999999 -0.00023396 -0.000814306 0.000231804 0.999997 -0.00248419 0.000814811 0.00248381 0.999996 0.00337567 -0.0636081 -0.208743
FixedParameters: 0 0 0

#Transform 71
Transform: AffineTransform_float_3_3
Parameters: 1 -0.000400349 -0.00032032 0.000399117 0.999996 -0.00288713 0.000321357 0.00288687 0.999996 -0.00495711 -0.075318 -0.196876
FixedParameters: 0 0 0

#Transform 72
Transform: AffineTransform_float_3_3
Parameters: 1 -0.000324876 -0.000102959 0.000324829 0.999995 -0.00322403 0.000103782 0.00322396 0.999995 0.0115968 -0.0605361 -0.226228
FixedParameters: 0 0 0

#Transform 73
Transform: AffineTransform_float_3_3
Parameters: 1 6.69842e-05 -2.9633e-05 -6.71541e-05 0.999996 -0.002885 2.9246e-05 0.002885 0.999996 0.0264225 -0.0625381 -0.240841
FixedParameters: 0 0 0

#Transform 74
Transform: AffineTransform_float_3_3
Parameters: 1 -4.76951e-05 -0.000310572 4.6663e-05 0.999995 -0.00318401 0.000310547 0.00318398 0.999995 0.0238222 -0.0703705 -0.241817
FixedParameters: 0 0 0

#Transform 75
Transform: AffineTransform_float_3_3
Parameters: 1 0.000110693 -0.000497923 -0.000112242 0.999996 -0.00283184 0.000497912 0.00283116 0.999996 0.0200027 -0.0950953 -0.243022
FixedParameters: 0 0 0

#Transform 76
Transform: AffineTransform_float_3_3
Parameters: 1 -0.00016908 -0.000400689 0.000167407 0.999994 -0.00326406 0.000401462 0.00326393 0.999994 0.023669 -0.0856862 -0.226108
FixedParameters: 0 0 0

#Transform 77
Transform: AffineTransform_float_3_3
Parameters: 1 -0.000109048 -0.000125174 0.000109417 0.999998 -0.00230402 0.000125352 0.00230399 0.999998 0.0091221 -0.0596767 -0.210056
FixedParameters: 0 0 0

#Transform 78
Transform: AffineTransform_float_3_3
Parameters: 1 -0.000321461 -0.000184693 0.000321 0.999996 -0.00292216 0.0001853 0.00292283 0.999995 0.0176516 0.0685972 -0.169403
FixedParameters: 0 0 0

#Transform 79
Transform: AffineTransform_float_3_3
Parameters: 0.999999 -0.000515885 0.00146647 0.000516827 1 -0.000643137 -0.00146548 0.000643863 0.999999 0.0101617 -0.142999 0.440758
FixedParameters: 0 0 0

#Transform 80
Transform: AffineTransform_float_3_3
Parameters: 1 -0.000222232 0.00058232 0.00022294 1 -0.00060787 -0.000582049 0.000608129 0.999999 0.0224616 0.00759995 -0.1988
FixedParameters: 0 0 0

#Transform 81
Transform: AffineTransform_float_3_3
Parameters: 1 -5.40523e-05 0.000524682 5.51358e-05 0.999998 -0.00224297 -0.000525057 0.00224303 0.999998 0.0110672 0.0151806 -0.573233
FixedParameters: 0 0 0

#Transform 82
Transform: AffineTransform_float_3_3
Parameters: 1 -0.000325841 0.000333137 0.00032696 0.999997 -0.00216989 -0.000332666 0.00217011 0.999997 -0.00811131 -0.086589 -0.27927
FixedParameters: 0 0 0

#Transform 83
Transform: AffineTransform_float_3_3
Parameters: 1 -0.000320398 -0.000515524 0.000319095 0.999998 -0.00186517 0.000515446 0.00186484 0.999998 -0.0274639 -0.0623632 -0.101761
FixedParameters: 0 0 0

#Transform 84
Transform: AffineTransform_float_3_3
Parameters: 0.999999 -0.000238403 -0.00080001 0.000237513 1 -0.00114719 0.00080023 0.00114681 0.999999 0.0306579 0.237877 -0.451786
FixedParameters: 0 0 0

#Transform 85
Transform: AffineTransform_float_3_3
Parameters: 1 0.000237119 -0.000248523 -0.000236768 0.999999 0.000705058 0.000248857 -0.000704941 0.999999 0.0454551 -0.0216992 -0.404575
FixedParameters: 0 0 0

#Transform 86
Transform: AffineTransform_float_3_3
Parameters: 1 0.000108326 -0.000343746 -0.000107527 1 0.00116204 0.000343997 -0.00116196 1 0.0284359 0.0319002 -0.293253
FixedParameters: 0 0 0

#Transform 87
Transform: AffineTransform_float_3_3
Parameters: 0.999999 -0.000250794 0.000729835 0.000250287 0.999999 0.00121818 -0.000729825 -0.00121782 0.999999 0.0150952 -0.120792 -0.16278
FixedParameters: 0 0 0

#Transform 88
Transform: AffineTransform_float_3_3
Parameters: 1 0.000151912 0.000325293 -0.000152403 0.999999 0.00075395 -0.000325064 -0.000754049 0.999999 0.0110176 -0.0484357 -0.222211
FixedParameters: 0 0 0

#Transform 89
Transform: AffineTransform_float_3_3
Parameters: 0.999999 0.00018798 0.00137572 -0.000182289 0.999993 -0.00355994 -0.00137668 0.00356005 0.999992 0.05376 -0.113465 -0.480135
FixedParameters: 0 0 0

#Transform 90
Transform: AffineTransform_float_3_3
Parameters: 0.999999 -0.000502179 0.0017738 0.00050994 0.99999 -0.00442358 -0.00177083 0.00442442 0.999989 0.0725008 -0.0306337 -0.6012
FixedParameters: 0 0 0

#Transform 91
Transform: AffineTransform_float_3_3
Parameters: 0.999999 -0.000588616 0.00133249 0.000595075 0.999985 -0.0052898 -0.00132994 0.0052912 0.999985 0.0699614 -0.0176793 -0.56804
FixedParameters: 0 0 0

#Transform 92
Transform: AffineTransform_float_3_3
Parameters: 0.999999 -0.000708853 0.00137346 0.000714377 0.99999 -0.00432892 -0.00137039 0.00433008 0.99999 0.0716565 -0.115232 -0.490635
FixedParameters: 0 0 0

#Transform 93
Transform: AffineTransform_float_3_3
Parameters: 0.999999 -0.000330596 0.00124118 0.000335927 0.999992 -0.00406648 -0.00124 0.00406652 0.999991 0.0826187 -0.0682617 -0.534633
FixedParameters: 0 0 0

#Transform 94
Transform: AffineTransform_float_3_3
Parameters: 0.999999 -0.000516474 0.00130612 0.000522258 0.999991 -0.00416321 -0.00130427 0.00416378 0.99999 0.0850582 -0.0999988 -0.543291
FixedParameters: 0 0 0

#Transform 95
Transform: AffineTransform_float_3_3
Parameters: 0.999999 -0.000331566 0.00124092 0.000335904 0.999995 -0.00328448 -0.00124058 0.00328452 0.999994 0.082591 -0.040712 -0.551938
FixedParameters: 0 0 0

#Transform 96
Transform: AffineTransform_float_3_3
Parameters: 1 -0.00031901 0.00105875 0.000320748 0.999998 -0.00186856 -0.00105785 0.00186844 0.999998 0.0348334 0.00451288 -0.508537
FixedParameters: 0 0 0

#Transform 97
Transform: AffineTransform_float_3_3
Parameters: 0.999998 -0.000168504 0.00172032 0.000170727 1 -0.00101529 -0.00172059 0.00101571 0.999998 0.0583625 -0.00977909 -0.485489
FixedParameters: 0 0 0

#Transform 98
Transform: AffineTransform_float_3_3
Parameters: 1 6.22076e-05 0.00110332 -6.10738e-05 0.999999 -0.00151776 -0.0011038 0.00151824 0.999998 0.0689461 0.00936566 -0.55108
FixedParameters: 0 0 0

#Transform 99
Transform: AffineTransform_float_3_3
Parameters: 1 0.000323487 0.00101289 -0.000322341 1 -0.00103233 -0.00101323 0.00103167 0.999999 0.0654665 -0.041865 -0.510309
FixedParameters: 0 0 0

#Transform 100
Transform: AffineTransform_float_3_3
Parameters: 1 0.000260151 0.00103477 -0.000258977 1 -0.00102427 -0.00103498 0.00102373 0.999999 0.0662864 -0.005357 -0.547818
FixedParameters: 0 0 0

#Transform 101
Transform: AffineTransform_float_3_3
Parameters: 0.999998 -0.000546011 0.0021552 0.000549647 0.999998 -0.0016523 -0.0021543 0.0016537 0.999996 0.126491 -0.0633553 -0.580394
FixedParameters: 0 0 0

#Transform 102
Transform: AffineTransform_float_3_3
Parameters: 0.999998 -5.93183e-05 0.00158014 6.35259e-05 0.999996 -0.00303349 -0.00158003 0.00303351 0.999995 0.0614564 -0.0553681 -0.670788
FixedParameters: 0 0 0

#Transform 103
Transform: AffineTransform_float_3_3
Parameters: 1 -0.00069629 0.000933913 0.00069796 0.999996 -0.00243124 -0.000932708 0.00243176 0.999997 0.0692096 -0.0499529 -0.589308
FixedParameters: 0 0 0

#Transform 104
Transform: AffineTransform_float_3_3
Parameters: 1 -0.000590326 0.000896345 0.000591509 0.999999 -0.00155067 -0.000896078 0.00155033 0.999998 0.0788064 -0.0225108 -0.5032
FixedParameters: 0 0 0

#Transform 105
Transform: AffineTransform_float_3_3
Parameters: 0.999999 -0.000337171 0.000731601 0.000338446 0.999999 -0.00174075 -0.000731045 0.00174125 0.999998 0.0658713 -0.00206714 -0.450234
FixedParameters: 0 0 0

#Transform 106
Transform: AffineTransform_float_3_3
Parameters: 1 -0.000574699 0.00102973 0.000576676 0.999998 -0.0017353 -0.0010293 0.0017357 0.999998 0.0847011 -0.0316508 -0.494441
FixedParameters: 0 0 0

#Transform 107
Transform: AffineTransform_float_3_3
Parameters: 1 -0.00048682 0.000944276 0.000488833 0.999999 -0.00173954 -0.000943198 0.00174046 0.999998 0.0831432 -0.0123725 -0.502515
FixedParameters: 0 0 0

#Transform 108
Transform: AffineTransform_float_3_3
Parameters: 1 -0.000651634 0.000917685 0.000653118 0.999999 -0.0016784 -0.00091706 0.0016796 0.999998 0.0912896 -0.0452868 -0.492187
FixedParameters: 0 0 0

#Transform 109
Transform: AffineTransform_float_3_3
Parameters: 0.999999 -0.000641731 0.00120627 0.000644044 0.999999 -0.00162023 -0.00120575 0.00162178 0.999998 0.0827903 -0.0349349 -0.519082
FixedParameters: 0 0 0

#Transform 110
Transform: AffineTransform_float_3_3
Parameters: 0.999998 -0.000757107 0.00145603 0.000759983 0.999998 -0.00186079 -0.00145445 0.00186221 0.999997 0.109558 -0.022106 -0.550838
FixedParameters: 0 0 0

#Transform 111
Transform: AffineTransform_float_3_3
Parameters: 0.999999 -0.00111766 0.00145951 0.00112072 0.999997 -0.00203316 -0.00145714 0.00203484 0.999997 0.116264 -0.034078 -0.515104
FixedParameters: 0 0 0

#Transform 112
Transform: AffineTransform_float_3_3
Parameters: 1 -0.000731488 0.000945856 0.000733054 0.999998 -0.00217331 -0.000943912 0.00217469 0.999997 0.0891331 -0.0411031 -0.492684
FixedParameters: 0 0 0

#Transform 113
Transform: AffineTransform_float_3_3
Parameters: 0.999999 -0.000669209 0.00112389 0.000671649 0.999995 -0.00278414 -0.00112201 0.00278486 0.999995 0.108052 -0.0301362 -0.514638
FixedParameters: 0 0 0

#Transform 114
Transform: AffineTransform_float_3_3
Parameters: 1 -0.000730899 0.000946311 0.000733319 0.999995 -0.0027962 -0.000944402 0.0027968 0.999996 0.0825676 -0.0809466 -0.509336
FixedParameters: 0 0 0

#Transform 115
Transform: AffineTransform_float_3_3
Parameters: 0.999999 -0.000735541 0.00126224 0.000739521 0.999996 -0.00271396 -0.00126043 0.00271503 0.999995 0.0919265 -0.0607381 -0.515522
FixedParameters: 0 0 0

#Transform 116
Transform: AffineTransform_float_3_3
Parameters: 0.999999 -0.000991473 0.00145034 0.000996637 0.999994 -0.00321035 -0.00144676 0.00321165 0.999994 0.0632853 -0.0347934 -0.402275
FixedParameters: 0 0 0

#Transform 117
Transform: AffineTransform_float_3_3
Parameters: 0.999998 -0.000948572 0.00129428 0.000952163 0.999995 -0.00298866 -0.00129141 0.00299033 0.999995 0.0869704 0.030853 -0.392826
FixedParameters: 0 0 0

#Transform 118
Transform: AffineTransform_float_3_3
Parameters: 0.999998 -0.00135891 0.000950302 0.00136233 0.999992 -0.00383033 -0.000944899 0.00383167 0.999992 0.00631605 0.0417297 -0.0363396
FixedParameters: 0 0 0

#Transform 119
Transform: AffineTransform_float_3_3
Parameters: 0.999999 -0.000927748 0.0015357 0.00092962 0.999999 -0.000714467 -0.00153531 0.000716531 0.999998 0.0285247 -0.266707 -0.104291
FixedParameters: 0 0 0
