# transform file /out/sourcedata/freesurfer/sub-v1s19x0051308_ses-1/mri/transforms/cc_up.lta
# created by oesteban on Thu Mar 12 14:49:45 2026

type      = 0 # LINEAR_VOX_TO_VOX
nxforms   = 1
mean      = 124.0000 104.0000 136.0000
sigma     = 10000.0000
1 4 4
9.992886185646057e-01 2.138856239616871e-02 3.105828724801540e-02 -4.350498199462891e+00 
-2.137823775410652e-02 9.997711777687073e-01 -6.644441164098680e-04 4.381151962280273e+01 
-3.106539510190487e-02 0.000000000000000e+00 9.995172619819641e-01 2.994318246841431e+00 
0.000000000000000e+00 0.000000000000000e+00 0.000000000000000e+00 1.000000000000000e+00 
src volume info
valid = 1  # volume info valid
filename = /out/sourcedata/freesurfer/sub-v1s19x0051308_ses-1/mri/norm.mgz
volume = 256 256 256
voxelsize = 1.000000000000000e+00 1.000000000000000e+00 1.000000000000000e+00
xras   = -1.000000000000000e+00 0.000000000000000e+00 0.000000000000000e+00
yras   = 0.000000000000000e+00 0.000000000000000e+00 -1.000000000000000e+00
zras   = 0.000000000000000e+00 1.000000000000000e+00 0.000000000000000e+00
cras   = 4.231803894042969e+00 1.612786865234375e+01 -1.473849487304688e+01
dst volume info
valid = 1  # volume info valid
filename = /out/sourcedata/freesurfer/sub-v1s19x0051308_ses-1/mri/norm.mgz
volume = 256 256 256
voxelsize = 1.000000000000000e+00 1.000000000000000e+00 1.000000000000000e+00
xras   = -1.000000000000000e+00 0.000000000000000e+00 0.000000000000000e+00
yras   = 0.000000000000000e+00 0.000000000000000e+00 -1.000000000000000e+00
zras   = 0.000000000000000e+00 1.000000000000000e+00 0.000000000000000e+00
cras   = 4.231803894042969e+00 1.612786865234375e+01 -1.473849487304688e+01
