# transform file /out/sourcedata/freesurfer/sub-v1s19x0051309_ses-1/mri/transforms/cc_up.lta
# created by oesteban on Thu Mar 12 14:35:16 2026

type      = 0 # LINEAR_VOX_TO_VOX
nxforms   = 1
mean      = 126.0000 104.0000 127.0000
sigma     = 10000.0000
1 4 4
9.932718873023987e-01 -1.156366690993309e-01 6.283054128289223e-03 1.595772838592529e+01 
1.156343594193459e-01 9.932917356491089e-01 7.314583053812385e-04 2.926582336425781e+01 
-6.325487978756428e-03 0.000000000000000e+00 9.999801516532898e-01 5.780023574829102e+00 
0.000000000000000e+00 0.000000000000000e+00 0.000000000000000e+00 1.000000000000000e+00 
src volume info
valid = 1  # volume info valid
filename = /out/sourcedata/freesurfer/sub-v1s19x0051309_ses-1/mri/norm.mgz
volume = 256 256 256
voxelsize = 1.000000000000000e+00 1.000000000000000e+00 1.000000000000000e+00
xras   = -1.000000000000000e+00 0.000000000000000e+00 0.000000000000000e+00
yras   = 0.000000000000000e+00 0.000000000000000e+00 -1.000000000000000e+00
zras   = 0.000000000000000e+00 1.000000000000000e+00 0.000000000000000e+00
cras   = 6.978378295898438e-01 -3.242599487304688e+00 -1.904152679443359e+01
dst volume info
valid = 1  # volume info valid
filename = /out/sourcedata/freesurfer/sub-v1s19x0051309_ses-1/mri/norm.mgz
volume = 256 256 256
voxelsize = 1.000000000000000e+00 1.000000000000000e+00 1.000000000000000e+00
xras   = -1.000000000000000e+00 0.000000000000000e+00 0.000000000000000e+00
yras   = 0.000000000000000e+00 0.000000000000000e+00 -1.000000000000000e+00
zras   = 0.000000000000000e+00 1.000000000000000e+00 0.000000000000000e+00
cras   = 6.978378295898438e-01 -3.242599487304688e+00 -1.904152679443359e+01
