# transform file /out/sourcedata/freesurfer/sub-v1s19x0051303_ses-1/mri/transforms/cc_up.lta
# created by oesteban on Thu Mar 12 14:30:50 2026

type      = 0 # LINEAR_VOX_TO_VOX
nxforms   = 1
mean      = 131.0000 107.0000 133.0000
sigma     = 10000.0000
1 4 4
9.954829216003418e-01 -6.153047084808350e-02 7.230255752801895e-02 -4.145828247070312e+00 
6.136881560087204e-02 9.981051683425903e-01 4.457255825400352e-03 3.268841171264648e+01 
-7.243981957435608e-02 4.656612317965880e-10 9.973728060722351e-01 1.468160820007324e+01 
0.000000000000000e+00 0.000000000000000e+00 0.000000000000000e+00 1.000000000000000e+00 
src volume info
valid = 1  # volume info valid
filename = /out/sourcedata/freesurfer/sub-v1s19x0051303_ses-1/mri/norm.mgz
volume = 256 256 256
voxelsize = 1.000000000000000e+00 1.000000000000000e+00 1.000000000000000e+00
xras   = -9.999999403953552e-01 0.000000000000000e+00 0.000000000000000e+00
yras   = -9.313225746154785e-10 0.000000000000000e+00 -9.999999403953552e-01
zras   = 0.000000000000000e+00 1.000000000000000e+00 0.000000000000000e+00
cras   = 1.271508789062500e+01 8.258590698242188e+00 -1.534912109375000e+01
dst volume info
valid = 1  # volume info valid
filename = /out/sourcedata/freesurfer/sub-v1s19x0051303_ses-1/mri/norm.mgz
volume = 256 256 256
voxelsize = 1.000000000000000e+00 1.000000000000000e+00 1.000000000000000e+00
xras   = -9.999999403953552e-01 0.000000000000000e+00 0.000000000000000e+00
yras   = -9.313225746154785e-10 0.000000000000000e+00 -9.999999403953552e-01
zras   = 0.000000000000000e+00 1.000000000000000e+00 0.000000000000000e+00
cras   = 1.271508789062500e+01 8.258590698242188e+00 -1.534912109375000e+01
