#Insight Transform File V1.0
#Transform 0
Transform: AffineTransform_float_3_3
Parameters: 0.999997 -5.59448e-07 -0.00241567 5.77574e-06 0.999997 0.00212416 0.00241638 -0.00212384 0.999995 -0.00819214 -0.0760824 0.143849
FixedParameters: 0 0 0

#Transform 1
Transform: AffineTransform_float_3_3
Parameters: 0.999997 0.00017512 -0.00252526 -0.000167446 0.999995 0.00302428 0.00252581 -0.00302371 0.999992 -0.00749414 -0.12293 0.149926
FixedParameters: 0 0 0

#Transform 2
Transform: AffineTransform_float_3_3
Parameters: 0.999998 -0.000600085 -0.00225359 0.000604889 0.999998 0.0019767 0.0022516 -0.0019783 0.999996 -0.00402565 -0.0199905 0.0113159
FixedParameters: 0 0 0

#Transform 3
Transform: AffineTransform_float_3_3
Parameters: 0.999999 0.000120732 -0.00171339 -0.00011792 0.999998 0.00174274 0.00171386 -0.00174326 0.999998 -0.0666109 -0.090038 -0.0152036
FixedParameters: 0 0 0

#Transform 4
Transform: AffineTransform_float_3_3
Parameters: 0.999999 0.000207228 -0.00174353 -0.000204261 0.999998 0.00212347 0.00174386 -0.00212353 0.999996 -0.0597473 -0.0867531 0.00425089
FixedParameters: 0 0 0

#Transform 5
Transform: AffineTransform_float_3_3
Parameters: 0.999999 -3.3163e-05 -0.0014157 3.37e-05 1 0.000973065 0.00141536 -0.000973937 0.999998 -0.0414863 -0.0214713 -0.0153781
FixedParameters: 0 0 0

#Transform 6
Transform: AffineTransform_float_3_3
Parameters: 0.999998 -0.000116099 -0.00165436 0.000118728 0.999999 0.00175023 0.00165401 -0.00175077 0.999997 -0.0317563 -0.0773154 -0.00271587
FixedParameters: 0 0 0

#Transform 7
Transform: AffineTransform_float_3_3
Parameters: 0.999997 -0.00029602 -0.00216857 0.000300772 0.999998 0.0022591 0.00216795 -0.00225991 0.999995 -0.0138749 -0.0928316 0.0312253
FixedParameters: 0 0 0

#Transform 8
Transform: AffineTransform_float_3_3
Parameters: 0.999998 -0.00069352 -0.00156442 0.000695228 0.999999 0.00144954 0.00156341 -0.00145046 0.999998 -0.0139799 0.0185117 -0.0640102
FixedParameters: 0 0 0

#Transform 9
Transform: AffineTransform_float_3_3
Parameters: 0.999999 -0.000510823 -0.00144433 0.000512904 0.999998 0.00169989 0.00144359 -0.00170011 0.999998 0.00576133 -0.0264928 -0.0224842
FixedParameters: 0 0 0

#Transform 10
Transform: AffineTransform_float_3_3
Parameters: 0.999997 -0.000536809 -0.00208403 0.000539788 0.999998 0.00169982 0.00208259 -0.00170018 0.999996 0.0190177 -0.0639918 0.00844562
FixedParameters: 0 0 0

#Transform 11
Transform: AffineTransform_float_3_3
Parameters: 0.999997 -0.000393408 -0.00213469 0.000396624 0.999999 0.0012729 0.0021334 -0.0012741 0.999997 0.0307243 -0.055192 0.00883617
FixedParameters: 0 0 0

#Transform 12
Transform: AffineTransform_float_3_3
Parameters: 0.999999 -8.32864e-05 -0.00133158 8.32491e-05 1 -1.37962e-05 0.00133158 1.42038e-05 0.999999 0.00759721 -0.00532579 0.00878199
FixedParameters: 0 0 0

#Transform 13
Transform: AffineTransform_float_3_3
Parameters: 1 0.000653994 -0.000921883 -0.00065339 0.999999 0.000327714 0.000922311 -0.000327285 0.999999 -0.00755785 -0.0301832 0.093083
FixedParameters: 0 0 0

#Transform 14
Transform: AffineTransform_float_3_3
Parameters: 0.999999 -0.000181613 -0.00130732 0.000182011 1 0.000152188 0.00130727 -0.000152811 0.999999 0.00230066 0.0478926 0.0108608
FixedParameters: 0 0 0

#Transform 15
Transform: AffineTransform_float_3_3
Parameters: 0.999999 -0.000272888 -0.000942964 0.000273912 1 0.000543057 0.000942667 -0.000542943 1 0.00336954 -0.0621885 0.0357211
FixedParameters: 0 0 0

#Transform 16
Transform: AffineTransform_float_3_3
Parameters: 0.999999 -0.0004365 -0.00120226 0.000437173 0.999999 0.000671789 0.00120201 -0.00067221 0.999999 0.0214958 -0.045899 0.0470261
FixedParameters: 0 0 0

#Transform 17
Transform: AffineTransform_float_3_3
Parameters: 0.999999 -0.000250663 -0.00088184 0.000251799 1 0.00117878 0.000881581 -0.00117922 0.999999 0.032927 -0.0387404 0.0543051
FixedParameters: 0 0 0

#Transform 18
Transform: AffineTransform_float_3_3
Parameters: 1 -0.000459172 0.000198287 0.000458885 0.999999 0.000723091 -0.000198951 -0.000722908 0.999999 0.0221097 -0.0343054 0.104703
FixedParameters: 0 0 0

#Transform 19
Transform: AffineTransform_float_3_3
Parameters: 1 -0.000239597 -0.000131656 0.000239717 1 0.000456968 0.000131436 -0.000457031 1 0.0284742 -0.03534 0.0845367
FixedParameters: 0 0 0

#Transform 20
Transform: AffineTransform_float_3_3
Parameters: 1 -0.00024907 -0.000568463 0.00024902 1 -4.41416e-05 0.000568485 4.38584e-05 1 0.00283257 0.0149302 0.00299087
FixedParameters: 0 0 0

#Transform 21
Transform: AffineTransform_float_3_3
Parameters: 1 -2.67804e-05 0.000125111 2.67637e-05 1 6.70033e-05 -0.000125115 -6.69966e-05 1 -0.00470557 -0.0421185 0.0570767
FixedParameters: 0 0 0

#Transform 22
Transform: AffineTransform_float_3_3
Parameters: 1 7.17107e-05 -0.00106762 -7.26629e-05 1 -0.00104381 0.00106808 0.00104319 0.999999 0.0237156 0.0034359 0.0412184
FixedParameters: 0 0 0

#Transform 23
Transform: AffineTransform_float_3_3
Parameters: 1 0.00017293 -0.00117768 -0.000171347 1 0.0010722 0.00117838 -0.0010718 0.999998 0.0222085 -0.0619387 0.000879831
FixedParameters: 0 0 0

#Transform 24
Transform: AffineTransform_float_3_3
Parameters: 0.999999 0.00059924 -0.00173958 -0.000597711 0.999999 0.00107758 0.00174059 -0.00107642 0.999998 0.0328253 -0.00215789 -0.091875
FixedParameters: 0 0 0

#Transform 25
Transform: AffineTransform_float_3_3
Parameters: 0.999998 -9.04445e-05 0.00200385 8.71399e-05 0.999999 0.00169672 -0.00200327 -0.00169728 0.999997 -0.0198226 0.0323764 0.0521255
FixedParameters: 0 0 0

#Transform 26
Transform: AffineTransform_float_3_3
Parameters: 0.999998 -0.000793769 0.0019075 0.000792619 0.999999 0.000636736 -0.0019079 -0.000635264 0.999998 -0.0124591 -0.113995 0.151522
FixedParameters: 0 0 0

#Transform 27
Transform: AffineTransform_float_3_3
Parameters: 0.999995 -0.000517443 0.00308602 0.000521319 0.999999 -0.00149901 -0.00308467 0.00150099 0.999994 -0.0807114 -0.0689467 -0.00124365
FixedParameters: 0 0 0

#Transform 28
Transform: AffineTransform_float_3_3
Parameters: 0.999993 -0.000498243 0.00364659 0.000502902 0.999999 -0.00124636 -0.00364589 0.00124864 0.999992 -0.103191 -0.0248579 -0.00589865
FixedParameters: 0 0 0

#Transform 29
Transform: AffineTransform_float_3_3
Parameters: 0.999993 -0.000568205 0.00376097 0.000571321 0.999999 -0.00087793 -0.00376085 0.00088007 0.999993 -0.123693 -0.0471759 -0.00702766
FixedParameters: 0 0 0

#Transform 30
Transform: AffineTransform_float_3_3
Parameters: 0.999992 -4.28067e-05 0.00400724 4.60444e-05 0.999999 -0.000798376 -0.00400711 0.000798623 0.999991 -0.0956566 -0.0430838 0.0727055
FixedParameters: 0 0 0

#Transform 31
Transform: AffineTransform_float_3_3
Parameters: 0.999996 1.77061e-05 0.00283582 -1.43569e-05 0.999999 -0.00114788 -0.00283579 0.00114812 0.999995 -0.0517007 0.0334789 0.083705
FixedParameters: 0 0 0

#Transform 32
Transform: AffineTransform_float_3_3
Parameters: 0.999999 0.000213641 0.00155593 -0.000213627 1 -4.90631e-06 -0.00155593 4.09368e-06 0.999999 -0.0338488 -0.0216575 0.0797072
FixedParameters: 0 0 0

#Transform 33
Transform: AffineTransform_float_3_3
Parameters: 0.999997 0.000219566 -0.00264656 -0.000215604 1 0.00140943 0.00264629 -0.00140857 0.999995 -0.00864154 -0.0814937 -0.101127
FixedParameters: 0 0 0

#Transform 34
Transform: AffineTransform_float_3_3
Parameters: 1 0.000466174 -0.000977852 -0.000467836 0.999999 -0.00150254 0.000977057 0.00150346 0.999998 -0.0818041 0.00577206 -0.187922
FixedParameters: 0 0 0

#Transform 35
Transform: AffineTransform_float_3_3
Parameters: 0.999999 0.000451294 0.000798872 -0.00044977 0.999998 -0.00192536 -0.000798997 0.00192464 0.999998 -0.151622 -0.00919963 -0.0755506
FixedParameters: 0 0 0

#Transform 36
Transform: AffineTransform_float_3_3
Parameters: 0.999999 0.000404003 0.00137517 -0.000400861 0.999998 -0.00194824 -0.00137702 0.00194776 0.999997 -0.151636 -0.00825384 -0.0586825
FixedParameters: 0 0 0

#Transform 37
Transform: AffineTransform_float_3_3
Parameters: 0.999999 0.000277599 0.00142049 -0.000272753 0.999995 -0.00314908 -0.00142183 0.00314892 0.999994 -0.146529 0.0866151 -0.0938569
FixedParameters: 0 0 0

#Transform 38
Transform: AffineTransform_float_3_3
Parameters: 0.999999 0.000404869 0.00137492 -0.000400937 0.999996 -0.00257824 -0.00137694 0.00257776 0.999995 -0.155976 -0.0718741 -0.0423301
FixedParameters: 0 0 0

#Transform 39
Transform: AffineTransform_float_3_3
Parameters: 0.999998 0.000887398 0.00185128 -0.000881816 0.999995 -0.00319812 -0.00185366 0.00319688 0.999993 -0.171726 0.0112772 -0.07034
FixedParameters: 0 0 0

#Transform 40
Transform: AffineTransform_float_3_3
Parameters: 1 0.000267367 0.000984564 -0.00026266 0.999991 -0.00430295 -0.00098551 0.00430305 0.99999 -0.152499 0.125066 -0.0432655
FixedParameters: 0 0 0

#Transform 41
Transform: AffineTransform_float_3_3
Parameters: 0.999999 0.00104773 0.000899312 -0.00104416 0.999993 -0.00369774 -0.000903827 0.00369726 0.999993 -0.136664 0.00899277 -0.0177503
FixedParameters: 0 0 0

#Transform 42
Transform: AffineTransform_float_3_3
Parameters: 0.999999 0.00100047 0.000865256 -0.000996828 0.999993 -0.00369766 -0.000868478 0.00369734 0.999993 -0.147726 -0.00381963 0.0334347
FixedParameters: 0 0 0

#Transform 43
Transform: AffineTransform_float_3_3
Parameters: 1 0.000414046 0.00107531 -0.000407832 0.999985 -0.00551313 -0.00107784 0.00551287 0.999984 -0.139916 0.173273 -0.129848
FixedParameters: 0 0 0

#Transform 44
Transform: AffineTransform_float_3_3
Parameters: 0.999999 0.000777668 0.00095338 -0.000773778 0.999991 -0.00415585 -0.000956273 0.00415515 0.999991 -0.120765 0.0545434 -0.0439089
FixedParameters: 0 0 0

#Transform 45
Transform: AffineTransform_float_3_3
Parameters: 1 0.000603026 0.000985265 -0.000599467 0.999992 -0.00402428 -0.000987492 0.00402372 0.999992 -0.121043 0.0146441 -0.0296827
FixedParameters: 0 0 0

#Transform 46
Transform: AffineTransform_float_3_3
Parameters: 0.999999 0.000668776 0.0012506 -0.000663462 0.999991 -0.00424852 -0.00125331 0.00424748 0.99999 -0.143413 0.0405841 -0.0255688
FixedParameters: 0 0 0

#Transform 47
Transform: AffineTransform_float_3_3
Parameters: 0.999998 0.00107491 0.00206864 -0.00106741 0.999992 -0.00378039 -0.00207279 0.00377861 0.999991 -0.168884 -0.0244869 0.0025839
FixedParameters: 0 0 0

#Transform 48
Transform: AffineTransform_float_3_3
Parameters: 0.999998 0.00101444 0.002015 -0.00100696 0.999994 -0.00340852 -0.00201861 0.00340648 0.999992 -0.158809 0.0738083 0.0279026
FixedParameters: 0 0 0

#Transform 49
Transform: AffineTransform_float_3_3
Parameters: 0.999997 0.000100378 0.00213227 -9.52914e-05 0.999997 -0.00237647 -0.00213201 0.00237653 0.999995 -0.128244 0.0414447 0.135583
FixedParameters: 0 0 0

#Transform 50
Transform: AffineTransform_float_3_3
Parameters: 0.999995 -0.00317298 -0.000160781 0.00317545 0.999776 0.0209223 9.47304e-05 -0.0209227 0.999782 -0.0737041 -0.224577 0.286449
FixedParameters: 0 0 0

#Transform 51
Transform: AffineTransform_float_3_3
Parameters: 0.999996 -0.00259894 -0.00106878 0.00262291 0.999728 0.0231795 0.00100826 -0.0231825 0.99973 -0.100374 -0.299289 0.259794
FixedParameters: 0 0 0

#Transform 52
Transform: AffineTransform_float_3_3
Parameters: 0.999911 0.000916002 -0.0133142 -0.00063246 0.999773 0.02129 0.013331 -0.02128 0.999685 -0.226089 -0.306545 -0.0368891
FixedParameters: 0 0 0

#Transform 53
Transform: AffineTransform_float_3_3
Parameters: 0.999991 0.00109676 -0.004134 -0.00105187 0.99994 0.0109523 0.0041451 -0.0109477 0.999931 -0.286292 -0.187078 0.0279893
FixedParameters: 0 0 0

#Transform 54
Transform: AffineTransform_float_3_3
Parameters: 0.999993 0.000447534 -0.00385577 -0.000402458 0.999931 0.0117159 0.00386056 -0.0117141 0.999924 -0.248336 -0.185146 0.0735183
FixedParameters: 0 0 0

#Transform 55
Transform: AffineTransform_float_3_3
Parameters: 0.999994 0.000330442 -0.00351446 -0.000284301 0.999912 0.0132739 0.00351812 -0.0132731 0.999906 -0.255258 -0.238155 0.0864916
FixedParameters: 0 0 0

#Transform 56
Transform: AffineTransform_float_3_3
Parameters: 0.999997 0.00022258 -0.00248088 -0.000194355 0.999935 0.0114304 0.00248302 -0.0114296 0.999932 -0.265186 -0.149197 -0.0235214
FixedParameters: 0 0 0

#Transform 57
Transform: AffineTransform_float_3_3
Parameters: 0.999999 0.000579843 -0.00118602 -0.00057123 0.999975 0.0069908 0.00118947 -0.00699021 0.999975 -0.273185 -0.203607 -0.0303408
FixedParameters: 0 0 0

#Transform 58
Transform: AffineTransform_float_3_3
Parameters: 0.999997 0.000420962 -0.00251136 -0.000394561 0.999941 0.010802 0.00251626 -0.010801 0.999939 -0.275788 -0.139084 -0.0498083
FixedParameters: 0 0 0

#Transform 59
Transform: AffineTransform_float_3_3
Parameters: 0.999995 0.000540155 -0.00296561 -0.000510562 0.999951 0.00995764 0.00297061 -0.00995637 0.999946 -0.266829 -0.160757 -0.00868615
FixedParameters: 0 0 0

#Transform 60
Transform: AffineTransform_float_3_3
Parameters: 0.999996 0.00123132 -0.00248736 -0.00121068 0.999965 0.00823849 0.00249774 -0.00823551 0.999963 -0.323127 -0.176234 -0.0179791
FixedParameters: 0 0 0

#Transform 61
Transform: AffineTransform_float_3_3
Parameters: 0.999996 0.000983924 -0.00265669 -0.000962217 0.999965 0.00838636 0.00266521 -0.00838366 0.999962 -0.2988 -0.13626 -0.0174632
FixedParameters: 0 0 0

#Transform 62
Transform: AffineTransform_float_3_3
Parameters: 0.999998 0.00100714 -0.00179419 -0.000990332 0.999959 0.00902302 0.00180396 -0.00902098 0.999958 -0.296884 -0.119794 -0.0617228
FixedParameters: 0 0 0

#Transform 63
Transform: AffineTransform_float_3_3
Parameters: 0.999997 0.0008462 -0.00226059 -0.00082626 0.999962 0.00876723 0.0022674 -0.00876577 0.999959 -0.27062 -0.160757 0.0195432
FixedParameters: 0 0 0

#Transform 64
Transform: AffineTransform_float_3_3
Parameters: 0.999997 0.00106738 -0.00246443 -0.00104215 0.999949 0.0100211 0.002474 -0.0100189 0.999947 -0.269367 -0.178385 -0.044749
FixedParameters: 0 0 0

#Transform 65
Transform: AffineTransform_float_3_3
Parameters: 0.999993 0.00170549 -0.00347078 -0.00166856 0.999941 0.0107627 0.00348976 -0.0107564 0.999936 -0.246463 -0.154459 -0.16835
FixedParameters: 0 0 0

#Transform 66
Transform: AffineTransform_float_3_3
Parameters: 0.999992 0.0015554 -0.0036633 -0.0015155 0.99994 0.0108615 0.00367999 -0.0108565 0.999934 -0.250276 -0.169784 -0.166246
FixedParameters: 0 0 0

#Transform 67
Transform: AffineTransform_float_3_3
Parameters: 0.999991 0.000995781 -0.00418227 -0.000948942 0.999936 0.0112443 0.00419331 -0.0112407 0.999928 -0.24293 -0.172313 -0.159882
FixedParameters: 0 0 0

#Transform 68
Transform: AffineTransform_float_3_3
Parameters: 0.99999 0.00130664 -0.00425436 -0.00125365 0.999921 0.0124865 0.00427024 -0.0124815 0.999913 -0.248984 -0.188075 -0.165601
FixedParameters: 0 0 0

#Transform 69
Transform: AffineTransform_float_3_3
Parameters: 0.999993 0.00111587 -0.00362128 -0.00107172 0.999928 0.0120064 0.0036341 -0.0120026 0.999922 -0.229054 -0.16933 -0.186768
FixedParameters: 0 0 0

#Transform 70
Transform: AffineTransform_float_3_3
Parameters: 0.999994 0.00073354 -0.00318393 -0.000703126 0.999955 0.00950748 0.00319024 -0.00950553 0.99995 -0.233144 -0.146215 -0.0958717
FixedParameters: 0 0 0

#Transform 71
Transform: AffineTransform_float_3_3
Parameters: 0.999991 0.000928048 -0.00413465 -0.000892301 0.999963 0.00861692 0.00414277 -0.00861309 0.999955 -0.254668 -0.14721 -0.110945
FixedParameters: 0 0 0

#Transform 72
Transform: AffineTransform_float_3_3
Parameters: 0.99999 0.000858324 -0.00434228 -0.00081866 0.999959 0.00905891 0.00434902 -0.0090561 0.999949 -0.262723 -0.168653 -0.148758
FixedParameters: 0 0 0

#Transform 73
Transform: AffineTransform_float_3_3
Parameters: 0.999996 0.00107792 -0.0026711 -0.00105907 0.999976 0.0068023 0.00267805 -0.00679969 0.999973 -0.324988 -0.0588822 -0.129904
FixedParameters: 0 0 0

#Transform 74
Transform: AffineTransform_float_3_3
Parameters: 0.999995 0.00178078 -0.00263173 -0.00176251 0.999974 0.00692692 0.00264363 -0.00692208 0.999973 -0.346065 -0.196872 0.0277246
FixedParameters: 0 0 0

#Transform 75
Transform: AffineTransform_float_3_3
Parameters: 0.999996 0.00154014 -0.00236386 -0.00151618 0.999951 0.00978175 0.00237836 -0.00977824 0.999949 -0.301457 -0.0755259 -0.108761
FixedParameters: 0 0 0

#Transform 76
Transform: AffineTransform_float_3_3
Parameters: 0.999995 0.00149111 -0.00250895 -0.00146555 0.999947 0.0101648 0.00252366 -0.0101611 0.999945 -0.272409 -0.2479 -0.0507206
FixedParameters: 0 0 0

#Transform 77
Transform: AffineTransform_float_3_3
Parameters: 0.999996 0.00142068 -0.00270885 -0.00139513 0.999956 0.00929606 0.00272157 -0.00929293 0.999953 -0.269959 -0.0916995 -0.145593
FixedParameters: 0 0 0

#Transform 78
Transform: AffineTransform_float_3_3
Parameters: 0.999995 0.00135018 -0.00291007 -0.0013247 0.999961 0.00875046 0.0029213 -0.00874655 0.999958 -0.268711 -0.134534 -0.0513414
FixedParameters: 0 0 0

#Transform 79
Transform: AffineTransform_float_3_3
Parameters: 0.999994 0.00152171 -0.00287597 -0.00149598 0.99996 0.0087879 0.00288903 -0.00878309 0.999957 -0.262963 -0.185674 -0.00549239
FixedParameters: 0 0 0

#Transform 80
Transform: AffineTransform_float_3_3
Parameters: 0.999994 0.001885 -0.00283793 -0.00186376 0.999971 0.00739337 0.00285179 -0.00738862 0.999968 -0.281776 -0.0847658 -0.0559428
FixedParameters: 0 0 0

#Transform 81
Transform: AffineTransform_float_3_3
Parameters: 0.999994 0.00146784 -0.00312875 -0.00144499 0.999973 0.00731424 0.00313909 -0.00730977 0.999969 -0.273345 -0.0873736 -0.0536076
FixedParameters: 0 0 0

#Transform 82
Transform: AffineTransform_float_3_3
Parameters: 0.999993 0.00141482 -0.00331276 -0.00138613 0.999964 0.00845432 0.00332493 -0.00844968 0.999958 -0.289999 -0.178594 -0.0607138
FixedParameters: 0 0 0

#Transform 83
Transform: AffineTransform_float_3_3
Parameters: 0.999996 0.00143993 -0.0026507 -0.00141599 0.999959 0.00895693 0.00266343 -0.00895308 0.999956 -0.302407 -0.111684 -0.163963
FixedParameters: 0 0 0

#Transform 84
Transform: AffineTransform_float_3_3
Parameters: 0.999994 0.00166523 -0.00283338 -0.0016396 0.999956 0.00918204 0.00284872 -0.00917795 0.999954 -0.290505 -0.184155 -0.0634233
FixedParameters: 0 0 0

#Transform 85
Transform: AffineTransform_float_3_3
Parameters: 0.999995 0.00155095 -0.00300091 -0.00152312 0.999955 0.00935098 0.00301532 -0.00934702 0.999952 -0.273437 -0.187062 -0.046687
FixedParameters: 0 0 0

#Transform 86
Transform: AffineTransform_float_3_3
Parameters: 0.999995 0.001416 -0.00307704 -0.00138833 0.999958 0.00898799 0.00308979 -0.008984 0.999955 -0.290412 -0.15672 -0.0907382
FixedParameters: 0 0 0

#Transform 87
Transform: AffineTransform_float_3_3
Parameters: 0.999995 0.00138072 -0.0028228 -0.00135463 0.999959 0.00895843 0.00283479 -0.00895458 0.999956 -0.284404 -0.135758 -0.122206
FixedParameters: 0 0 0

#Transform 88
Transform: AffineTransform_float_3_3
Parameters: 0.999996 0.000860339 -0.00264269 -0.000834889 0.999954 0.009557 0.00265082 -0.00955499 0.999951 -0.265863 -0.135471 -0.125855
FixedParameters: 0 0 0

#Transform 89
Transform: AffineTransform_float_3_3
Parameters: 0.999995 0.00133903 -0.00281008 -0.00131554 0.999965 0.00825329 0.00282102 -0.0082497 0.999962 -0.263535 -0.13108 -0.0652604
FixedParameters: 0 0 0

#Transform 90
Transform: AffineTransform_float_3_3
Parameters: 0.999995 0.00112307 -0.0027352 -0.00110003 0.999964 0.00844949 0.00274524 -0.00844651 0.99996 -0.2647 -0.126065 -0.0422303
FixedParameters: 0 0 0

#Transform 91
Transform: AffineTransform_float_3_3
Parameters: 0.999998 0.00125601 -0.00148528 -0.00124351 0.999968 0.00786676 0.00149502 -0.00786522 0.999968 -0.298482 -0.146352 0.0696634
FixedParameters: 0 0 0

#Transform 92
Transform: AffineTransform_float_3_3
Parameters: 1 0.00058286 2.21777e-05 -0.000582773 0.999989 0.00454987 -1.90937e-05 -0.00454912 0.999989 -0.295354 -0.0397285 0.162843
FixedParameters: 0 0 0

#Transform 93
Transform: AffineTransform_float_3_3
Parameters: 1 0.000464292 -0.000223736 -0.000462585 0.999982 0.0060151 0.000226483 -0.00601489 0.999982 -0.300324 -0.156858 0.0463523
FixedParameters: 0 0 0

#Transform 94
Transform: AffineTransform_float_3_3
Parameters: 0.999999 0.000829839 -0.000949878 -0.000822725 0.999976 0.00693747 0.000956079 -0.00693653 0.999975 -0.292695 -0.136087 0.033779
FixedParameters: 0 0 0

#Transform 95
Transform: AffineTransform_float_3_3
Parameters: 0.999999 0.00122953 -0.00138024 -0.00122019 0.999979 0.00640749 0.00138723 -0.00640551 0.999978 -0.282814 -0.0935868 -0.018821
FixedParameters: 0 0 0

#Transform 96
Transform: AffineTransform_float_3_3
Parameters: 0.999998 0.0013122 -0.00163775 -0.00130121 0.999975 0.00686305 0.00164704 -0.00686094 0.999975 -0.28779 -0.142917 -0.0367626
FixedParameters: 0 0 0

#Transform 97
Transform: AffineTransform_float_3_3
Parameters: 0.999998 0.00115871 -0.00158503 -0.00114768 0.999977 0.00659574 0.00159315 -0.00659426 0.999977 -0.280571 -0.128582 -0.00481548
FixedParameters: 0 0 0

#Transform 98
Transform: AffineTransform_float_3_3
Parameters: 0.999998 0.0010038 -0.00203269 -0.000989304 0.999976 0.00677825 0.00203917 -0.00677574 0.999975 -0.280535 -0.119612 0.00267321
FixedParameters: 0 0 0

#Transform 99
Transform: AffineTransform_float_3_3
Parameters: 0.999998 0.00116791 -0.00155995 -0.00115617 0.999974 0.00703772 0.00156827 -0.00703627 0.999974 -0.288058 -0.143914 0.0206607
FixedParameters: 0 0 0

#Transform 100
Transform: AffineTransform_float_3_3
Parameters: 0.999999 0.0012475 -0.00132897 -0.00123827 0.999977 0.00660845 0.00133669 -0.00660654 0.999977 -0.291747 -0.113228 0.014442
FixedParameters: 0 0 0

#Transform 101
Transform: AffineTransform_float_3_3
Parameters: 0.999999 0.00102253 -0.000949213 -0.00101655 0.999977 0.00669408 0.000955713 -0.00669292 0.999978 -0.286486 -0.0386515 -0.0395227
FixedParameters: 0 0 0

#Transform 102
Transform: AffineTransform_float_3_3
Parameters: 0.999999 0.00122464 -0.0013957 -0.00121501 0.999976 0.0068915 0.00140321 -0.0068895 0.999975 -0.303983 -0.186492 -0.0057273
FixedParameters: 0 0 0

#Transform 103
Transform: AffineTransform_float_3_3
Parameters: 0.999998 0.00118873 -0.00113821 -0.00118078 0.999978 0.00659315 0.00114574 -0.00659185 0.999978 -0.299759 -0.109742 -0.0071691
FixedParameters: 0 0 0

#Transform 104
Transform: AffineTransform_float_3_3
Parameters: 0.999999 0.00127786 -0.0012406 -0.00126972 0.999979 0.00626249 0.00124752 -0.00626151 0.99998 -0.289308 -0.117849 -0.0277297
FixedParameters: 0 0 0

#Transform 105
Transform: AffineTransform_float_3_3
Parameters: 0.999999 0.00137408 -0.00115748 -0.00136699 0.999983 0.00570707 0.0011647 -0.00570593 0.999983 -0.290631 -0.0866503 -0.0119411
FixedParameters: 0 0 0

#Transform 106
Transform: AffineTransform_float_3_3
Parameters: 0.999999 0.00111676 -0.000917381 -0.00111138 0.999981 0.00590782 0.000924004 -0.00590717 0.999982 -0.281307 -0.104565 0.0239404
FixedParameters: 0 0 0

#Transform 107
Transform: AffineTransform_float_3_3
Parameters: 0.999999 0.00127747 -0.00123979 -0.00127078 0.999985 0.00541438 0.00124644 -0.00541262 0.999985 -0.288606 -0.0774282 0.00238678
FixedParameters: 0 0 0

#Transform 108
Transform: AffineTransform_float_3_3
Parameters: 0.999998 0.00150696 -0.00166312 -0.00149674 0.999979 0.00624241 0.00167289 -0.00623958 0.999979 -0.313201 -0.0888977 -0.0479981
FixedParameters: 0 0 0

#Transform 109
Transform: AffineTransform_float_3_3
Parameters: 0.999997 0.00209947 -0.00137297 -0.00209385 0.99999 0.00394006 0.00138073 -0.00393695 0.999991 -0.346173 -0.0631975 -0.266725
FixedParameters: 0 0 0

#Transform 110
Transform: AffineTransform_float_3_3
Parameters: 0.999999 0.000375798 0.000822982 -0.000378429 0.999996 0.00274569 -0.000821579 -0.00274631 0.999996 -0.30215 -0.0124888 0.0166454
FixedParameters: 0 0 0

#Transform 111
Transform: AffineTransform_float_3_3
Parameters: 0.999998 0.000254588 0.00163527 -0.000258159 0.999999 0.0017709 -0.00163409 -0.0017711 0.999997 -0.295437 -0.00944077 0.0552628
FixedParameters: 0 0 0

#Transform 112
Transform: AffineTransform_float_3_3
Parameters: 0.999996 0.000680919 0.00250913 -0.000686951 0.999996 0.00258366 -0.00250699 -0.00258535 0.999994 -0.298581 -0.0354423 -0.0985734
FixedParameters: 0 0 0

#Transform 113
Transform: AffineTransform_float_3_3
Parameters: 0.999998 0.000599562 0.00186981 -0.000610101 0.999984 0.00559462 -0.00186672 -0.00559639 0.999983 -0.249577 -0.126126 -0.181337
FixedParameters: 0 0 0

#Transform 114
Transform: AffineTransform_float_3_3
Parameters: 0.999998 0.00101695 0.00130348 -0.0010218 0.999991 0.00414088 -0.00129926 -0.00414213 0.999991 -0.256096 -0.137418 -0.0798352
FixedParameters: 0 0 0

#Transform 115
Transform: AffineTransform_float_3_3
Parameters: 0.999999 0.00109089 0.00148058 -0.00109584 0.999994 0.00335859 -0.00147712 -0.00336041 0.999993 -0.262808 -0.0892791 -0.165926
FixedParameters: 0 0 0

#Transform 116
Transform: AffineTransform_float_3_3
Parameters: 0.999999 0.0011631 0.000738916 -0.00116403 0.999997 0.00209414 -0.000736927 -0.00209586 0.999998 -0.25056 -0.0255346 -0.262959
FixedParameters: 0 0 0

#Transform 117
Transform: AffineTransform_float_3_3
Parameters: 1 0.00108616 0.000521601 -0.00108675 0.999996 0.00264332 -0.000518743 -0.00264368 0.999996 -0.2343 -0.0191523 -0.249573
FixedParameters: 0 0 0

#Transform 118
Transform: AffineTransform_float_3_3
Parameters: 0.999999 0.000625273 0.000481847 -0.000626749 0.999997 0.00216601 -0.000480412 -0.00216599 0.999998 -0.226039 -0.0151496 -0.159641
FixedParameters: 0 0 0

#Transform 119
Transform: AffineTransform_float_3_3
Parameters: 1 0.000627106 -0.000251402 -0.000626767 0.999998 0.00200016 0.000252025 -0.00199984 0.999998 -0.229234 -0.00367893 -0.163562
FixedParameters: 0 0 0
