# transform file /out/sourcedata/freesurfer/sub-v1s19x0051292_ses-1/mri/transforms/cc_up.lta
# created by oesteban on Thu Mar 12 13:28:18 2026

type      = 0 # LINEAR_VOX_TO_VOX
nxforms   = 1
mean      = 123.0000 96.0000 127.0000
sigma     = 10000.0000
1 4 4
9.957184791564941e-01 -8.432051539421082e-02 -3.787777572870255e-02 1.676439857482910e+01 
8.425956964492798e-02 9.964386820793152e-01 -3.205288667231798e-03 4.139645767211914e+01 
3.801314905285835e-02 0.000000000000000e+00 9.992772340774536e-01 -4.548867225646973e+00 
0.000000000000000e+00 0.000000000000000e+00 0.000000000000000e+00 1.000000000000000e+00 
src volume info
valid = 1  # volume info valid
filename = /out/sourcedata/freesurfer/sub-v1s19x0051292_ses-1/mri/norm.mgz
volume = 256 256 256
voxelsize = 1.000000000000000e+00 1.000000000000000e+00 1.000000000000000e+00
xras   = -1.000000000000000e+00 0.000000000000000e+00 0.000000000000000e+00
yras   = -7.450580596923828e-09 0.000000000000000e+00 -1.000000000000000e+00
zras   = 0.000000000000000e+00 9.999999403953552e-01 0.000000000000000e+00
cras   = 2.517677307128906e+00 3.503036499023438e-01 -6.374580383300781e+00
dst volume info
valid = 1  # volume info valid
filename = /out/sourcedata/freesurfer/sub-v1s19x0051292_ses-1/mri/norm.mgz
volume = 256 256 256
voxelsize = 1.000000000000000e+00 1.000000000000000e+00 1.000000000000000e+00
xras   = -1.000000000000000e+00 0.000000000000000e+00 0.000000000000000e+00
yras   = -7.450580596923828e-09 0.000000000000000e+00 -1.000000000000000e+00
zras   = 0.000000000000000e+00 9.999999403953552e-01 0.000000000000000e+00
cras   = 2.517677307128906e+00 3.503036499023438e-01 -6.374580383300781e+00
