#Insight Transform File V1.0
#Transform 0
Transform: AffineTransform_float_3_3
Parameters: 0.999994 9.11807e-05 -0.00337545 -8.3665e-05 0.999998 0.00236314 0.00337599 -0.00236206 0.999991 0.172935 0.0226849 -0.193377
FixedParameters: 0 0 0

#Transform 1
Transform: AffineTransform_float_3_3
Parameters: 0.999992 0.000683922 -0.00389922 -0.000674414 0.999997 0.00252202 0.00390055 -0.00251979 0.999989 0.201554 0.0362142 -0.203577
FixedParameters: 0 0 0

#Transform 2
Transform: AffineTransform_float_3_3
Parameters: 0.999994 0.000239802 -0.00330822 -0.000230277 0.999996 0.00276496 0.00330872 -0.00276439 0.99999 0.221759 0.0100825 -0.263428
FixedParameters: 0 0 0

#Transform 3
Transform: AffineTransform_float_3_3
Parameters: 0.999994 0.00040653 -0.00332065 -0.000397832 0.999997 0.00249547 0.00332142 -0.00249373 0.999992 0.20563 0.0431614 -0.253307
FixedParameters: 0 0 0

#Transform 4
Transform: AffineTransform_float_3_3
Parameters: 0.999992 0.000323468 -0.0042006 -0.000315078 0.999998 0.0018729 0.00420097 -0.00187142 0.99999 0.209047 0.0630004 -0.190947
FixedParameters: 0 0 0

#Transform 5
Transform: AffineTransform_float_3_3
Parameters: 0.999991 0.00105729 -0.00412784 -0.00104615 0.999996 0.00261115 0.00413049 -0.00260701 0.999988 0.162491 0.0320715 -0.218169
FixedParameters: 0 0 0

#Transform 6
Transform: AffineTransform_float_3_3
Parameters: 0.999994 0.00242613 -0.00266202 -0.00241918 0.999994 0.00261164 0.00266844 -0.00260528 0.999993 0.0663118 0.0391623 -0.259591
FixedParameters: 0 0 0

#Transform 7
Transform: AffineTransform_float_3_3
Parameters: 0.999994 0.00210048 -0.00275295 -0.00209282 0.999994 0.00257603 0.00275818 -0.00257081 0.999993 0.0697558 0.0232912 -0.231222
FixedParameters: 0 0 0

#Transform 8
Transform: AffineTransform_float_3_3
Parameters: 0.999995 0.0020837 -0.00224897 -0.00207919 0.999995 0.00208653 0.00225369 -0.00208201 0.999995 0.0521224 0.0432085 -0.277095
FixedParameters: 0 0 0

#Transform 9
Transform: AffineTransform_float_3_3
Parameters: 0.999995 0.00197697 -0.00246226 -0.0019718 0.999995 0.00230737 0.00246673 -0.00230327 0.999994 0.0694673 0.0499902 -0.269482
FixedParameters: 0 0 0

#Transform 10
Transform: AffineTransform_float_3_3
Parameters: 0.999995 0.00196594 -0.00256264 -0.0019611 0.999997 0.00177961 0.00256668 -0.00177493 0.999995 0.0228405 0.0148641 -0.2224
FixedParameters: 0 0 0

#Transform 11
Transform: AffineTransform_float_3_3
Parameters: 0.999996 0.00165843 -0.00223917 -0.00165468 0.999997 0.00153628 0.00224163 -0.00153271 0.999996 0.0170703 0.0496709 -0.234315
FixedParameters: 0 0 0

#Transform 12
Transform: AffineTransform_float_3_3
Parameters: 0.999998 0.00105039 -0.00186352 -0.00104581 0.999998 0.0020268 0.00186571 -0.00202528 0.999996 0.0110072 0.0755399 -0.133575
FixedParameters: 0 0 0

#Transform 13
Transform: AffineTransform_float_3_3
Parameters: 0.999998 0.00145983 -0.0015948 -0.00145666 0.999996 0.00252485 0.00159863 -0.00252219 0.999995 0.0141617 0.0389244 -0.207119
FixedParameters: 0 0 0

#Transform 14
Transform: AffineTransform_float_3_3
Parameters: 0.999997 0.00179736 -0.00156127 -0.00179413 0.999996 0.0022856 0.00156569 -0.00228269 0.999996 0.0580068 0.0673161 -0.241263
FixedParameters: 0 0 0

#Transform 15
Transform: AffineTransform_float_3_3
Parameters: 0.999997 0.00150352 -0.00217594 -0.00150375 0.999999 -0.000172928 0.00217583 0.000176067 0.999998 0.0707697 0.124761 -0.179551
FixedParameters: 0 0 0

#Transform 16
Transform: AffineTransform_float_3_3
Parameters: 0.999998 0.00144518 -0.00129356 -0.0014477 0.999997 -0.00204518 0.00129066 0.00204648 0.999998 -0.0197452 0.0598098 0.0982208
FixedParameters: 0 0 0

#Transform 17
Transform: AffineTransform_float_3_3
Parameters: 0.999999 0.00075213 0.000413618 -0.000751891 0.999999 0.000686799 -0.000412972 -0.000686735 0.999999 -0.0552285 0.0918919 -0.0038486
FixedParameters: 0 0 0

#Transform 18
Transform: AffineTransform_float_3_3
Parameters: 0.999998 0.0012966 -0.00165394 -0.00129433 0.999998 0.00155629 0.0016561 -0.00155439 0.999998 0.049737 0.173461 -0.172077
FixedParameters: 0 0 0

#Transform 19
Transform: AffineTransform_float_3_3
Parameters: 0.999999 0.000832889 -0.00115019 -0.000833393 1 0.000278458 0.00115034 -0.000278077 0.999999 0.0791708 0.118621 -0.171702
FixedParameters: 0 0 0

#Transform 20
Transform: AffineTransform_float_3_3
Parameters: 1 -0.000222146 0.000532923 0.000223109 1 -0.000984494 -0.000532665 0.000984723 1 -0.0254301 0.0400608 0.0630058
FixedParameters: 0 0 0

#Transform 21
Transform: AffineTransform_float_3_3
Parameters: 1 -0.000569877 -7.12255e-05 0.000570417 0.999999 0.00143189 7.02955e-05 -0.0014319 0.999999 0.00470995 0.0279577 -0.0377101
FixedParameters: 0 0 0

#Transform 22
Transform: AffineTransform_float_3_3
Parameters: 1 -0.000351962 0.000333237 0.000351198 0.999998 0.00165093 -0.000333695 -0.00165063 0.999998 -0.0164597 0.0219428 -0.0721228
FixedParameters: 0 0 0

#Transform 23
Transform: AffineTransform_float_3_3
Parameters: 1 7.44559e-05 7.51383e-05 -7.47913e-05 0.999998 0.00165589 -7.50717e-05 -0.00165591 0.999998 0.00137848 0.040041 -0.119924
FixedParameters: 0 0 0

#Transform 24
Transform: AffineTransform_float_3_3
Parameters: 1 -0.000114341 7.45748e-05 0.000114095 1 0.00106704 -7.4999e-05 -0.00106703 1 0.0266732 0.091814 -0.171535
FixedParameters: 0 0 0

#Transform 25
Transform: AffineTransform_float_3_3
Parameters: 0.999994 0.00218781 0.00237095 -0.00218323 0.999996 -0.00180937 -0.00237498 0.00180382 0.999996 0.0951552 0.208722 -0.217393
FixedParameters: 0 0 0

#Transform 26
Transform: AffineTransform_float_3_3
Parameters: 0.999992 0.00383175 0.000708328 -0.00383073 0.999992 -0.00122894 -0.000713014 0.00122566 0.999999 0.045162 -0.0149048 0.00789775
FixedParameters: 0 0 0

#Transform 27
Transform: AffineTransform_float_3_3
Parameters: 0.999999 0.000711261 -0.00173405 -0.000710285 0.999999 0.000966401 0.00173461 -0.000965455 0.999998 0.05255 0.00530532 0.131868
FixedParameters: 0 0 0

#Transform 28
Transform: AffineTransform_float_3_3
Parameters: 1 0.000761918 -0.000498416 -0.000761882 0.999998 -0.00180766 0.000496954 0.00180723 0.999998 0.0424679 0.105664 -0.0887644
FixedParameters: 0 0 0

#Transform 29
Transform: AffineTransform_float_3_3
Parameters: 1 0.000528539 0.000275239 -0.000527957 0.999997 -0.00238113 -0.000276982 0.00238083 0.999997 0.0230374 0.135983 -0.122812
FixedParameters: 0 0 0

#Transform 30
Transform: AffineTransform_float_3_3
Parameters: 1 0.000472881 -0.000357956 -0.000472993 1 -0.000156101 0.000357808 0.000156439 1 0.0203302 0.122225 -0.174225
FixedParameters: 0 0 0

#Transform 31
Transform: AffineTransform_float_3_3
Parameters: 0.999973 0.00723904 0.00070641 -0.00725054 0.999803 0.0184794 -0.000572822 -0.0184836 0.999829 0.147246 0.130777 -1.52152
FixedParameters: 0 0 0

#Transform 32
Transform: AffineTransform_float_3_3
Parameters: 0.999951 0.00963687 -0.00217826 -0.00960295 0.999844 0.0148322 0.00232095 -0.0148102 0.999888 0.0987146 0.0321332 -1.0929
FixedParameters: 0 0 0

#Transform 33
Transform: AffineTransform_float_3_3
Parameters: 0.999967 0.00778795 -0.0020111 -0.00776062 0.999883 0.0132339 0.00211406 -0.0132184 0.99991 0.101585 0.0548975 -1.00882
FixedParameters: 0 0 0

#Transform 34
Transform: AffineTransform_float_3_3
Parameters: 0.999975 0.00662234 -0.00259685 -0.00659183 0.999913 0.0114451 0.00267289 -0.011428 0.999931 0.0916865 0.0580248 -0.94994
FixedParameters: 0 0 0

#Transform 35
Transform: AffineTransform_float_3_3
Parameters: 0.999975 0.00648083 -0.00253792 -0.00645411 0.999925 0.0103822 0.00260558 -0.0103659 0.999943 0.111805 0.171683 -0.964849
FixedParameters: 0 0 0

#Transform 36
Transform: AffineTransform_float_3_3
Parameters: 0.999977 0.00652503 -0.00181764 -0.00650816 0.999934 0.00938208 0.00187889 -0.00936999 0.999955 0.0830865 0.126208 -0.91799
FixedParameters: 0 0 0

#Transform 37
Transform: AffineTransform_float_3_3
Parameters: 0.999982 0.00575088 -0.00191444 -0.00573517 0.99995 0.00824313 0.00196239 -0.00823186 0.999964 0.0548372 0.120766 -0.832535
FixedParameters: 0 0 0

#Transform 38
Transform: AffineTransform_float_3_3
Parameters: 0.999984 0.00536823 -0.00164472 -0.00535481 0.999952 0.008175 0.00168841 -0.0081662 0.999965 0.0519947 0.123988 -0.774808
FixedParameters: 0 0 0

#Transform 39
Transform: AffineTransform_float_3_3
Parameters: 0.999987 0.00481319 -0.00130704 -0.00480208 0.999951 0.00863852 0.00134798 -0.00863138 0.999962 0.0354164 0.0946946 -0.74546
FixedParameters: 0 0 0

#Transform 40
Transform: AffineTransform_float_3_3
Parameters: 0.999988 0.00461865 -0.00117433 -0.00460747 0.999946 0.00931691 0.00121737 -0.00931064 0.999956 0.126692 0.141642 -0.847805
FixedParameters: 0 0 0

#Transform 41
Transform: AffineTransform_float_3_3
Parameters: 0.999989 0.0046203 -0.00105508 -0.00460885 0.999942 0.00978901 0.0011007 -0.00978436 0.999952 0.123423 0.137514 -0.883775
FixedParameters: 0 0 0

#Transform 42
Transform: AffineTransform_float_3_3
Parameters: 0.999991 0.00419592 -0.000828375 -0.00418742 0.999939 0.0102907 0.000871538 -0.0102873 0.999946 0.0782967 0.0847589 -0.804812
FixedParameters: 0 0 0

#Transform 43
Transform: AffineTransform_float_3_3
Parameters: 0.999991 0.00403516 -0.00111531 -0.00402326 0.999936 0.0105998 0.0011574 -0.0105959 0.999943 0.153201 0.148581 -0.892764
FixedParameters: 0 0 0

#Transform 44
Transform: AffineTransform_float_3_3
Parameters: 0.999994 0.00358207 -0.000758018 -0.00357394 0.999948 0.0095087 0.00079206 -0.00950521 0.999955 0.124504 0.0979856 -0.758489
FixedParameters: 0 0 0

#Transform 45
Transform: AffineTransform_float_3_3
Parameters: 0.999991 0.00402488 -0.00143711 -0.00401398 0.999968 0.0070401 0.00146511 -0.00703382 0.999974 0.142293 0.135567 -0.695498
FixedParameters: 0 0 0

#Transform 46
Transform: AffineTransform_float_3_3
Parameters: 0.999991 0.0034153 -0.00258592 -0.00339909 0.999973 0.00643478 0.00260704 -0.00642532 0.999976 0.180032 0.260799 -0.714659
FixedParameters: 0 0 0

#Transform 47
Transform: AffineTransform_float_3_3
Parameters: 0.999994 0.0027166 -0.00214134 -0.00270301 0.999978 0.0060541 0.00215699 -0.0060486 0.999979 0.140907 0.219713 -0.673174
FixedParameters: 0 0 0

#Transform 48
Transform: AffineTransform_float_3_3
Parameters: 0.999993 0.00305681 -0.00208635 -0.00304531 0.99998 0.00541892 0.00210254 -0.00541219 0.999983 0.177109 0.235606 -0.664163
FixedParameters: 0 0 0

#Transform 49
Transform: AffineTransform_float_3_3
Parameters: 0.999998 0.00225868 -0.000640902 -0.00225522 0.999984 0.00503842 0.000652665 -0.00503696 0.999987 0.246942 0.207375 -0.60001
FixedParameters: 0 0 0

#Transform 50
Transform: AffineTransform_float_3_3
Parameters: 0.999992 0.00393187 0.000630764 -0.00393901 0.999922 0.0117958 -0.000584071 -0.0117989 0.99993 0.285112 0.107809 -0.692196
FixedParameters: 0 0 0

#Transform 51
Transform: AffineTransform_float_3_3
Parameters: 1 -0.000416333 9.54761e-05 0.000415172 0.999958 0.00922972 -9.95212e-05 -0.00922987 0.999958 0.255195 -0.0283231 -0.411098
FixedParameters: 0 0 0

#Transform 52
Transform: AffineTransform_float_3_3
Parameters: 0.999999 -0.000520081 -0.00101249 0.000529233 0.999955 0.00945873 0.00100735 -0.00945951 0.999955 0.301921 0.126541 -0.486543
FixedParameters: 0 0 0

#Transform 53
Transform: AffineTransform_float_3_3
Parameters: 0.999999 -0.00144421 -0.00106318 0.00145315 0.999964 0.00833075 0.00105132 -0.00833255 0.999965 0.327891 0.0687332 -0.469492
FixedParameters: 0 0 0

#Transform 54
Transform: AffineTransform_float_3_3
Parameters: 0.999999 -0.00121821 -0.000747042 0.00122403 0.99996 0.00880051 0.000736238 -0.00880174 0.999961 0.307522 0.141829 -0.430147
FixedParameters: 0 0 0

#Transform 55
Transform: AffineTransform_float_3_3
Parameters: 0.999997 -0.00210086 -0.000677079 0.00210648 0.99996 0.00867811 0.000658927 -0.00867943 0.999962 0.303264 0.0812483 -0.333085
FixedParameters: 0 0 0

#Transform 56
Transform: AffineTransform_float_3_3
Parameters: 0.999998 -0.000744464 0.00200053 0.000721072 0.999931 0.0117523 -0.00200835 -0.0117504 0.999929 0.153317 -0.0343999 -0.2139
FixedParameters: 0 0 0

#Transform 57
Transform: AffineTransform_float_3_3
Parameters: 1 -0.000144363 -0.000834188 0.000154252 0.999928 0.0120057 0.000832736 -0.0120056 0.999928 0.35395 0.166541 -0.453408
FixedParameters: 0 0 0

#Transform 58
Transform: AffineTransform_float_3_3
Parameters: 0.999998 -0.000813952 -0.00202653 0.000830832 0.999967 0.00804001 0.00202023 -0.0080406 0.999966 0.442296 0.177389 -0.385879
FixedParameters: 0 0 0

#Transform 59
Transform: AffineTransform_float_3_3
Parameters: 0.999994 -0.00121902 -0.00323834 0.00123759 0.999983 0.00566591 0.00323064 -0.0056698 0.999979 0.311608 0.136625 -0.306729
FixedParameters: 0 0 0

#Transform 60
Transform: AffineTransform_float_3_3
Parameters: 0.999998 -0.000539368 -0.00185363 0.000553177 0.999971 0.00758116 0.00185033 -0.00758263 0.999969 0.266562 0.1023 -0.323143
FixedParameters: 0 0 0

#Transform 61
Transform: AffineTransform_float_3_3
Parameters: 1 -0.00014308 -0.000789879 0.00015 0.999961 0.0088345 0.000788744 -0.00883501 0.999961 0.23922 0.0824052 -0.435664
FixedParameters: 0 0 0

#Transform 62
Transform: AffineTransform_float_3_3
Parameters: 1 0.000694195 -0.00020887 -0.000692197 0.999947 0.0102047 0.000215852 -0.0102046 0.999948 0.206961 0.127221 -0.67206
FixedParameters: 0 0 0

#Transform 63
Transform: AffineTransform_float_3_3
Parameters: 1 0.000669316 -0.000155545 -0.00066832 0.999941 0.0107731 0.00016259 -0.010773 0.999942 0.206961 0.0880309 -0.70609
FixedParameters: 0 0 0

#Transform 64
Transform: AffineTransform_float_3_3
Parameters: 1 0.000738183 -0.000187742 -0.00073568 0.99994 0.0109782 0.000195766 -0.0109788 0.999939 0.22598 0.156252 -0.773407
FixedParameters: 0 0 0

#Transform 65
Transform: AffineTransform_float_3_3
Parameters: 0.99999 0.00452977 0.000112384 -0.00453084 0.999867 0.0156713 -4.22639e-05 -0.0156717 0.999877 0.190268 -0.0902014 -0.695988
FixedParameters: 0 0 0

#Transform 66
Transform: AffineTransform_float_3_3
Parameters: 0.99999 0.00368192 -0.00257129 -0.00365277 0.999929 0.0112748 0.00261295 -0.0112656 0.999933 0.187533 0.0166441 -0.687872
FixedParameters: 0 0 0

#Transform 67
Transform: AffineTransform_float_3_3
Parameters: 0.999982 0.0050232 -0.00307902 -0.00499542 0.999948 0.0089965 0.00312388 -0.00898097 0.999955 0.155223 0.156587 -0.632762
FixedParameters: 0 0 0

#Transform 68
Transform: AffineTransform_float_3_3
Parameters: 0.999991 0.00251835 -0.00319846 -0.00248959 0.999956 0.00906061 0.00322056 -0.00905263 0.999954 0.269797 0.200543 -0.632008
FixedParameters: 0 0 0

#Transform 69
Transform: AffineTransform_float_3_3
Parameters: 0.999997 0.00116821 -0.00208348 -0.00115693 0.999984 0.00538121 0.00209063 -0.00537876 0.999983 0.237442 0.182156 -0.523503
FixedParameters: 0 0 0

#Transform 70
Transform: AffineTransform_float_3_3
Parameters: 0.999999 0.00158832 -0.000968789 -0.00158192 0.999978 0.00637691 0.000978758 -0.00637545 0.999979 0.386969 0.224794 -0.61878
FixedParameters: 0 0 0

#Transform 71
Transform: AffineTransform_float_3_3
Parameters: 0.999999 -0.00126966 -0.000726743 0.00127397 0.999977 0.00657118 0.000717854 -0.00657235 0.999979 0.332929 0.200311 -0.59197
FixedParameters: 0 0 0

#Transform 72
Transform: AffineTransform_float_3_3
Parameters: 0.999998 -0.00218886 -0.000699838 0.0021959 0.999957 0.00907399 0.00067968 -0.00907477 0.999959 0.289374 0.0834658 -0.461335
FixedParameters: 0 0 0

#Transform 73
Transform: AffineTransform_float_3_3
Parameters: 0.999997 -0.000163741 -0.00228855 0.000194585 0.999908 0.0135416 0.00228581 -0.0135422 0.999906 0.317699 0.0681747 -0.716068
FixedParameters: 0 0 0

#Transform 74
Transform: AffineTransform_float_3_3
Parameters: 0.999999 -0.000527362 -0.00139992 0.000545709 0.999911 0.013327 0.00139274 -0.013328 0.99991 0.317379 0.0535356 -0.652085
FixedParameters: 0 0 0

#Transform 75
Transform: AffineTransform_float_3_3
Parameters: 0.999999 -0.00108948 -0.00136745 0.00110378 0.999948 0.0102001 0.00135675 -0.0102007 0.999947 0.264105 0.189079 -0.521523
FixedParameters: 0 0 0

#Transform 76
Transform: AffineTransform_float_3_3
Parameters: 0.999998 -0.000345658 -0.00234093 0.000367501 0.999955 0.00946592 0.00233822 -0.00946613 0.999953 0.289934 0.202601 -0.556154
FixedParameters: 0 0 0

#Transform 77
Transform: AffineTransform_float_3_3
Parameters: 0.999998 -0.000724586 -0.00138947 0.000735064 0.999973 0.00729382 0.00138402 -0.00729487 0.999973 0.203311 0.17876 -0.530827
FixedParameters: 0 0 0

#Transform 78
Transform: AffineTransform_float_3_3
Parameters: 0.999998 -0.000194778 -0.001746 0.00020454 0.999985 0.00545469 0.00174495 -0.00545591 0.999984 0.210842 0.248506 -0.53403
FixedParameters: 0 0 0

#Transform 79
Transform: AffineTransform_float_3_3
Parameters: 0.999999 -0.00033744 -0.00150059 0.000346332 0.999981 0.00606547 0.00149777 -0.00606557 0.999981 0.199076 0.114309 -0.502623
FixedParameters: 0 0 0

#Transform 80
Transform: AffineTransform_float_3_3
Parameters: 0.999999 -4.75266e-05 -0.00158228 5.86192e-05 0.999978 0.00668782 0.00158129 -0.00668796 0.999977 0.251945 0.17461 -0.61395
FixedParameters: 0 0 0

#Transform 81
Transform: AffineTransform_float_3_3
Parameters: 0.999998 -0.000728376 -0.00175656 0.000741171 0.999975 0.0069837 0.00175203 -0.00698472 0.999974 0.277216 0.189626 -0.615017
FixedParameters: 0 0 0

#Transform 82
Transform: AffineTransform_float_3_3
Parameters: 0.999999 -0.000474261 -0.00158518 0.000489834 0.999951 0.00982971 0.00158034 -0.00983067 0.99995 0.31676 0.227033 -0.762601
FixedParameters: 0 0 0

#Transform 83
Transform: AffineTransform_float_3_3
Parameters: 0.999997 -0.000603082 -0.00209856 0.000621219 0.99996 0.00894739 0.00209345 -0.00894896 0.999958 0.294369 0.177281 -0.561964
FixedParameters: 0 0 0

#Transform 84
Transform: AffineTransform_float_3_3
Parameters: 0.999998 -0.000229752 -0.00173034 0.000245781 0.999959 0.00911182 0.00172846 -0.00911221 0.999957 0.251321 0.110814 -0.603131
FixedParameters: 0 0 0

#Transform 85
Transform: AffineTransform_float_3_3
Parameters: 0.999997 -0.00034448 -0.00219113 0.000363066 0.999962 0.00873462 0.0021879 -0.00873456 0.99996 0.198793 0.115196 -0.58004
FixedParameters: 0 0 0

#Transform 86
Transform: AffineTransform_float_3_3
Parameters: 0.999999 -0.000694601 -0.00115283 0.000701858 0.99998 0.00632961 0.0011474 -0.00633016 0.99998 0.14672 0.146164 -0.516447
FixedParameters: 0 0 0

#Transform 87
Transform: AffineTransform_float_3_3
Parameters: 0.999999 -0.00125388 -0.000734671 0.00125636 0.999995 0.003022 0.000730391 -0.00302258 0.999995 0.150027 0.222569 -0.402849
FixedParameters: 0 0 0

#Transform 88
Transform: AffineTransform_float_3_3
Parameters: 0.999997 -0.00141921 -0.00214039 0.00142917 0.999988 0.00471637 0.00213397 -0.00471878 0.999986 0.148212 0.158429 -0.20556
FixedParameters: 0 0 0

#Transform 89
Transform: AffineTransform_float_3_3
Parameters: 0.999995 -0.000804047 -0.00301776 0.000824712 0.999974 0.0071655 0.00301222 -0.00716746 0.99997 0.15111 0.088729 -0.139075
FixedParameters: 0 0 0

#Transform 90
Transform: AffineTransform_float_3_3
Parameters: 0.999998 -0.00189008 -0.00143617 0.0018865 0.999995 -0.00238569 0.00144098 0.00238321 0.999996 0.0822833 0.2957 -0.225517
FixedParameters: 0 0 0

#Transform 91
Transform: AffineTransform_float_3_3
Parameters: 0.999996 -0.00249428 -0.00149896 0.00249444 0.999997 -0.000154479 0.00149965 0.00015112 0.999999 0.112251 0.23303 -0.134293
FixedParameters: 0 0 0

#Transform 92
Transform: AffineTransform_float_3_3
Parameters: 0.999998 -0.00150407 -0.00153163 0.0015105 0.99999 0.00415285 0.00152491 -0.00415568 0.99999 0.114008 0.129702 -0.120435
FixedParameters: 0 0 0

#Transform 93
Transform: AffineTransform_float_3_3
Parameters: 0.999997 -0.0014095 -0.00193444 0.0014182 0.99999 0.00438489 0.00192834 -0.00438794 0.999989 0.0733851 0.0901723 -0.0800203
FixedParameters: 0 0 0

#Transform 94
Transform: AffineTransform_float_3_3
Parameters: 0.999999 -0.00148104 -0.000415683 0.00148025 0.999999 -0.000329312 0.000415818 0.000328625 1 0.00991214 0.238427 -0.0840318
FixedParameters: 0 0 0

#Transform 95
Transform: AffineTransform_float_3_3
Parameters: 1 -0.000531114 -0.000238381 0.000531332 0.999998 0.00163499 0.000237777 -0.00163524 0.999998 0.0947918 0.161236 -0.239713
FixedParameters: 0 0 0

#Transform 96
Transform: AffineTransform_float_3_3
Parameters: 0.999999 -0.000329852 -0.00156477 0.000337924 0.999986 0.00526349 0.00156217 -0.00526437 0.999985 0.108945 0.16577 -0.25808
FixedParameters: 0 0 0

#Transform 97
Transform: AffineTransform_float_3_3
Parameters: 1 4.72253e-05 0.000129454 -4.80195e-05 0.999973 0.00734171 -0.000128758 -0.0073414 0.999973 0.0406344 0.239477 -0.373838
FixedParameters: 0 0 0

#Transform 98
Transform: AffineTransform_float_3_3
Parameters: 1 -0.000208058 -0.000103211 0.00020878 0.99998 0.00643717 0.000101584 -0.00643705 0.99998 0.105674 0.165735 -0.443934
FixedParameters: 0 0 0

#Transform 99
Transform: AffineTransform_float_3_3
Parameters: 0.999999 -0.00137141 0.000340214 0.00136993 0.99999 0.00428632 -0.000346614 -0.00428573 0.999991 0.13257 0.277633 -0.500487
FixedParameters: 0 0 0

#Transform 100
Transform: AffineTransform_float_3_3
Parameters: 0.999997 -0.00215604 0.000944722 0.00215207 0.999989 0.00413695 -0.000954428 -0.00413445 0.999991 0.161997 0.308346 -0.487642
FixedParameters: 0 0 0

#Transform 101
Transform: AffineTransform_float_3_3
Parameters: 0.999997 -0.00248795 0.000345194 0.00248577 0.999985 0.00485277 -0.00035712 -0.00485219 0.999988 0.191051 0.200492 -0.460203
FixedParameters: 0 0 0

#Transform 102
Transform: AffineTransform_float_3_3
Parameters: 0.999999 -0.00153767 -0.000231947 0.00153901 0.999981 0.00601827 0.000222499 -0.00601809 0.999982 0.168874 0.207475 -0.433656
FixedParameters: 0 0 0

#Transform 103
Transform: AffineTransform_float_3_3
Parameters: 1 -0.000591501 -0.000679272 0.000595864 0.999981 0.00611798 0.000675327 -0.00611885 0.999982 0.108703 0.168781 -0.40266
FixedParameters: 0 0 0

#Transform 104
Transform: AffineTransform_float_3_3
Parameters: 0.999998 0.000744901 -0.00167471 -0.000737222 0.999988 0.00478428 0.00167771 -0.0047839 0.999988 0.100503 0.22374 -0.466217
FixedParameters: 0 0 0

#Transform 105
Transform: AffineTransform_float_3_3
Parameters: 0.999999 0.000307221 -0.00110396 -0.00030078 0.999983 0.00580284 0.00110569 -0.0058027 0.999982 0.118004 0.164573 -0.452087
FixedParameters: 0 0 0

#Transform 106
Transform: AffineTransform_float_3_3
Parameters: 0.999974 0.0029854 -0.00664213 -0.00287812 0.999866 0.0161208 0.0066898 -0.0161014 0.999848 0.44792 -0.177775 -1.67097
FixedParameters: 0 0 0

#Transform 107
Transform: AffineTransform_float_3_3
Parameters: 0.999962 0.00318812 -0.00807362 -0.00297312 0.999644 0.0265361 0.00815539 -0.0265118 0.999615 0.538025 0.24824 -2.13205
FixedParameters: 0 0 0

#Transform 108
Transform: AffineTransform_float_3_3
Parameters: 0.999983 0.00266773 -0.00520734 -0.00255188 0.999752 0.0221386 0.00526542 -0.0221257 0.999741 0.406611 0.10711 -1.45543
FixedParameters: 0 0 0

#Transform 109
Transform: AffineTransform_float_3_3
Parameters: 0.999979 0.00330075 -0.0057486 -0.00319405 0.999824 0.0184726 0.00580874 -0.0184535 0.999813 0.4462 0.26534 -1.43368
FixedParameters: 0 0 0

#Transform 110
Transform: AffineTransform_float_3_3
Parameters: 0.999986 0.00212928 -0.00499687 -0.00205323 0.999881 0.0152761 0.00502915 -0.015266 0.999871 0.410686 0.16549 -1.27423
FixedParameters: 0 0 0

#Transform 111
Transform: AffineTransform_float_3_3
Parameters: 0.999989 0.00145421 -0.00425821 -0.00138892 0.99988 0.015433 0.00427972 -0.015427 0.999872 0.397978 0.195258 -1.28337
FixedParameters: 0 0 0

#Transform 112
Transform: AffineTransform_float_3_3
Parameters: 0.999987 0.00189079 -0.00487031 -0.00183215 0.999927 0.0119547 0.00489297 -0.0119448 0.999917 0.400857 0.182367 -1.06377
FixedParameters: 0 0 0

#Transform 113
Transform: AffineTransform_float_3_3
Parameters: 0.999978 0.0021205 -0.00619418 -0.00204218 0.999917 0.0127108 0.00622046 -0.0126981 0.9999 0.421909 0.164018 -0.824982
FixedParameters: 0 0 0

#Transform 114
Transform: AffineTransform_float_3_3
Parameters: 0.999986 0.00113061 -0.00533531 -0.00106534 0.999924 0.0122995 0.00534892 -0.012294 0.99991 0.502903 0.33729 -0.937354
FixedParameters: 0 0 0

#Transform 115
Transform: AffineTransform_float_3_3
Parameters: 0.99999 0.00430835 0.000877686 -0.0043161 0.999951 0.00883673 -0.000839541 -0.00884044 0.99996 -0.0396374 -0.0865457 0.169634
FixedParameters: 0 0 0

#Transform 116
Transform: AffineTransform_float_3_3
Parameters: 0.999979 0.00476424 -0.00428238 -0.0046817 0.999805 0.0191734 0.00437322 -0.0191525 0.999806 0.478128 0.148853 -1.25305
FixedParameters: 0 0 0

#Transform 117
Transform: AffineTransform_float_3_3
Parameters: 0.999999 0.00078188 -0.000410877 -0.000779525 0.99999 0.00441385 0.00041508 -0.00441336 0.99999 0.238696 0.321469 -0.710611
FixedParameters: 0 0 0

#Transform 118
Transform: AffineTransform_float_3_3
Parameters: 0.999997 0.00179427 -0.00154984 -0.00178855 0.999991 0.00379995 0.00155743 -0.00379735 0.999991 0.234571 0.267506 -0.480295
FixedParameters: 0 0 0

#Transform 119
Transform: AffineTransform_float_3_3
Parameters: 0.999999 0.000492569 -0.00154239 -0.000486714 0.999992 0.0039575 0.00154428 -0.00395645 0.999991 0.179901 0.196027 -0.378653
FixedParameters: 0 0 0
