# transform file /out/sourcedata/freesurfer/sub-v1s19x0051298_ses-1/mri/transforms/cc_up.lta
# created by oesteban on Thu Mar 12 13:50:59 2026

type      = 0 # LINEAR_VOX_TO_VOX
nxforms   = 1
mean      = 127.0000 90.0000 129.0000
sigma     = 10000.0000
1 4 4
9.979579448699951e-01 -1.129243150353432e-02 -6.286951899528503e-02 9.235166549682617e+00 
1.127008907496929e-02 9.999362826347351e-01 -7.099949289113283e-04 4.964256668090820e+01 
6.287352740764618e-02 0.000000000000000e+00 9.980215430259705e-01 7.175758361816406e+00 
0.000000000000000e+00 0.000000000000000e+00 0.000000000000000e+00 1.000000000000000e+00 
src volume info
valid = 1  # volume info valid
filename = /out/sourcedata/freesurfer/sub-v1s19x0051298_ses-1/mri/norm.mgz
volume = 256 256 256
voxelsize = 1.000000000000000e+00 1.000000000000000e+00 1.000000000000000e+00
xras   = -1.000000000000000e+00 0.000000000000000e+00 0.000000000000000e+00
yras   = 0.000000000000000e+00 0.000000000000000e+00 -1.000000000000000e+00
zras   = 0.000000000000000e+00 1.000000000000000e+00 0.000000000000000e+00
cras   = 1.786041259765625e-02 3.436424255371094e+00 -4.895332336425781e+01
dst volume info
valid = 1  # volume info valid
filename = /out/sourcedata/freesurfer/sub-v1s19x0051298_ses-1/mri/norm.mgz
volume = 256 256 256
voxelsize = 1.000000000000000e+00 1.000000000000000e+00 1.000000000000000e+00
xras   = -1.000000000000000e+00 0.000000000000000e+00 0.000000000000000e+00
yras   = 0.000000000000000e+00 0.000000000000000e+00 -1.000000000000000e+00
zras   = 0.000000000000000e+00 1.000000000000000e+00 0.000000000000000e+00
cras   = 1.786041259765625e-02 3.436424255371094e+00 -4.895332336425781e+01
