#Insight Transform File V1.0
#Transform 0
Transform: AffineTransform_float_3_3
Parameters: 0.999999 -0.000537852 0.000970307 0.000538638 0.999999 -0.00110139 -0.00096974 0.00110175 0.999999 -0.167601 -0.0715497 0.288663
FixedParameters: 0 0 0

#Transform 1
Transform: AffineTransform_float_3_3
Parameters: 0.999999 -0.000401335 0.00101454 0.000403438 1 -0.00108944 -0.00101386 0.00109025 0.999999 -0.16735 -0.0614508 0.255586
FixedParameters: 0 0 0

#Transform 2
Transform: AffineTransform_float_3_3
Parameters: 1 -0.000293358 0.00100093 0.000293831 1 -0.000182223 -0.00100063 0.000182821 0.999999 -0.162643 -0.0658934 0.213107
FixedParameters: 0 0 0

#Transform 3
Transform: AffineTransform_float_3_3
Parameters: 0.999999 -0.000344259 0.000787914 0.000344853 1 -0.000376995 -0.000787654 0.000377538 0.999999 -0.155849 -0.0346618 0.215386
FixedParameters: 0 0 0

#Transform 4
Transform: AffineTransform_float_3_3
Parameters: 0.999999 -0.000547354 0.00136678 0.000547541 1 6.6951e-06 -0.00136665 -6.56287e-06 0.999999 -0.167825 -0.0564171 0.204307
FixedParameters: 0 0 0

#Transform 5
Transform: AffineTransform_float_3_3
Parameters: 1 -0.000550351 0.000951024 0.00055036 1 0.000102914 -0.000950998 -0.000103232 1 -0.148652 -0.0466641 0.136692
FixedParameters: 0 0 0

#Transform 6
Transform: AffineTransform_float_3_3
Parameters: 1 -0.000221305 0.00115775 0.000222205 0.999999 -0.000300286 -0.00115748 0.000300283 0.999999 -0.136463 -0.0204332 0.118769
FixedParameters: 0 0 0

#Transform 7
Transform: AffineTransform_float_3_3
Parameters: 0.999999 -0.000429455 0.00123961 0.000429447 0.999999 8.6041e-05 -0.00123954 -8.54925e-05 0.999999 -0.123554 -0.0455362 0.103365
FixedParameters: 0 0 0

#Transform 8
Transform: AffineTransform_float_3_3
Parameters: 0.999999 -0.000482829 0.0012698 0.000483424 1 -0.000537961 -0.00126885 0.000538601 1 -0.105015 -0.00992308 0.0722153
FixedParameters: 0 0 0

#Transform 9
Transform: AffineTransform_float_3_3
Parameters: 0.999999 -0.000289017 0.00121121 0.000288809 0.999999 -0.000188112 -0.00121048 0.000188237 0.999999 -0.0744627 -0.0358478 0.0956083
FixedParameters: 0 0 0

#Transform 10
Transform: AffineTransform_float_3_3
Parameters: 0.999998 -0.000424341 0.00159121 0.000424538 1 -3.10568e-05 -0.00159124 3.18809e-05 0.999999 -0.0430582 -0.0244372 0.0236225
FixedParameters: 0 0 0

#Transform 11
Transform: AffineTransform_float_3_3
Parameters: 1 -0.000410039 0.00108565 0.000411557 1 -0.000872175 -0.00108584 0.000872447 0.999999 -0.0170434 0.0121269 0.0144043
FixedParameters: 0 0 0

#Transform 12
Transform: AffineTransform_float_3_3
Parameters: 1 -0.000495606 0.000970974 0.000495576 0.999999 0.000121151 -0.000970955 -0.000120705 0.999999 -0.0179033 -0.0407563 0.0609332
FixedParameters: 0 0 0

#Transform 13
Transform: AffineTransform_float_3_3
Parameters: 1 -0.000691311 0.000749006 0.000691324 0.999999 0.000128314 -0.000749044 -0.000127794 1 -0.0185106 0.00186621 0.0189378
FixedParameters: 0 0 0

#Transform 14
Transform: AffineTransform_float_3_3
Parameters: 1 -0.000332555 -4.8949e-05 0.000332565 1 9.43177e-05 4.88863e-05 -9.43502e-05 1 -0.000123364 -0.0318545 -0.0224491
FixedParameters: 0 0 0

#Transform 15
Transform: AffineTransform_float_3_3
Parameters: 1 -0.000260329 -3.98376e-05 0.000260345 1 0.000205474 3.97306e-05 -0.000205495 1 0.0073034 -0.0280258 -0.037586
FixedParameters: 0 0 0

#Transform 16
Transform: AffineTransform_float_3_3
Parameters: 0.999999 1.38054e-05 -0.000927144 -1.37545e-05 0.999999 -0.000494165 0.000926595 0.000493723 0.999999 0.0165955 0.00295566 -0.040427
FixedParameters: 0 0 0

#Transform 17
Transform: AffineTransform_float_3_3
Parameters: 1 -0.000301354 0.000495234 0.000301484 1 -0.000130579 -0.000495155 0.000130878 1 -0.0141485 -0.0168867 -0.0360341
FixedParameters: 0 0 0

#Transform 18
Transform: AffineTransform_float_3_3
Parameters: 1 -0.000221847 -8.84944e-05 0.000221784 1 -0.000360439 8.86543e-05 0.0003604 1 0.00923202 0.0268961 -0.0605939
FixedParameters: 0 0 0

#Transform 19
Transform: AffineTransform_float_3_3
Parameters: 1 -0.000146652 0.00020024 0.000146735 1 -0.000206159 -0.00020018 0.000206218 1 -0.0205861 -0.0103849 0.0346492
FixedParameters: 0 0 0

#Transform 20
Transform: AffineTransform_float_3_3
Parameters: 1 6.29198e-05 0.000283003 -6.27279e-05 1 -0.000338967 -0.000283045 0.000338931 1 -0.00654174 -0.00299884 0.0205752
FixedParameters: 0 0 0

#Transform 21
Transform: AffineTransform_float_3_3
Parameters: 1 -5.95944e-05 -0.000383178 5.94009e-05 1 -0.000252482 0.000383208 0.000252437 1 0.0110005 0.0374565 -0.0146999
FixedParameters: 0 0 0

#Transform 22
Transform: AffineTransform_float_3_3
Parameters: 0.999999 -0.000115212 -0.000842631 0.00011602 1 0.000479665 0.00084252 -0.00047986 0.999999 0.0157938 -0.0119085 0.00854008
FixedParameters: 0 0 0

#Transform 23
Transform: AffineTransform_float_3_3
Parameters: 0.999999 -0.000167054 -0.000721311 0.000167959 1 0.000627164 0.000721101 -0.000627405 0.999999 0.0150052 -0.00299946 -0.0195916
FixedParameters: 0 0 0

#Transform 24
Transform: AffineTransform_float_3_3
Parameters: 1 0.000101517 -0.000295174 -0.000101414 1 0.000174298 0.00029521 -0.000174238 1 0.0397326 0.0241527 -0.0509766
FixedParameters: 0 0 0

#Transform 25
Transform: AffineTransform_float_3_3
Parameters: 1 -0.000272168 -0.00035566 0.00027232 1 0.000212545 0.000355544 -0.000212738 1 0.0211895 -0.00693845 0.0229272
FixedParameters: 0 0 0

#Transform 26
Transform: AffineTransform_float_3_3
Parameters: 1 -8.43726e-06 -0.000151889 7.85143e-06 0.999999 0.000931342 0.000152355 -0.000931404 0.999999 0.0196361 -0.00425333 -0.0147865
FixedParameters: 0 0 0

#Transform 27
Transform: AffineTransform_float_3_3
Parameters: 1 8.7844e-06 -0.000161522 -9.40284e-06 1 0.00110724 0.00016183 -0.00110731 1 0.022781 0.0368305 -0.0210528
FixedParameters: 0 0 0

#Transform 28
Transform: AffineTransform_float_3_3
Parameters: 0.999999 -0.000570412 -0.000805693 0.000570932 0.999999 0.000928814 0.000804921 -0.000928955 0.999999 0.0120708 0.024421 -0.0140701
FixedParameters: 0 0 0

#Transform 29
Transform: AffineTransform_float_3_3
Parameters: 0.999999 -0.000670697 0.000307677 0.000670676 1 3.43453e-05 -0.000307723 -3.39326e-05 1 0.0278475 0.0661611 -0.0746589
FixedParameters: 0 0 0

#Transform 30
Transform: AffineTransform_float_3_3
Parameters: 1 -0.000643966 0.000198674 0.000643746 1 -0.000882649 -0.000198336 0.000882489 0.999999 0.0552364 0.0816019 -0.121249
FixedParameters: 0 0 0

#Transform 31
Transform: AffineTransform_float_3_3
Parameters: 0.999999 -0.000910102 0.000188911 0.00091012 0.999999 -4.52808e-05 -0.000188828 4.56246e-05 1 0.025203 0.0185902 -0.0492833
FixedParameters: 0 0 0

#Transform 32
Transform: AffineTransform_float_3_3
Parameters: 1 -0.000496669 0.00024551 0.00049654 1 6.38965e-05 -0.000245519 -6.3126e-05 1 0.0343756 0.0570509 -0.0984439
FixedParameters: 0 0 0

#Transform 33
Transform: AffineTransform_float_3_3
Parameters: 1 -0.000510462 0.000253247 0.000510502 1 -7.79733e-05 -0.000253167 7.82318e-05 1 0.0438907 0.0585412 -0.0871527
FixedParameters: 0 0 0

#Transform 34
Transform: AffineTransform_float_3_3
Parameters: 1 -0.000312312 0.00014318 0.000312655 1 0.00045406 -0.00014261 -0.000453877 1 0.0236344 0.0127103 0.0178337
FixedParameters: 0 0 0

#Transform 35
Transform: AffineTransform_float_3_3
Parameters: 1 -0.000276966 0.000123733 0.000276932 1 0.000140561 -0.000123811 -0.000140492 1 0.00992975 0.0696372 0.00176661
FixedParameters: 0 0 0

#Transform 36
Transform: AffineTransform_float_3_3
Parameters: 1 -0.000295635 0.000522605 0.000295279 0.999999 0.000434083 -0.000522915 -0.0004343 1 0.00195087 0.0380473 0.00297741
FixedParameters: 0 0 0

#Transform 37
Transform: AffineTransform_float_3_3
Parameters: 1 -0.000342582 0.000380432 0.000342062 0.999999 0.000683264 -0.0003809 -0.000683003 0.999999 0.0141235 0.0290367 0.045031
FixedParameters: 0 0 0

#Transform 38
Transform: AffineTransform_float_3_3
Parameters: 1 -5.88489e-05 0.000590474 5.94581e-05 1 0.00022008 -0.000590982 -0.000219951 1 0.0102091 0.0593678 0.0323911
FixedParameters: 0 0 0

#Transform 39
Transform: AffineTransform_float_3_3
Parameters: 1 -1.66517e-05 0.000478983 1.61355e-05 1 0.00053881 -0.000479001 -0.000538794 0.999999 0.0139432 0.0644519 0.0568533
FixedParameters: 0 0 0

#Transform 40
Transform: AffineTransform_float_3_3
Parameters: 1 -5.48185e-05 0.000250916 5.44868e-05 1 0.000660992 -0.000250989 -0.000660965 1 0.0245435 0.0275541 0.0680885
FixedParameters: 0 0 0

#Transform 41
Transform: AffineTransform_float_3_3
Parameters: 1 2.89915e-05 0.00025256 -2.92302e-05 1 0.000472729 -0.000252533 -0.000472744 1 0.0124685 0.0702774 0.0557088
FixedParameters: 0 0 0

#Transform 42
Transform: AffineTransform_float_3_3
Parameters: 1 -1.84172e-05 0.000271968 1.82216e-05 1 0.000359706 -0.000271981 -0.000359696 1 0.0135987 0.0405576 0.0977768
FixedParameters: 0 0 0

#Transform 43
Transform: AffineTransform_float_3_3
Parameters: 1 0.000139332 0.000272491 -0.000139292 0.999999 0.00132236 -0.000272798 -0.00132239 0.999999 0.0173302 0.0309729 0.115527
FixedParameters: 0 0 0

#Transform 44
Transform: AffineTransform_float_3_3
Parameters: 1 0.000357656 0.000334703 -0.000357346 0.999999 0.000835351 -0.000334587 -0.000835531 0.999999 0.017432 0.0707742 0.122089
FixedParameters: 0 0 0

#Transform 45
Transform: AffineTransform_float_3_3
Parameters: 1 9.71218e-05 0.000354278 -9.66726e-05 1 0.000592375 -0.000354645 -0.000592385 0.999999 0.0196461 0.0617426 0.148281
FixedParameters: 0 0 0

#Transform 46
Transform: AffineTransform_float_3_3
Parameters: 1 0.000161309 0.00063649 -0.000162074 1 0.00060124 -0.000636296 -0.000601446 0.999999 0.01173 0.0498789 0.134037
FixedParameters: 0 0 0

#Transform 47
Transform: AffineTransform_float_3_3
Parameters: 1 0.000311195 0.000553535 -0.000311114 0.999999 0.000711861 -0.000553573 -0.000712146 0.999999 0.0122051 0.0716671 0.138274
FixedParameters: 0 0 0

#Transform 48
Transform: AffineTransform_float_3_3
Parameters: 1 0.000150332 0.000680282 -0.000151155 1 0.000604692 -0.000680099 -0.000604897 0.999999 -0.0108586 0.0984793 0.144836
FixedParameters: 0 0 0

#Transform 49
Transform: AffineTransform_float_3_3
Parameters: 0.999999 0.000205795 0.000809376 -0.000205984 0.999999 0.000940034 -0.000808865 -0.000939903 1 0.00449499 0.041188 0.167408
FixedParameters: 0 0 0

#Transform 50
Transform: AffineTransform_float_3_3
Parameters: 0.999999 0.000492691 0.000607307 -0.000493067 0.999999 0.000937753 -0.000607058 -0.000937455 0.999999 0.0136462 0.0793483 0.168085
FixedParameters: 0 0 0

#Transform 51
Transform: AffineTransform_float_3_3
Parameters: 1 0.000279204 0.000591813 -0.000279036 1 0.000592314 -0.000591964 -0.000592585 0.999999 0.00729667 0.0764656 0.172127
FixedParameters: 0 0 0

#Transform 52
Transform: AffineTransform_float_3_3
Parameters: 0.999999 0.000384957 0.000696597 -0.000385481 0.999999 0.000923002 -0.000696562 -0.000922642 0.999999 0.0191824 0.0445606 0.13727
FixedParameters: 0 0 0

#Transform 53
Transform: AffineTransform_float_3_3
Parameters: 0.999999 0.000298952 0.000809499 -0.000299624 1 0.00041488 -0.000809251 -0.000415364 0.999999 0.0264471 0.0973533 0.116362
FixedParameters: 0 0 0

#Transform 54
Transform: AffineTransform_float_3_3
Parameters: 0.999999 0.000507493 0.000867648 -0.000507441 1 0.00040897 -0.000867909 -0.000408955 1 0.0330392 0.0574718 0.160331
FixedParameters: 0 0 0

#Transform 55
Transform: AffineTransform_float_3_3
Parameters: 0.999999 0.000400792 0.000710693 -0.000400904 1 0.000615317 -0.000710875 -0.000614991 1 0.0296169 0.0440307 0.14105
FixedParameters: 0 0 0

#Transform 56
Transform: AffineTransform_float_3_3
Parameters: 0.999999 0.000705009 0.00103048 -0.000705381 0.999999 0.00060241 -0.00103012 -0.000602956 0.999999 0.0542913 0.0887678 0.0904962
FixedParameters: 0 0 0

#Transform 57
Transform: AffineTransform_float_3_3
Parameters: 1 0.00042065 0.000523761 -0.000420851 1 0.000192267 -0.000523599 -0.000192708 1 0.051919 0.0841538 0.100705
FixedParameters: 0 0 0

#Transform 58
Transform: AffineTransform_float_3_3
Parameters: 0.999999 0.000639238 0.0011286 -0.000640159 1 0.000407845 -0.00112808 -0.000408441 0.999999 0.0407069 0.0546282 0.137253
FixedParameters: 0 0 0

#Transform 59
Transform: AffineTransform_float_3_3
Parameters: 0.999999 0.000701179 0.00113773 -0.000701703 1 0.00023015 -0.0011374 -0.000230898 0.999999 0.0442114 0.0916672 0.124668
FixedParameters: 0 0 0

#Transform 60
Transform: AffineTransform_float_3_3
Parameters: 0.999999 0.000706193 0.00105726 -0.00070662 0.999999 0.000612781 -0.00105688 -0.000613367 0.999999 0.0481775 0.0610432 0.104829
FixedParameters: 0 0 0

#Transform 61
Transform: AffineTransform_float_3_3
Parameters: 0.999999 0.000702326 0.00105936 -0.000702829 1 0.000236904 -0.00105902 -0.000237544 1 0.0480965 0.11137 0.0860255
FixedParameters: 0 0 0

#Transform 62
Transform: AffineTransform_float_3_3
Parameters: 1 0.000473331 0.00110968 -0.000473633 1 -0.000255942 -0.00110944 0.000255681 1 0.0437565 0.0563942 0.128352
FixedParameters: 0 0 0

#Transform 63
Transform: AffineTransform_float_3_3
Parameters: 1 0.000556747 0.00100168 -0.000557298 1 0.000275391 -0.00100137 -0.000275659 1 0.0521032 0.0864915 0.118778
FixedParameters: 0 0 0

#Transform 64
Transform: AffineTransform_float_3_3
Parameters: 0.999999 0.00064458 0.00122626 -0.000644725 1 -0.000295828 -0.00122616 0.000295036 0.999999 0.0404323 0.11542 0.139712
FixedParameters: 0 0 0

#Transform 65
Transform: AffineTransform_float_3_3
Parameters: 1 0.000693032 0.000845088 -0.00069397 0.999999 0.000555348 -0.000844318 -0.000555672 1 0.0468106 0.0509675 0.157581
FixedParameters: 0 0 0

#Transform 66
Transform: AffineTransform_float_3_3
Parameters: 1 0.000794619 0.000682425 -0.000795025 1 0.00022647 -0.000682011 -0.00022618 1 0.052328 0.11672 0.114124
FixedParameters: 0 0 0

#Transform 67
Transform: AffineTransform_float_3_3
Parameters: 1 0.000599491 0.000853349 -0.000599321 1 -0.00010002 -0.000853469 9.98445e-05 1 0.0491373 0.0795889 0.115535
FixedParameters: 0 0 0

#Transform 68
Transform: AffineTransform_float_3_3
Parameters: 0.999998 0.000869273 0.00138751 -0.000868416 0.999999 -0.000309407 -0.00138805 0.000307844 0.999999 0.0550116 0.0793056 0.0780767
FixedParameters: 0 0 0

#Transform 69
Transform: AffineTransform_float_3_3
Parameters: 0.999999 0.000798539 0.00134668 -0.000797551 0.999999 -0.00068998 -0.0013473 0.000688619 0.999999 0.0550686 0.118723 0.0850662
FixedParameters: 0 0 0

#Transform 70
Transform: AffineTransform_float_3_3
Parameters: 0.999999 0.000571329 0.0012703 -0.000570882 1 -0.000176443 -0.0012705 0.00017584 0.999999 0.0506823 0.0589151 0.143191
FixedParameters: 0 0 0

#Transform 71
Transform: AffineTransform_float_3_3
Parameters: 0.999998 0.000893432 0.0013364 -0.000893134 0.999999 -0.000112318 -0.0013366 0.000110778 0.999999 0.0598762 0.11914 0.128519
FixedParameters: 0 0 0

#Transform 72
Transform: AffineTransform_float_3_3
Parameters: 0.999998 0.00070921 0.00152084 -0.000709231 1 6.41036e-06 -0.00152083 -7.71958e-06 0.999998 0.0579939 0.0810612 0.149842
FixedParameters: 0 0 0

#Transform 73
Transform: AffineTransform_float_3_3
Parameters: 0.999998 0.00109691 0.00174036 -0.00109594 0.999999 -0.000394341 -0.00173989 0.000392256 0.999998 0.0547111 0.106257 0.178229
FixedParameters: 0 0 0

#Transform 74
Transform: AffineTransform_float_3_3
Parameters: 0.999998 0.000640387 0.00190437 -0.000640357 1 -0.000236446 -0.00190419 0.000235644 0.999998 0.0522735 0.130403 0.197934
FixedParameters: 0 0 0

#Transform 75
Transform: AffineTransform_float_3_3
Parameters: 0.999999 0.000602114 0.00176196 -0.00060242 1 8.67773e-05 -0.00176186 -8.72035e-05 0.999998 0.0255752 0.0941014 0.209211
FixedParameters: 0 0 0

#Transform 76
Transform: AffineTransform_float_3_3
Parameters: 0.999999 0.000561156 0.00164982 -0.00056189 1 0.000254442 -0.00164934 -0.000255436 0.999998 0.0127645 0.0957471 0.20827
FixedParameters: 0 0 0

#Transform 77
Transform: AffineTransform_float_3_3
Parameters: 0.999999 0.000789813 0.00160079 -0.000790056 1 7.55284e-05 -0.00160067 -7.63613e-05 0.999999 0.0443808 0.129056 0.119311
FixedParameters: 0 0 0

#Transform 78
Transform: AffineTransform_float_3_3
Parameters: 0.999998 0.000742108 0.00156769 -0.000741409 1 -0.000257523 -0.00156826 0.000256882 0.999999 0.0463651 0.0688939 0.138225
FixedParameters: 0 0 0

#Transform 79
Transform: AffineTransform_float_3_3
Parameters: 0.999998 0.000882393 0.00167413 -0.000881838 0.999999 -0.000425838 -0.00167439 0.000424522 0.999999 0.0566074 0.115303 0.105084
FixedParameters: 0 0 0

#Transform 80
Transform: AffineTransform_float_3_3
Parameters: 0.999999 0.000694425 0.00171336 -0.000692846 0.999999 -0.000940488 -0.00171375 0.000938314 0.999998 0.04965 0.114817 0.117572
FixedParameters: 0 0 0

#Transform 81
Transform: AffineTransform_float_3_3
Parameters: 0.999998 0.000866046 0.00168319 -0.000865589 1 -0.00039455 -0.00168339 0.000393272 0.999999 0.0619776 0.0863733 0.134294
FixedParameters: 0 0 0

#Transform 82
Transform: AffineTransform_float_3_3
Parameters: 0.999998 0.000717828 0.0017655 -0.000716095 0.999999 -0.000710132 -0.00176609 0.000708711 0.999998 0.0628507 0.135826 0.0817856
FixedParameters: 0 0 0

#Transform 83
Transform: AffineTransform_float_3_3
Parameters: 0.999999 0.000413076 0.00174517 -0.000410044 0.999999 -0.00133932 -0.00174537 0.00133808 0.999997 0.0644029 0.113999 0.0678806
FixedParameters: 0 0 0

#Transform 84
Transform: AffineTransform_float_3_3
Parameters: 0.999997 0.000506963 0.00216883 -0.000503635 0.999999 -0.00150419 -0.0021702 0.00150372 0.999997 0.0680899 0.11526 0.0101303
FixedParameters: 0 0 0

#Transform 85
Transform: AffineTransform_float_3_3
Parameters: 0.999997 0.000264128 0.00246567 -0.000260152 0.999998 -0.00188328 -0.00246645 0.00188298 0.999996 0.0808876 0.154667 0.0177404
FixedParameters: 0 0 0

#Transform 86
Transform: AffineTransform_float_3_3
Parameters: 0.999997 0.000227232 0.00238324 -0.000222459 0.999998 -0.0018119 -0.00238328 0.00181113 0.999996 0.075848 0.104868 0.0473257
FixedParameters: 0 0 0

#Transform 87
Transform: AffineTransform_float_3_3
Parameters: 0.999997 0.000457008 0.00236912 -0.000450636 0.999996 -0.00279854 -0.00236997 0.00279785 0.999993 0.0877358 0.152581 -0.000311248
FixedParameters: 0 0 0

#Transform 88
Transform: AffineTransform_float_3_3
Parameters: 0.999997 0.000410114 0.00240866 -0.000404756 0.999998 -0.00213704 -0.00240928 0.00213583 0.999995 0.0789677 0.128338 0.0348341
FixedParameters: 0 0 0

#Transform 89
Transform: AffineTransform_float_3_3
Parameters: 0.999997 0.000574772 0.00251021 -0.000570033 0.999998 -0.00192734 -0.0025113 0.00192607 0.999995 0.0976789 0.171532 -0.000379595
FixedParameters: 0 0 0

#Transform 90
Transform: AffineTransform_float_3_3
Parameters: 0.999996 0.00045866 0.00257528 -0.000451092 0.999996 -0.00261921 -0.00257651 0.00261787 0.999994 0.0931343 0.136812 0.00830594
FixedParameters: 0 0 0

#Transform 91
Transform: AffineTransform_float_3_3
Parameters: 0.999996 0.000499898 0.00255231 -0.000493002 0.999996 -0.00250915 -0.0025534 0.00250815 0.999993 0.0862539 0.155484 0.00751893
FixedParameters: 0 0 0

#Transform 92
Transform: AffineTransform_float_3_3
Parameters: 0.999996 0.000453979 0.00263103 -0.000445835 0.999995 -0.00331745 -0.0026326 0.00331632 0.999991 0.0929462 0.173446 0.0323455
FixedParameters: 0 0 0

#Transform 93
Transform: AffineTransform_float_3_3
Parameters: 0.999996 0.000837973 0.00242574 -0.000830801 0.999994 -0.00320122 -0.00242771 0.00319913 0.999992 0.0985607 0.098561 0.0347253
FixedParameters: 0 0 0

#Transform 94
Transform: AffineTransform_float_3_3
Parameters: 0.999996 0.000775164 0.00246644 -0.000767602 0.999994 -0.00324865 -0.00246828 0.00324764 0.999992 0.0806476 0.145582 0.0294339
FixedParameters: 0 0 0

#Transform 95
Transform: AffineTransform_float_3_3
Parameters: 0.999996 0.000832663 0.00254669 -0.00082252 0.999993 -0.00365467 -0.00254981 0.00365186 0.99999 0.0781988 0.14895 0.0306108
FixedParameters: 0 0 0

#Transform 96
Transform: AffineTransform_float_3_3
Parameters: 0.999996 0.000971393 0.00247259 -0.000963688 0.999995 -0.00307216 -0.00247564 0.00306939 0.999992 0.0829831 0.116329 0.0361785
FixedParameters: 0 0 0

#Transform 97
Transform: AffineTransform_float_3_3
Parameters: 0.999998 0.000804532 0.00217293 -0.000795945 0.999993 -0.00374658 -0.00217643 0.0037451 0.999991 0.0915017 0.166243 0.0247575
FixedParameters: 0 0 0

#Transform 98
Transform: AffineTransform_float_3_3
Parameters: 0.999996 0.00081706 0.00245461 -0.000807415 0.999993 -0.00369025 -0.00245768 0.00368768 0.99999 0.0407779 0.131355 0.120318
FixedParameters: 0 0 0

#Transform 99
Transform: AffineTransform_float_3_3
Parameters: 0.999994 0.00045647 0.00339021 -0.000440216 0.99999 -0.00454541 -0.00339234 0.00454433 0.999984 -0.0413411 0.169254 0.188276
FixedParameters: 0 0 0

#Transform 100
Transform: AffineTransform_float_3_3
Parameters: 0.999989 -0.000495158 0.00476271 0.000525674 0.999979 -0.00641484 -0.00475988 0.00641752 0.999968 -0.131707 0.201323 0.329082
FixedParameters: 0 0 0

#Transform 101
Transform: AffineTransform_float_3_3
Parameters: 0.999986 -0.000562916 0.00530745 0.00060041 0.999975 -0.00707141 -0.00530368 0.0070745 0.999961 -0.136098 0.207553 0.28849
FixedParameters: 0 0 0

#Transform 102
Transform: AffineTransform_float_3_3
Parameters: 0.999987 -0.000208653 0.0051896 0.000241355 0.999981 -0.00620869 -0.00518852 0.00621052 0.999967 -0.108928 0.200478 0.198168
FixedParameters: 0 0 0

#Transform 103
Transform: AffineTransform_float_3_3
Parameters: 0.999987 -0.000173991 0.00519713 0.000205415 0.999982 -0.00596307 -0.00519673 0.0059641 0.999968 -0.0925753 0.205216 0.117115
FixedParameters: 0 0 0

#Transform 104
Transform: AffineTransform_float_3_3
Parameters: 0.999986 4.69967e-05 0.00534446 -1.27993e-05 0.99998 -0.00636984 -0.0053445 0.00636924 0.999966 -0.0863319 0.232883 0.0970238
FixedParameters: 0 0 0

#Transform 105
Transform: AffineTransform_float_3_3
Parameters: 0.999986 0.000297355 0.00520314 -0.000265065 0.999981 -0.00620308 -0.00520495 0.00620203 0.999967 -0.0896082 0.195342 0.124217
FixedParameters: 0 0 0

#Transform 106
Transform: AffineTransform_float_3_3
Parameters: 0.999986 0.000313735 0.00528636 -0.000279614 0.999979 -0.00648884 -0.00528867 0.00648683 0.999965 -0.0930999 0.222395 0.0586098
FixedParameters: 0 0 0

#Transform 107
Transform: AffineTransform_float_3_3
Parameters: 0.999986 0.000264756 0.0052218 -0.00023142 0.99998 -0.0063748 -0.005223 0.00637401 0.999966 -0.0854345 0.210024 0.0820442
FixedParameters: 0 0 0

#Transform 108
Transform: AffineTransform_float_3_3
Parameters: 0.999987 0.000511163 0.00508184 -0.000483562 0.999985 -0.00549736 -0.00508435 0.00549512 0.999972 -0.0742792 0.188193 0.0514903
FixedParameters: 0 0 0

#Transform 109
Transform: AffineTransform_float_3_3
Parameters: 0.999985 0.000586864 0.00538569 -0.000553345 0.999981 -0.00622464 -0.00538929 0.00622119 0.999966 -0.0634245 0.234833 -0.0452997
FixedParameters: 0 0 0

#Transform 110
Transform: AffineTransform_float_3_3
Parameters: 0.999984 0.000871827 0.00547263 -0.000839466 0.999983 -0.00584322 -0.00547747 0.00583903 0.999968 -0.0498048 0.214456 -0.00775689
FixedParameters: 0 0 0

#Transform 111
Transform: AffineTransform_float_3_3
Parameters: 0.999986 0.00084707 0.00536239 -0.00081766 0.999984 -0.00554017 -0.00536769 0.00553564 0.99997 -0.0473649 0.195107 0.0216109
FixedParameters: 0 0 0

#Transform 112
Transform: AffineTransform_float_3_3
Parameters: 0.999984 0.000700595 0.00550857 -0.000670816 0.999985 -0.00541837 -0.00551213 0.00541468 0.99997 -0.054959 0.194476 -0.000695894
FixedParameters: 0 0 0

#Transform 113
Transform: AffineTransform_float_3_3
Parameters: 0.999984 0.000766147 0.00573953 -0.000733956 0.999984 -0.00568765 -0.00574379 0.00568432 0.999967 -0.0418434 0.214205 -0.0211996
FixedParameters: 0 0 0

#Transform 114
Transform: AffineTransform_float_3_3
Parameters: 0.999985 0.000657037 0.00542676 -0.00062648 0.999984 -0.00562453 -0.00543116 0.00562132 0.999969 -0.0371261 0.196884 -0.0277823
FixedParameters: 0 0 0

#Transform 115
Transform: AffineTransform_float_3_3
Parameters: 0.999984 0.000470154 0.00552588 -0.000439202 0.999985 -0.00554171 -0.00552796 0.00553909 0.999969 -0.0352441 0.18355 -0.0132032
FixedParameters: 0 0 0

#Transform 116
Transform: AffineTransform_float_3_3
Parameters: 0.999984 0.00067454 0.0056679 -0.000643408 0.999984 -0.00549501 -0.0056717 0.00549157 0.999969 -0.0322756 0.242848 0.029891
FixedParameters: 0 0 0

#Transform 117
Transform: AffineTransform_float_3_3
Parameters: 0.999984 0.000482975 0.00563767 -0.00044948 0.999982 -0.00594917 -0.00564005 0.00594687 0.999966 -0.0388085 0.210297 0.0232703
FixedParameters: 0 0 0

#Transform 118
Transform: AffineTransform_float_3_3
Parameters: 0.999985 0.000392522 0.00551321 -0.000359353 0.999981 -0.00611563 -0.00551589 0.00611432 0.999966 -0.0572501 0.189044 -0.00696934
FixedParameters: 0 0 0

#Transform 119
Transform: AffineTransform_float_3_3
Parameters: 0.999984 0.000849019 0.00547307 -0.000816758 0.999982 -0.00594775 -0.00547824 0.00594229 0.999967 -0.0369762 0.251251 -0.0487244
FixedParameters: 0 0 0
