#Insight Transform File V1.0
#Transform 0
Transform: AffineTransform_float_3_3
Parameters: 1 -0.000109557 3.30366e-05 0.000109535 1 0.000341195 -3.31114e-05 -0.000341188 1 -0.000897923 -0.00399845 -0.00163115
FixedParameters: 0 0 0

#Transform 1
Transform: AffineTransform_float_3_3
Parameters: 1 0.00047067 -0.000404454 -0.000470888 1 -0.000269758 0.0004042 0.000270139 1 0.00931992 -0.0286937 0.0614213
FixedParameters: 0 0 0

#Transform 2
Transform: AffineTransform_float_3_3
Parameters: 1 0.000540128 -0.000335106 -0.000539788 0.999999 0.000507156 0.000335653 -0.000506794 1 0.00174608 -0.00195687 0.00881019
FixedParameters: 0 0 0

#Transform 3
Transform: AffineTransform_float_3_3
Parameters: 0.999999 0.00052157 -0.000753557 -0.00052178 0.999999 0.000496195 0.000754363 -0.000495409 0.999999 0.0167562 0.0195117 -0.00535075
FixedParameters: 0 0 0

#Transform 4
Transform: AffineTransform_float_3_3
Parameters: 0.999999 0.000578833 -0.000530435 -0.000578072 0.999999 0.000715209 0.000531262 -0.000715428 0.999999 0.0122102 0.00562986 0.00313942
FixedParameters: 0 0 0

#Transform 5
Transform: AffineTransform_float_3_3
Parameters: 0.999999 0.00094512 -0.000814325 -0.000944261 0.999999 0.000525672 0.000815321 -0.000525519 0.999999 0.00249819 -0.0290115 0.0134628
FixedParameters: 0 0 0

#Transform 6
Transform: AffineTransform_float_3_3
Parameters: 0.999999 0.000770456 -0.000587675 -0.000770283 0.999999 0.00120794 0.000588864 -0.00120703 0.999999 -0.0158707 0.0017305 -0.0466842
FixedParameters: 0 0 0

#Transform 7
Transform: AffineTransform_float_3_3
Parameters: 0.999999 0.00104735 -0.000671364 -0.00104651 0.999999 0.000841428 0.00067217 -0.000840576 0.999999 -0.015152 -0.00468845 -0.0712538
FixedParameters: 0 0 0

#Transform 8
Transform: AffineTransform_float_3_3
Parameters: 1 0.000994368 -0.000655078 -0.00099318 0.999999 0.00112675 0.000656359 -0.00112544 0.999999 -0.0224001 -0.00430172 -0.0443226
FixedParameters: 0 0 0

#Transform 9
Transform: AffineTransform_float_3_3
Parameters: 0.999999 0.00110446 -0.000800726 -0.00110362 0.999999 0.00129846 0.000802924 -0.00129724 0.999999 -0.0115131 -0.042315 -0.0100466
FixedParameters: 0 0 0

#Transform 10
Transform: AffineTransform_float_3_3
Parameters: 0.999999 0.00114745 -0.000700626 -0.00114566 0.999998 0.00148236 0.000703067 -0.0014813 0.999998 -0.0207081 -0.0119187 -0.0430996
FixedParameters: 0 0 0

#Transform 11
Transform: AffineTransform_float_3_3
Parameters: 1 0.00104241 -0.000500452 -0.00104105 0.999998 0.00192434 0.000502543 -0.00192385 0.999998 -0.0108295 -0.0170767 -0.0645069
FixedParameters: 0 0 0

#Transform 12
Transform: AffineTransform_float_3_3
Parameters: 1 0.000996438 -0.000654607 -0.000994337 0.999998 0.00204447 0.000656759 -0.00204372 0.999997 -0.00400798 -0.00312676 -0.0729075
FixedParameters: 0 0 0

#Transform 13
Transform: AffineTransform_float_3_3
Parameters: 0.999998 0.00127436 -0.000952158 -0.00127259 0.999997 0.00188252 0.000954365 -0.00188149 0.999998 -0.0117686 -0.0359567 -0.0354526
FixedParameters: 0 0 0

#Transform 14
Transform: AffineTransform_float_3_3
Parameters: 0.999998 0.0013931 -0.000854611 -0.0013914 0.999997 0.00222736 0.000857265 -0.00222637 0.999998 -0.0273581 -0.0395233 -0.0457259
FixedParameters: 0 0 0

#Transform 15
Transform: AffineTransform_float_3_3
Parameters: 0.999999 0.0011684 -0.000705846 -0.00116703 0.999997 0.00226162 0.000708536 -0.00225997 0.999997 -0.0230359 0.00394597 -0.07387
FixedParameters: 0 0 0

#Transform 16
Transform: AffineTransform_float_3_3
Parameters: 0.999999 0.00130925 -0.000748009 -0.00130767 0.999997 0.00227034 0.000751359 -0.00226976 0.999998 -0.0133428 -0.0213228 -0.0673735
FixedParameters: 0 0 0

#Transform 17
Transform: AffineTransform_float_3_3
Parameters: 0.999999 0.00132877 -0.00122933 -0.00132548 0.999996 0.00258373 0.00123293 -0.00258185 0.999996 -0.00237181 -0.0496465 -0.0563149
FixedParameters: 0 0 0

#Transform 18
Transform: AffineTransform_float_3_3
Parameters: 0.999999 0.00133797 -0.00123116 -0.00133362 0.999994 0.00312772 0.00123529 -0.00312582 0.999994 0.00568128 -0.0063592 -0.0941834
FixedParameters: 0 0 0

#Transform 19
Transform: AffineTransform_float_3_3
Parameters: 0.999999 0.00129796 -0.00121964 -0.00129498 0.999994 0.00286781 0.0012241 -0.00286687 0.999995 0.0121488 -0.0250959 -0.0862379
FixedParameters: 0 0 0

#Transform 20
Transform: AffineTransform_float_3_3
Parameters: 0.999999 0.00132652 -0.00122771 -0.00132311 0.999994 0.00314472 0.00123211 -0.00314286 0.999994 -0.000144183 -0.0783499 -0.0553036
FixedParameters: 0 0 0

#Transform 21
Transform: AffineTransform_float_3_3
Parameters: 0.999998 0.00143246 -0.001259 -0.00142838 0.999994 0.00332971 0.00126459 -0.0033275 0.999994 -0.00183789 -0.0296489 -0.106681
FixedParameters: 0 0 0

#Transform 22
Transform: AffineTransform_float_3_3
Parameters: 0.999999 0.00152855 -0.0010696 -0.00152482 0.999993 0.00330449 0.00107547 -0.0033026 0.999994 -0.0114484 -0.0150554 -0.111093
FixedParameters: 0 0 0

#Transform 23
Transform: AffineTransform_float_3_3
Parameters: 0.999999 0.00150621 -0.00103905 -0.00150311 0.999994 0.00324119 0.00104363 -0.00324 0.999994 -0.0169182 0.00192065 -0.14173
FixedParameters: 0 0 0

#Transform 24
Transform: AffineTransform_float_3_3
Parameters: 0.999998 0.00157893 -0.00110581 -0.00157562 0.999994 0.00314422 0.00111055 -0.00314267 0.999994 -0.0199278 -0.0330398 -0.0950018
FixedParameters: 0 0 0

#Transform 25
Transform: AffineTransform_float_3_3
Parameters: 0.999997 0.00194781 -0.00139437 -0.00194326 0.999994 0.00314419 0.00139951 -0.00314125 0.999994 -0.0131701 -0.0159124 -0.111699
FixedParameters: 0 0 0

#Transform 26
Transform: AffineTransform_float_3_3
Parameters: 0.999998 0.00183776 -0.00136069 -0.00183336 0.999993 0.00351716 0.00136679 -0.00351466 0.999992 -0.0141267 -0.0389142 -0.0885076
FixedParameters: 0 0 0

#Transform 27
Transform: AffineTransform_float_3_3
Parameters: 0.999998 0.00180861 -0.00146332 -0.001804 0.999992 0.00366766 0.00147005 -0.00366515 0.999992 -0.0118348 0.0156149 -0.106709
FixedParameters: 0 0 0

#Transform 28
Transform: AffineTransform_float_3_3
Parameters: 0.999996 0.00183523 -0.00177946 -0.00182762 0.99999 0.00393917 0.00178641 -0.00393626 0.99999 0.00356233 -0.0195652 -0.0977109
FixedParameters: 0 0 0

#Transform 29
Transform: AffineTransform_float_3_3
Parameters: 0.999997 0.00187733 -0.00163766 -0.00187095 0.999991 0.0039049 0.00164481 -0.00390153 0.999991 -0.00606215 -0.0337274 -0.0739961
FixedParameters: 0 0 0

#Transform 30
Transform: AffineTransform_float_3_3
Parameters: 0.999997 0.00188288 -0.00162106 -0.00187592 0.99999 0.00412188 0.00162907 -0.00411855 0.99999 0.00458518 -0.0138936 -0.083382
FixedParameters: 0 0 0

#Transform 31
Transform: AffineTransform_float_3_3
Parameters: 0.999996 0.00183575 -0.00177925 -0.00182884 0.99999 0.00409509 0.0017861 -0.00409134 0.99999 0.00850854 -0.0118378 -0.109185
FixedParameters: 0 0 0

#Transform 32
Transform: AffineTransform_float_3_3
Parameters: 0.999997 0.00188412 -0.00161302 -0.00187857 0.999991 0.00370686 0.00161948 -0.00370357 0.999991 0.00333457 0.00297887 -0.136061
FixedParameters: 0 0 0

#Transform 33
Transform: AffineTransform_float_3_3
Parameters: 0.999996 0.00183491 -0.00177959 -0.00182763 0.999991 0.00384617 0.00178619 -0.00384326 0.999991 -0.00512512 -0.0154835 -0.162462
FixedParameters: 0 0 0

#Transform 34
Transform: AffineTransform_float_3_3
Parameters: 0.999997 0.00176256 -0.00155344 -0.00175659 0.999991 0.00389179 0.00156061 -0.00388909 0.999991 -0.00988954 -0.00928696 -0.167536
FixedParameters: 0 0 0

#Transform 35
Transform: AffineTransform_float_3_3
Parameters: 0.999997 0.00157716 -0.0014657 -0.00157157 0.999991 0.0039977 0.00147176 -0.00399586 0.999991 -0.00322731 0.0101804 -0.182984
FixedParameters: 0 0 0

#Transform 36
Transform: AffineTransform_float_3_3
Parameters: 0.999997 0.00146445 -0.00166788 -0.00145753 0.999988 0.00456919 0.00167431 -0.00456654 0.999988 0.00373035 -0.00869051 -0.148593
FixedParameters: 0 0 0

#Transform 37
Transform: AffineTransform_float_3_3
Parameters: 0.999998 0.0015151 -0.0013089 -0.00150992 0.99999 0.00431874 0.00131544 -0.00431617 0.99999 0.00240512 0.00922266 -0.167657
FixedParameters: 0 0 0

#Transform 38
Transform: AffineTransform_float_3_3
Parameters: 0.999998 0.00155528 -0.00135139 -0.00154985 0.99999 0.00416877 0.00135876 -0.00416596 0.99999 -0.00665038 0.0231209 -0.194153
FixedParameters: 0 0 0

#Transform 39
Transform: AffineTransform_float_3_3
Parameters: 0.999998 0.0015171 -0.00130219 -0.00151197 0.99999 0.00431873 0.00130874 -0.00431618 0.99999 -0.0154482 0.0120047 -0.215484
FixedParameters: 0 0 0

#Transform 40
Transform: AffineTransform_float_3_3
Parameters: 0.999998 0.00168738 -0.00122624 -0.00168183 0.999986 0.00499059 0.0012346 -0.00498785 0.999987 -0.0273286 -0.0367957 -0.237748
FixedParameters: 0 0 0

#Transform 41
Transform: AffineTransform_float_3_3
Parameters: 0.999998 0.00169464 -0.00102932 -0.0016885 0.999984 0.00544008 0.00103773 -0.00543853 0.999985 -0.0438648 0.0086555 -0.28933
FixedParameters: 0 0 0

#Transform 42
Transform: AffineTransform_float_3_3
Parameters: 0.999998 0.00157065 -0.00113044 -0.00156522 0.999984 0.00535953 0.00113878 -0.00535738 0.999985 -0.0323263 -0.0246811 -0.272619
FixedParameters: 0 0 0

#Transform 43
Transform: AffineTransform_float_3_3
Parameters: 0.999998 0.00157161 -0.00113006 -0.00156538 0.999983 0.00570953 0.0011395 -0.00570737 0.999983 -0.0187679 -0.00525879 -0.284492
FixedParameters: 0 0 0

#Transform 44
Transform: AffineTransform_float_3_3
Parameters: 0.999997 0.00169901 -0.00147464 -0.00169063 0.99998 0.00604897 0.00148437 -0.0060462 0.999981 -0.0113488 -0.00185611 -0.307009
FixedParameters: 0 0 0

#Transform 45
Transform: AffineTransform_float_3_3
Parameters: 0.999997 0.00153131 -0.00187776 -0.00151926 0.999978 0.00649249 0.00188766 -0.00648983 0.999977 0.0135154 -0.0182811 -0.360996
FixedParameters: 0 0 0

#Transform 46
Transform: AffineTransform_float_3_3
Parameters: 0.999998 0.00160385 -0.0015837 -0.00159313 0.999979 0.00627683 0.00159395 -0.00627454 0.999979 0.00195201 -0.0269832 -0.362087
FixedParameters: 0 0 0

#Transform 47
Transform: AffineTransform_float_3_3
Parameters: 0.999998 0.00165039 -0.0015971 -0.00164025 0.999978 0.00643484 0.00160779 -0.00643236 0.999978 -0.00864174 -0.027506 -0.359541
FixedParameters: 0 0 0

#Transform 48
Transform: AffineTransform_float_3_3
Parameters: 0.999997 0.00173036 -0.00162044 -0.00171984 0.999977 0.00654687 0.00163158 -0.00654406 0.999977 -0.015513 -0.0374277 -0.354967
FixedParameters: 0 0 0

#Transform 49
Transform: AffineTransform_float_3_3
Parameters: 0.999997 0.00179852 -0.00163982 -0.001787 0.999975 0.0068589 0.001652 -0.00685579 0.999975 -0.00749957 -0.0521437 -0.356386
FixedParameters: 0 0 0

#Transform 50
Transform: AffineTransform_float_3_3
Parameters: 0.999998 0.00167994 -0.00160465 -0.00166919 0.999974 0.00697713 0.00161685 -0.00697397 0.999974 -0.00112043 -0.0280703 -0.361619
FixedParameters: 0 0 0

#Transform 51
Transform: AffineTransform_float_3_3
Parameters: 0.999997 0.00152753 -0.00200797 -0.0015125 0.999971 0.00750262 0.00201855 -0.00749958 0.99997 0.0143292 -0.0392423 -0.329071
FixedParameters: 0 0 0

#Transform 52
Transform: AffineTransform_float_3_3
Parameters: 0.999998 0.00139609 -0.00151936 -0.00138459 0.999968 0.00793105 0.00153052 -0.00792905 0.999967 0.00518623 -0.00252116 -0.321276
FixedParameters: 0 0 0

#Transform 53
Transform: AffineTransform_float_3_3
Parameters: 0.999998 0.000933309 -0.00167876 -0.000918363 0.999963 0.00852343 0.00168708 -0.008522 0.999962 0.0196435 0.000912141 -0.310346
FixedParameters: 0 0 0

#Transform 54
Transform: AffineTransform_float_3_3
Parameters: 0.999998 0.000718607 -0.00179023 -0.000704254 0.999965 0.00828643 0.00179609 -0.00828557 0.999964 0.0240411 -0.00253631 -0.335778
FixedParameters: 0 0 0

#Transform 55
Transform: AffineTransform_float_3_3
Parameters: 0.999998 0.00122669 -0.00168979 -0.00121183 0.999964 0.00841119 0.00169968 -0.0084093 0.999963 -0.00414154 -0.0202784 -0.303657
FixedParameters: 0 0 0

#Transform 56
Transform: AffineTransform_float_3_3
Parameters: 0.999998 0.0017849 -0.00139138 -0.00177415 0.99997 0.00756358 0.00140463 -0.0075614 0.999971 -0.0042549 -0.0122766 -0.333018
FixedParameters: 0 0 0

#Transform 57
Transform: AffineTransform_float_3_3
Parameters: 0.999998 0.00166552 -0.00152357 -0.00165292 0.999968 0.00782676 0.00153615 -0.00782448 0.999968 0.0193939 -0.00742786 -0.330934
FixedParameters: 0 0 0

#Transform 58
Transform: AffineTransform_float_3_3
Parameters: 0.999998 0.00165811 -0.00155368 -0.0016447 0.999964 0.00833379 0.00156713 -0.00833144 0.999964 0.0122216 -0.0237764 -0.335608
FixedParameters: 0 0 0

#Transform 59
Transform: AffineTransform_float_3_3
Parameters: 0.999996 0.00234333 -0.00171724 -0.00232712 0.999958 0.0089266 0.00173814 -0.00892328 0.999958 0.0247 -0.0356506 -0.354242
FixedParameters: 0 0 0

#Transform 60
Transform: AffineTransform_float_3_3
Parameters: 0.999995 0.00240552 -0.00171835 -0.00238425 0.999925 0.0119469 0.00174694 -0.0119428 0.999927 0.026957 -0.0727999 -0.404711
FixedParameters: 0 0 0

#Transform 61
Transform: AffineTransform_float_3_3
Parameters: 0.999996 0.00244644 -0.0015739 -0.00242772 0.99993 0.0116343 0.0016014 -0.0116304 0.999931 0.0274757 -0.0892699 -0.515682
FixedParameters: 0 0 0

#Transform 62
Transform: AffineTransform_float_3_3
Parameters: 0.999997 0.00192038 -0.00196016 -0.00189698 0.999926 0.0119615 0.00198246 -0.0119585 0.999926 0.0326939 -0.0607049 -0.53791
FixedParameters: 0 0 0

#Transform 63
Transform: AffineTransform_float_3_3
Parameters: 0.999997 0.00194675 -0.00184724 -0.00192382 0.999923 0.012301 0.00187119 -0.012298 0.999922 0.0134749 -0.0700788 -0.537885
FixedParameters: 0 0 0

#Transform 64
Transform: AffineTransform_float_3_3
Parameters: 0.999996 0.00188294 -0.00184043 -0.00186014 0.999924 0.0122353 0.00186352 -0.012232 0.999924 0.013167 -0.0619265 -0.54777
FixedParameters: 0 0 0

#Transform 65
Transform: AffineTransform_float_3_3
Parameters: 0.999997 0.00179885 -0.00176876 -0.00177522 0.999908 0.0133941 0.00179225 -0.0133914 0.999908 0.0224846 -0.0581486 -0.568547
FixedParameters: 0 0 0

#Transform 66
Transform: AffineTransform_float_3_3
Parameters: 0.999997 0.00175595 -0.00130665 -0.00173872 0.999913 0.0130425 0.00132996 -0.0130407 0.999914 0.00752166 -0.064977 -0.589819
FixedParameters: 0 0 0

#Transform 67
Transform: AffineTransform_float_3_3
Parameters: 0.999997 0.00175738 -0.00134868 -0.00174031 0.999913 0.0130425 0.00137136 -0.0130406 0.999914 0.0128003 -0.0429477 -0.604178
FixedParameters: 0 0 0

#Transform 68
Transform: AffineTransform_float_3_3
Parameters: 0.999998 0.0016763 -0.00164145 -0.00165336 0.999899 0.0141329 0.00166506 -0.0141302 0.999898 0.024822 -0.107755 -0.57264
FixedParameters: 0 0 0

#Transform 69
Transform: AffineTransform_float_3_3
Parameters: 0.999997 0.00163732 -0.00177097 -0.00161329 0.999907 0.0135203 0.0017937 -0.0135168 0.999907 0.0318311 -0.0647058 -0.582483
FixedParameters: 0 0 0

#Transform 70
Transform: AffineTransform_float_3_3
Parameters: 0.999997 0.00171191 -0.00182879 -0.00168733 0.999913 0.0130632 0.00185074 -0.0130606 0.999913 0.0236608 -0.0551568 -0.607076
FixedParameters: 0 0 0

#Transform 71
Transform: AffineTransform_float_3_3
Parameters: 0.999997 0.00163576 -0.00177324 -0.00161304 0.999912 0.0132211 0.00179403 -0.0132181 0.999911 0.0223426 -0.0542541 -0.583352
FixedParameters: 0 0 0

#Transform 72
Transform: AffineTransform_float_3_3
Parameters: 0.999998 0.00153248 -0.00054713 -0.00152457 0.999905 0.0137346 0.000568049 -0.013734 0.999905 -0.01094 -0.00626793 -0.618546
FixedParameters: 0 0 0

#Transform 73
Transform: AffineTransform_float_3_3
Parameters: 0.999999 0.00117747 -0.000438439 -0.00117077 0.999898 0.0141775 0.000455426 -0.0141773 0.9999 -0.0097595 -0.0540714 -0.588227
FixedParameters: 0 0 0

#Transform 74
Transform: AffineTransform_float_3_3
Parameters: 0.999999 0.00119975 -0.000364888 -0.00119425 0.999889 0.0148591 0.000381924 -0.0148588 0.999889 -0.0163041 -0.0231356 -0.641974
FixedParameters: 0 0 0

#Transform 75
Transform: AffineTransform_float_3_3
Parameters: 0.999998 0.00158268 -0.000559018 -0.00157497 0.999892 0.0145959 0.00058237 -0.0145955 0.999894 -0.0031556 -0.04904 -0.626755
FixedParameters: 0 0 0

#Transform 76
Transform: AffineTransform_float_3_3
Parameters: 0.999998 0.00150459 -0.0008329 -0.00149253 0.999891 0.014718 0.000855429 -0.0147174 0.999891 0.0024678 -0.0234694 -0.606001
FixedParameters: 0 0 0

#Transform 77
Transform: AffineTransform_float_3_3
Parameters: 0.999999 0.00117936 -0.000784938 -0.00116774 0.999883 0.0152504 0.000803241 -0.0152491 0.999883 -0.00619466 -0.0660072 -0.623819
FixedParameters: 0 0 0

#Transform 78
Transform: AffineTransform_float_3_3
Parameters: 0.999999 0.00137007 -0.000807451 -0.00135672 0.999886 0.0150403 0.000828489 -0.0150395 0.999886 -0.00833033 -0.029412 -0.704935
FixedParameters: 0 0 0

#Transform 79
Transform: AffineTransform_float_3_3
Parameters: 0.999998 0.00147813 -0.00093035 -0.00146422 0.999881 0.0153424 0.000953498 -0.015341 0.999882 0.000654816 -0.0547356 -0.713723
FixedParameters: 0 0 0

#Transform 80
Transform: AffineTransform_float_3_3
Parameters: 0.999999 0.00147953 -0.000928945 -0.00146512 0.999874 0.0157874 0.000952462 -0.015786 0.999875 0.00463566 -0.0580094 -0.682253
FixedParameters: 0 0 0

#Transform 81
Transform: AffineTransform_float_3_3
Parameters: 0.999999 0.00141752 -0.00114634 -0.00140018 0.999875 0.0157456 0.00116889 -0.0157438 0.999875 0.00900929 -0.082123 -0.659286
FixedParameters: 0 0 0

#Transform 82
Transform: AffineTransform_float_3_3
Parameters: 0.999998 0.00113003 -0.00123518 -0.00111159 0.999888 0.0148988 0.00125187 -0.0148974 0.999888 0.0103208 -0.0502892 -0.668129
FixedParameters: 0 0 0

#Transform 83
Transform: AffineTransform_float_3_3
Parameters: 0.999999 0.00138134 -0.00127067 -0.00136182 0.99988 0.0154528 0.00129155 -0.0154507 0.99988 0.0116778 -0.0445795 -0.704256
FixedParameters: 0 0 0

#Transform 84
Transform: AffineTransform_float_3_3
Parameters: 0.999998 0.00136854 -0.0013176 -0.00134794 0.999876 0.0156699 0.00133894 -0.0156685 0.999876 0.0125489 -0.0559487 -0.687993
FixedParameters: 0 0 0

#Transform 85
Transform: AffineTransform_float_3_3
Parameters: 0.999998 0.00133501 -0.00143939 -0.00131256 0.99987 0.016088 0.00146064 -0.0160864 0.99987 0.0173265 -0.0548344 -0.709788
FixedParameters: 0 0 0

#Transform 86
Transform: AffineTransform_float_3_3
Parameters: 0.999998 0.00131462 -0.00150438 -0.00129181 0.99988 0.0154233 0.00152423 -0.0154211 0.99988 0.0273533 -0.0518084 -0.700678
FixedParameters: 0 0 0

#Transform 87
Transform: AffineTransform_float_3_3
Parameters: 0.999998 0.00134536 -0.0014002 -0.00132373 0.999874 0.0157989 0.00142171 -0.0157965 0.999874 0.0326563 -0.033988 -0.706967
FixedParameters: 0 0 0

#Transform 88
Transform: AffineTransform_float_3_3
Parameters: 0.999998 0.00127318 -0.00165676 -0.00124632 0.99987 0.0160882 0.00167778 -0.0160862 0.999869 0.0363828 -0.0277007 -0.7003
FixedParameters: 0 0 0

#Transform 89
Transform: AffineTransform_float_3_3
Parameters: 0.999999 0.0012357 -0.00137077 -0.001213 0.999872 0.015976 0.00139084 -0.0159748 0.999871 0.0238087 -0.0378325 -0.685901
FixedParameters: 0 0 0

#Transform 90
Transform: AffineTransform_float_3_3
Parameters: 0.999998 0.00140313 -0.00126981 -0.00138238 0.999862 0.0165338 0.00129267 -0.0165325 0.999863 0.0212811 -0.0965791 -0.664432
FixedParameters: 0 0 0

#Transform 91
Transform: AffineTransform_float_3_3
Parameters: 0.999998 0.00132266 -0.00143879 -0.00129841 0.999858 0.016815 0.00146053 -0.0168135 0.999858 0.014847 -0.0716534 -0.655698
FixedParameters: 0 0 0

#Transform 92
Transform: AffineTransform_float_3_3
Parameters: 0.999998 0.00150066 -0.000808971 -0.00148627 0.999863 0.016503 0.000833431 -0.0165025 0.999863 0.00204038 -0.0350036 -0.686234
FixedParameters: 0 0 0

#Transform 93
Transform: AffineTransform_float_3_3
Parameters: 0.999999 0.00139618 -0.00118084 -0.00137547 0.999855 0.0169537 0.00120404 -0.0169518 0.999855 0.00966913 -0.0331421 -0.648302
FixedParameters: 0 0 0

#Transform 94
Transform: AffineTransform_float_3_3
Parameters: 0.999998 0.0012645 -0.00164999 -0.00123536 0.999848 0.0173932 0.0016713 -0.0173913 0.999847 0.0359204 -0.0726212 -0.619767
FixedParameters: 0 0 0

#Transform 95
Transform: AffineTransform_float_3_3
Parameters: 0.999998 0.00142798 -0.00137457 -0.00140432 0.999852 0.0171209 0.00139946 -0.0171193 0.999853 0.0489924 -0.0521089 -0.64219
FixedParameters: 0 0 0

#Transform 96
Transform: AffineTransform_float_3_3
Parameters: 0.999998 0.00129486 -0.00154583 -0.00126648 0.999843 0.017694 0.00156838 -0.0176914 0.999842 0.0522643 -0.0474044 -0.657263
FixedParameters: 0 0 0

#Transform 97
Transform: AffineTransform_float_3_3
Parameters: 0.999997 0.00152632 -0.0015544 -0.00149779 0.999835 0.0180781 0.0015815 -0.0180756 0.999835 0.0402195 -0.0445281 -0.693169
FixedParameters: 0 0 0

#Transform 98
Transform: AffineTransform_float_3_3
Parameters: 0.999997 0.00154932 -0.00147939 -0.00152351 0.999851 0.0172407 0.00150618 -0.017239 0.99985 0.0379899 -0.0407042 -0.736102
FixedParameters: 0 0 0

#Transform 99
Transform: AffineTransform_float_3_3
Parameters: 0.999998 0.0016312 -0.00125089 -0.00160842 0.999839 0.0178627 0.00127946 -0.0178609 0.99984 0.0309353 -0.0365563 -0.731139
FixedParameters: 0 0 0

#Transform 100
Transform: AffineTransform_float_3_3
Parameters: 0.999998 0.00129102 -0.00118132 -0.00126935 0.999834 0.0181597 0.00120454 -0.0181581 0.999834 0.0290685 -0.0559819 -0.739299
FixedParameters: 0 0 0

#Transform 101
Transform: AffineTransform_float_3_3
Parameters: 0.999998 0.00159776 -0.00125199 -0.00157443 0.999831 0.0183224 0.00128203 -0.0183204 0.999831 0.0247532 -0.00776386 -0.788747
FixedParameters: 0 0 0

#Transform 102
Transform: AffineTransform_float_3_3
Parameters: 0.999999 0.00156546 -0.0010037 -0.00154633 0.999818 0.0190094 0.00103262 -0.0190077 0.999819 0.00546409 -0.0143175 -0.796703
FixedParameters: 0 0 0

#Transform 103
Transform: AffineTransform_float_3_3
Parameters: 0.999998 0.00156418 -0.00107563 -0.00154369 0.999824 0.0186765 0.0011047 -0.0186745 0.999825 0.00695271 -0.0484876 -0.769799
FixedParameters: 0 0 0

#Transform 104
Transform: AffineTransform_float_3_3
Parameters: 0.999998 0.00143925 -0.000928185 -0.00141969 0.999799 0.0199534 0.000956567 -0.0199521 0.9998 0.00341982 -0.072668 -0.763988
FixedParameters: 0 0 0

#Transform 105
Transform: AffineTransform_float_3_3
Parameters: 0.999999 0.00116088 -0.000797067 -0.00114573 0.999814 0.0192844 0.000819627 -0.0192832 0.999813 0.0171571 -0.0284624 -0.783957
FixedParameters: 0 0 0

#Transform 106
Transform: AffineTransform_float_3_3
Parameters: 0.999998 0.00140824 -0.00103457 -0.00138713 0.99981 0.0194513 0.00106185 -0.0194503 0.99981 0.0270811 -0.0363367 -0.805243
FixedParameters: 0 0 0

#Transform 107
Transform: AffineTransform_float_3_3
Parameters: 0.999999 0.00100037 -0.000892971 -0.000982232 0.999793 0.0203506 0.000913153 -0.0203494 0.999792 0.018314 -0.0526308 -0.779278
FixedParameters: 0 0 0

#Transform 108
Transform: AffineTransform_float_3_3
Parameters: 0.999999 0.00104284 -0.000692115 -0.0010292 0.999795 0.0202406 0.000712741 -0.0202405 0.999795 0.00615589 -0.0026115 -0.842734
FixedParameters: 0 0 0

#Transform 109
Transform: AffineTransform_float_3_3
Parameters: 0.999999 0.00061992 -0.000457253 -0.000610939 0.999791 0.0204559 0.000470096 -0.0204567 0.999791 0.00897573 -0.0509986 -0.816007
FixedParameters: 0 0 0

#Transform 110
Transform: AffineTransform_float_3_3
Parameters: 1 0.000699741 -0.000173115 -0.000695585 0.999787 0.0206547 0.000187564 -0.020655 0.999786 -0.0136101 -0.0082246 -0.838784
FixedParameters: 0 0 0

#Transform 111
Transform: AffineTransform_float_3_3
Parameters: 0.999999 0.000678535 -0.000453359 -0.000668657 0.999776 0.0211837 0.000467311 -0.0211837 0.999775 0.00700337 -0.0186748 -0.845878
FixedParameters: 0 0 0

#Transform 112
Transform: AffineTransform_float_3_3
Parameters: 0.999999 0.00058219 -0.000605394 -0.000568258 0.999755 0.0221602 0.000618344 -0.0221595 0.999754 0.0215226 -0.0809775 -0.84003
FixedParameters: 0 0 0

#Transform 113
Transform: AffineTransform_float_3_3
Parameters: 0.999999 0.000641312 -0.000386813 -0.000632914 0.999773 0.0213258 0.000400059 -0.0213259 0.999772 0.00497955 -0.0530081 -0.856165
FixedParameters: 0 0 0

#Transform 114
Transform: AffineTransform_float_3_3
Parameters: 1 0.000374456 -0.000410726 -0.000364754 0.999758 0.0220224 0.000419348 -0.0220221 0.999758 0.0118266 -0.0487957 -0.851411
FixedParameters: 0 0 0

#Transform 115
Transform: AffineTransform_float_3_3
Parameters: 1 0.000473164 -0.000508394 -0.00046157 0.999744 0.0226424 0.000518605 -0.0226427 0.999744 0.0048361 -0.0556741 -0.892451
FixedParameters: 0 0 0

#Transform 116
Transform: AffineTransform_float_3_3
Parameters: 1 0.000487627 -0.000380937 -0.000478773 0.999756 0.0220512 0.000392386 -0.0220509 0.999757 0.00148755 -0.00246072 -0.904916
FixedParameters: 0 0 0

#Transform 117
Transform: AffineTransform_float_3_3
Parameters: 1 0.000568597 -0.000360384 -0.000559957 0.999738 0.0228581 0.000373101 -0.0228577 0.999738 0.016424 -0.0258194 -0.90416
FixedParameters: 0 0 0

#Transform 118
Transform: AffineTransform_float_3_3
Parameters: 0.999999 0.000676245 -0.000727546 -0.000659694 0.99974 0.0227651 0.00074337 -0.022765 0.99974 0.0245528 0.00723945 -0.96078
FixedParameters: 0 0 0

#Transform 119
Transform: AffineTransform_float_3_3
Parameters: 1 0.000603589 -0.000877253 -0.000583363 0.999731 0.0231812 0.000891305 -0.0231811 0.999731 0.0271939 -0.0256574 -0.998565
FixedParameters: 0 0 0
