# transform file /out/sourcedata/freesurfer/sub-v1s19x0051296_ses-1/mri/transforms/cc_up.lta
# created by oesteban on Mon Mar  9 08:30:14 2026

type      = 0 # LINEAR_VOX_TO_VOX
nxforms   = 1
mean      = 130.0000 126.0000 130.0000
sigma     = 10000.0000
1 4 4
9.916721582412720e-01 -1.277614086866379e-01 -1.622829400002956e-02 1.717034149169922e+01 
1.277443170547485e-01 9.918049573898315e-01 -2.090481575578451e-03 1.934897541999817e+00 
1.636238582432270e-02 0.000000000000000e+00 9.998661875724792e-01 6.937909126281738e+00 
0.000000000000000e+00 0.000000000000000e+00 0.000000000000000e+00 1.000000000000000e+00 
src volume info
valid = 1  # volume info valid
filename = /out/sourcedata/freesurfer/sub-v1s19x0051296_ses-1/mri/norm.mgz
volume = 256 256 256
voxelsize = 1.000000000000000e+00 1.000000000000000e+00 1.000000000000000e+00
xras   = -1.000000000000000e+00 0.000000000000000e+00 0.000000000000000e+00
yras   = -1.490116119384766e-08 0.000000000000000e+00 -1.000000000000000e+00
zras   = 0.000000000000000e+00 1.000000000000000e+00 0.000000000000000e+00
cras   = 1.374328613281250e+00 -5.663909912109375e+00 -4.452288055419922e+01
dst volume info
valid = 1  # volume info valid
filename = /out/sourcedata/freesurfer/sub-v1s19x0051296_ses-1/mri/norm.mgz
volume = 256 256 256
voxelsize = 1.000000000000000e+00 1.000000000000000e+00 1.000000000000000e+00
xras   = -1.000000000000000e+00 0.000000000000000e+00 0.000000000000000e+00
yras   = -1.490116119384766e-08 0.000000000000000e+00 -1.000000000000000e+00
zras   = 0.000000000000000e+00 1.000000000000000e+00 0.000000000000000e+00
cras   = 1.374328613281250e+00 -5.663909912109375e+00 -4.452288055419922e+01
