# transform file /out/sourcedata/freesurfer/sub-v1s19x0051300_ses-1/mri/transforms/cc_up.lta
# created by oesteban on Thu Mar 12 14:06:16 2026

type      = 0 # LINEAR_VOX_TO_VOX
nxforms   = 1
mean      = 130.0000 124.0000 130.0000
sigma     = 10000.0000
1 4 4
9.976613521575928e-01 -5.634986981749535e-02 -3.868679329752922e-02 1.167315959930420e+01 
5.630755424499512e-02 9.984111189842224e-01 -2.183465054258704e-03 1.827064514160156e+01 
3.874836117029190e-02 0.000000000000000e+00 9.992490410804749e-01 -2.838163375854492e+00 
0.000000000000000e+00 0.000000000000000e+00 0.000000000000000e+00 1.000000000000000e+00 
src volume info
valid = 1  # volume info valid
filename = /out/sourcedata/freesurfer/sub-v1s19x0051300_ses-1/mri/norm.mgz
volume = 256 256 256
voxelsize = 1.000000000000000e+00 1.000000000000000e+00 1.000000000000000e+00
xras   = -1.000000000000000e+00 0.000000000000000e+00 0.000000000000000e+00
yras   = 0.000000000000000e+00 0.000000000000000e+00 -1.000000119209290e+00
zras   = 0.000000000000000e+00 1.000000000000000e+00 0.000000000000000e+00
cras   = -5.030517578125000e-01 1.600044250488281e+00 -1.057431030273438e+01
dst volume info
valid = 1  # volume info valid
filename = /out/sourcedata/freesurfer/sub-v1s19x0051300_ses-1/mri/norm.mgz
volume = 256 256 256
voxelsize = 1.000000000000000e+00 1.000000000000000e+00 1.000000000000000e+00
xras   = -1.000000000000000e+00 0.000000000000000e+00 0.000000000000000e+00
yras   = 0.000000000000000e+00 0.000000000000000e+00 -1.000000119209290e+00
zras   = 0.000000000000000e+00 1.000000000000000e+00 0.000000000000000e+00
cras   = -5.030517578125000e-01 1.600044250488281e+00 -1.057431030273438e+01
