# transform file /out/sourcedata/freesurfer/sub-v1s19x0051315_ses-1/mri/transforms/cc_up.lta
# created by oesteban on Thu Mar 12 15:31:33 2026

type      = 0 # LINEAR_VOX_TO_VOX
nxforms   = 1
mean      = 129.0000 125.0000 124.0000
sigma     = 10000.0000
1 4 4
9.944869875907898e-01 -7.888819277286530e-02 -6.908332556486130e-02 1.797704505920410e+01 
7.869853824377060e-02 9.968835711479187e-01 -5.466896109282970e-03 8.949463844299316e+00 
6.929930299520493e-02 0.000000000000000e+00 9.975959658622742e-01 9.463439941406250e+00 
0.000000000000000e+00 0.000000000000000e+00 0.000000000000000e+00 1.000000000000000e+00 
src volume info
valid = 1  # volume info valid
filename = /out/sourcedata/freesurfer/sub-v1s19x0051315_ses-1/mri/norm.mgz
volume = 256 256 256
voxelsize = 1.000000000000000e+00 1.000000000000000e+00 1.000000000000000e+00
xras   = -9.999998807907104e-01 0.000000000000000e+00 0.000000000000000e+00
yras   = 0.000000000000000e+00 0.000000000000000e+00 -9.999998807907104e-01
zras   = 0.000000000000000e+00 1.000000000000000e+00 0.000000000000000e+00
cras   = -6.629524230957031e+00 7.653274536132812e+00 1.066366577148438e+01
dst volume info
valid = 1  # volume info valid
filename = /out/sourcedata/freesurfer/sub-v1s19x0051315_ses-1/mri/norm.mgz
volume = 256 256 256
voxelsize = 1.000000000000000e+00 1.000000000000000e+00 1.000000000000000e+00
xras   = -9.999998807907104e-01 0.000000000000000e+00 0.000000000000000e+00
yras   = 0.000000000000000e+00 0.000000000000000e+00 -9.999998807907104e-01
zras   = 0.000000000000000e+00 1.000000000000000e+00 0.000000000000000e+00
cras   = -6.629524230957031e+00 7.653274536132812e+00 1.066366577148438e+01
