# transform file /out/sourcedata/freesurfer/sub-v1s19x0051313_ses-1/mri/transforms/cc_up.lta
# created by oesteban on Thu Mar 12 15:26:22 2026

type      = 0 # LINEAR_VOX_TO_VOX
nxforms   = 1
mean      = 129.0000 128.0000 118.0000
sigma     = 10000.0000
1 4 4
9.937040209770203e-01 -1.240827608853579e-02 -1.113478168845177e-01 1.362720394134521e+01 
1.233110297471285e-02 9.999230504035950e-01 -1.381740788929164e-03 1.757233047485352e+01 
1.113563850522041e-01 0.000000000000000e+00 9.937804937362671e-01 1.138698863983154e+01 
0.000000000000000e+00 0.000000000000000e+00 0.000000000000000e+00 1.000000000000000e+00 
src volume info
valid = 1  # volume info valid
filename = /out/sourcedata/freesurfer/sub-v1s19x0051313_ses-1/mri/norm.mgz
volume = 256 256 256
voxelsize = 1.000000000000000e+00 1.000000000000000e+00 1.000000000000000e+00
xras   = -1.000000119209290e+00 0.000000000000000e+00 1.862645149230957e-09
yras   = 0.000000000000000e+00 0.000000000000000e+00 -1.000000000000000e+00
zras   = 0.000000000000000e+00 1.000000000000000e+00 0.000000000000000e+00
cras   = 3.038528442382812e+00 1.552254486083984e+01 1.309593963623047e+01
dst volume info
valid = 1  # volume info valid
filename = /out/sourcedata/freesurfer/sub-v1s19x0051313_ses-1/mri/norm.mgz
volume = 256 256 256
voxelsize = 1.000000000000000e+00 1.000000000000000e+00 1.000000000000000e+00
xras   = -1.000000119209290e+00 0.000000000000000e+00 1.862645149230957e-09
yras   = 0.000000000000000e+00 0.000000000000000e+00 -1.000000000000000e+00
zras   = 0.000000000000000e+00 1.000000000000000e+00 0.000000000000000e+00
cras   = 3.038528442382812e+00 1.552254486083984e+01 1.309593963623047e+01
