#Insight Transform File V1.0
#Transform 0
Transform: AffineTransform_float_3_3
Parameters: 0.999991 -0.00338666 0.00255658 0.0033986 0.999983 -0.00465953 -0.00254115 0.00466826 0.999986 -0.0932481 -0.148537 0.557102
FixedParameters: 0 0 0

#Transform 1
Transform: AffineTransform_float_3_3
Parameters: 0.999991 -0.003075 0.00293947 0.00309183 0.999978 -0.00580314 -0.00292121 0.00581203 0.999979 -0.117632 -0.154806 0.651642
FixedParameters: 0 0 0

#Transform 2
Transform: AffineTransform_float_3_3
Parameters: 0.999992 -0.00275567 0.00310659 0.00277351 0.999979 -0.00578639 -0.00309088 0.00579568 0.999978 -0.0872008 -0.121827 0.41077
FixedParameters: 0 0 0

#Transform 3
Transform: AffineTransform_float_3_3
Parameters: 0.999995 -0.00155509 0.00272819 0.00155812 0.999998 -0.00129266 -0.0027266 0.00129684 0.999996 -0.116964 0.173418 0.232057
FixedParameters: 0 0 0

#Transform 4
Transform: AffineTransform_float_3_3
Parameters: 0.999997 0.00238473 0.0004227 -0.00239268 0.999811 0.0192803 -0.000376467 -0.0192804 0.999814 -0.155135 -0.11694 0.398858
FixedParameters: 0 0 0

#Transform 5
Transform: AffineTransform_float_3_3
Parameters: 1 0.000669296 0.000494604 -0.000674236 0.999954 0.00956368 -0.0004875 -0.00956385 0.999955 -0.090913 -0.305835 0.271377
FixedParameters: 0 0 0

#Transform 6
Transform: AffineTransform_float_3_3
Parameters: 1 0.000230141 0.000736881 -0.000235569 0.99997 0.00766012 -0.000735648 -0.00766077 0.99997 -0.0929547 -0.224733 0.27124
FixedParameters: 0 0 0

#Transform 7
Transform: AffineTransform_float_3_3
Parameters: 0.999999 1.65857e-05 0.00134378 -2.24548e-05 0.999993 0.00386993 -0.00134313 -0.00386958 0.999992 -0.0733275 -0.134793 0.290122
FixedParameters: 0 0 0

#Transform 8
Transform: AffineTransform_float_3_3
Parameters: 0.999999 -7.42641e-05 0.00173579 6.7073e-05 0.99999 0.00442188 -0.0017357 -0.00442202 0.999989 -0.0780908 -0.146651 0.223926
FixedParameters: 0 0 0

#Transform 9
Transform: AffineTransform_float_3_3
Parameters: 0.999999 -0.00022807 0.00148203 0.000222984 0.999992 0.00413372 -0.00148239 -0.00413342 0.99999 -0.0752874 -0.138625 0.218916
FixedParameters: 0 0 0

#Transform 10
Transform: AffineTransform_float_3_3
Parameters: 0.999998 -8.32005e-05 0.00173999 7.69184e-05 0.999994 0.0034718 -0.00174003 -0.00347107 0.999993 -0.0681469 -0.0886022 0.191069
FixedParameters: 0 0 0

#Transform 11
Transform: AffineTransform_float_3_3
Parameters: 0.999998 -0.000244238 0.00188538 0.000238444 0.999994 0.00348872 -0.00188567 -0.0034878 0.999993 -0.0696924 -0.104335 0.18254
FixedParameters: 0 0 0

#Transform 12
Transform: AffineTransform_float_3_3
Parameters: 0.999998 0.000156944 0.00211995 -0.000164938 0.999993 0.00373799 -0.00211893 -0.00373865 0.999991 -0.0719084 -0.116907 0.18594
FixedParameters: 0 0 0

#Transform 13
Transform: AffineTransform_float_3_3
Parameters: 0.999999 0.000231676 0.00159814 -0.000238277 0.999992 0.00399032 -0.00159772 -0.00399064 0.999991 -0.0655191 -0.130704 0.16842
FixedParameters: 0 0 0

#Transform 14
Transform: AffineTransform_float_3_3
Parameters: 0.999998 0.000191697 0.00175592 -0.000198353 0.999994 0.00337984 -0.00175579 -0.00338034 0.999993 -0.0711723 -0.061286 0.173733
FixedParameters: 0 0 0

#Transform 15
Transform: AffineTransform_float_3_3
Parameters: 0.999998 0.000355633 0.00189545 -0.000361819 0.999994 0.00353568 -0.00189428 -0.00353579 0.999992 -0.0577108 -0.110463 0.178494
FixedParameters: 0 0 0

#Transform 16
Transform: AffineTransform_float_3_3
Parameters: 0.999998 0.000220711 0.00181824 -0.000226487 0.999995 0.00306045 -0.00181765 -0.00306105 0.999994 -0.056154 -0.0899582 0.176301
FixedParameters: 0 0 0

#Transform 17
Transform: AffineTransform_float_3_3
Parameters: 0.999998 0.000246244 0.00180999 -0.000251192 0.999997 0.00274573 -0.00180978 -0.00274575 0.999994 -0.0598752 -0.0823172 0.196674
FixedParameters: 0 0 0

#Transform 18
Transform: AffineTransform_float_3_3
Parameters: 0.999999 0.000155324 0.00128576 -0.000158066 0.999997 0.0023435 -0.00128514 -0.00234395 0.999996 -0.0417133 -0.0698752 0.171382
FixedParameters: 0 0 0

#Transform 19
Transform: AffineTransform_float_3_3
Parameters: 0.999999 0.000591773 0.00168471 -0.000595877 0.999997 0.00238035 -0.00168318 -0.00238174 0.999996 -0.0548476 -0.0752811 0.0772337
FixedParameters: 0 0 0

#Transform 20
Transform: AffineTransform_float_3_3
Parameters: 1 1.10323e-05 1.84227e-05 -1.10433e-05 1 0.000297291 -1.84161e-05 -0.000297291 1 -0.0111281 -0.00994984 -0.0100592
FixedParameters: 0 0 0

#Transform 21
Transform: AffineTransform_float_3_3
Parameters: 1 6.38547e-05 3.6283e-05 -6.38436e-05 1 -0.000152436 -3.63025e-05 0.000152432 1 -0.0223037 0.0146673 0.0292994
FixedParameters: 0 0 0

#Transform 22
Transform: AffineTransform_float_3_3
Parameters: 1 1.64648e-05 0.000295583 -1.63918e-05 1 -0.000123412 -0.000295587 0.000123402 1 -0.0298509 -0.0153018 0.0126878
FixedParameters: 0 0 0

#Transform 23
Transform: AffineTransform_float_3_3
Parameters: 1 0.000214174 0.000595751 -0.000214504 1 0.000276429 -0.000595632 -0.000276685 1 -0.0358644 -0.0369629 0.0120082
FixedParameters: 0 0 0

#Transform 24
Transform: AffineTransform_float_3_3
Parameters: 1 -0.000226038 0.000578186 0.000225876 1 0.000140729 -0.00057825 -0.000140468 1 -0.0449363 -0.0411882 0.051008
FixedParameters: 0 0 0

#Transform 25
Transform: AffineTransform_float_3_3
Parameters: 1 -0.000225297 0.000637322 0.000225716 1 -0.000328641 -0.000637174 0.000328928 0.999999 -0.0433594 0.000862034 0.0742249
FixedParameters: 0 0 0

#Transform 26
Transform: AffineTransform_float_3_3
Parameters: 1 -0.000348747 0.000135221 0.000348822 1 -0.000275512 -0.000135029 0.000275606 1 -0.0286338 -0.0296784 0.164674
FixedParameters: 0 0 0

#Transform 27
Transform: AffineTransform_float_3_3
Parameters: 1 -5.65766e-05 3.52039e-05 5.65805e-05 1 -5.60942e-05 -3.51975e-05 5.60981e-05 1 -0.0311112 -0.0319925 0.137726
FixedParameters: 0 0 0

#Transform 28
Transform: AffineTransform_float_3_3
Parameters: 1 -6.88128e-05 0.000497187 6.86573e-05 0.999999 -0.000772292 -0.000496765 0.000772186 0.999999 -0.030636 -0.0127551 0.0839649
FixedParameters: 0 0 0

#Transform 29
Transform: AffineTransform_float_3_3
Parameters: 1 -0.000119706 0.000589576 0.000119964 1 -0.00111956 -0.000589398 0.0011195 0.999999 -0.0373393 0.0235135 0.0392957
FixedParameters: 0 0 0

#Transform 30
Transform: AffineTransform_float_3_3
Parameters: 1 2.60036e-05 0.000539684 -2.55345e-05 1 -0.000434613 -0.000539706 0.000434585 1 -0.0344706 -0.0203028 0.0458803
FixedParameters: 0 0 0

#Transform 31
Transform: AffineTransform_float_3_3
Parameters: 1 -0.000166852 0.00060592 0.000167079 0.999999 -0.000949393 -0.000605287 0.000949421 0.999999 -0.0382267 -0.0121208 0.0529785
FixedParameters: 0 0 0

#Transform 32
Transform: AffineTransform_float_3_3
Parameters: 0.999999 0.00119274 0.000139514 -0.00119312 0.999998 -0.00113051 -0.000140564 0.00113032 0.999999 -0.0639031 0.0577055 0.0513565
FixedParameters: 0 0 0

#Transform 33
Transform: AffineTransform_float_3_3
Parameters: 0.999997 0.001455 -0.00183147 -0.0014561 0.999998 -0.000799892 0.00182942 0.000802527 0.999998 -0.0355451 0.0567709 0.0187653
FixedParameters: 0 0 0

#Transform 34
Transform: AffineTransform_float_3_3
Parameters: 1 0.000859813 -0.000621995 -0.000860161 0.999999 -0.00125724 0.00062037 0.00125861 0.999999 -0.0344897 -0.0134753 0.107578
FixedParameters: 0 0 0

#Transform 35
Transform: AffineTransform_float_3_3
Parameters: 1 0.000964816 -0.000150302 -0.000964966 0.999999 -0.00124613 0.000149229 0.00124673 0.999998 -0.0598668 0.0160251 0.0687329
FixedParameters: 0 0 0

#Transform 36
Transform: AffineTransform_float_3_3
Parameters: 0.999999 0.00050563 -0.000500156 -0.000505712 1 -0.00100533 0.000498824 0.0010054 0.999999 -0.0321958 0.0214872 0.0543017
FixedParameters: 0 0 0

#Transform 37
Transform: AffineTransform_float_3_3
Parameters: 1 0.000268842 -0.000419364 -0.000269875 0.999999 -0.00141433 0.000419051 0.00141466 0.999999 -0.0342001 0.0329634 0.0380969
FixedParameters: 0 0 0

#Transform 38
Transform: AffineTransform_float_3_3
Parameters: 0.999931 0.00748129 -0.00901673 -0.0071381 0.999274 0.0374415 0.00929049 -0.0373744 0.999259 -0.281957 -0.494838 2.3695
FixedParameters: 0 0 0

#Transform 39
Transform: AffineTransform_float_3_3
Parameters: 0.999918 0.00657899 -0.010931 -0.00617616 0.999316 0.0364646 0.0111637 -0.0363947 0.999275 -0.42022 -0.74181 3.90482
FixedParameters: 0 0 0

#Transform 40
Transform: AffineTransform_float_3_3
Parameters: 0.999905 0.00663189 -0.012091 -0.00605294 0.998859 0.0473611 0.0123915 -0.0472842 0.998805 -0.567442 -1.05851 4.47136
FixedParameters: 0 0 0

#Transform 41
Transform: AffineTransform_float_3_3
Parameters: 0.999856 0.00551496 -0.0160424 -0.00492716 0.999322 0.0364908 0.0162326 -0.0364064 0.999206 -0.444536 -0.815508 3.80632
FixedParameters: 0 0 0

#Transform 42
Transform: AffineTransform_float_3_3
Parameters: 0.999914 0.0067713 -0.0112296 -0.0063607 0.999324 0.0362053 0.0114676 -0.0361309 0.999282 -0.343313 -0.566882 2.77528
FixedParameters: 0 0 0

#Transform 43
Transform: AffineTransform_float_3_3
Parameters: 0.999925 0.00655601 -0.0103477 -0.00620677 0.999422 0.0334059 0.0105607 -0.0333395 0.999388 -0.213109 -0.578343 2.24396
FixedParameters: 0 0 0

#Transform 44
Transform: AffineTransform_float_3_3
Parameters: 0.999935 0.0057221 -0.00987426 -0.00541884 0.999522 0.0304374 0.010043 -0.030383 0.999488 -0.171718 -0.517714 2.02161
FixedParameters: 0 0 0

#Transform 45
Transform: AffineTransform_float_3_3
Parameters: 0.999939 0.00526455 -0.00974027 -0.00497239 0.999544 0.0297818 0.00989222 -0.029732 0.999509 -0.19291 -0.525326 1.9935
FixedParameters: 0 0 0

#Transform 46
Transform: AffineTransform_float_3_3
Parameters: 0.999944 0.00476391 -0.00945837 -0.00448654 0.999567 0.0290966 0.00959263 -0.0290525 0.999531 -0.200681 -0.534745 2.05808
FixedParameters: 0 0 0

#Transform 47
Transform: AffineTransform_float_3_3
Parameters: 0.999949 0.00412625 -0.00918376 -0.00386794 0.9996 0.0280109 0.00929606 -0.0279742 0.999565 -0.205295 -0.492785 2.02264
FixedParameters: 0 0 0

#Transform 48
Transform: AffineTransform_float_3_3
Parameters: 0.999953 0.00421074 -0.00871815 -0.00396626 0.999606 0.0278086 0.00883176 -0.0277728 0.999575 -0.207492 -0.494979 1.93763
FixedParameters: 0 0 0

#Transform 49
Transform: AffineTransform_float_3_3
Parameters: 0.999956 0.00373572 -0.00857035 -0.00350447 0.999635 0.0268146 0.00866767 -0.0267834 0.999604 -0.215418 -0.465142 1.94946
FixedParameters: 0 0 0

#Transform 50
Transform: AffineTransform_float_3_3
Parameters: 0.999956 0.00378404 -0.00858525 -0.00354569 0.999612 0.0276317 0.00868656 -0.0276002 0.999581 -0.219293 -0.477373 1.9641
FixedParameters: 0 0 0

#Transform 51
Transform: AffineTransform_float_3_3
Parameters: 0.999949 0.00389187 -0.00937652 -0.00359764 0.999508 0.0311416 0.00949293 -0.0311061 0.999471 -0.221966 -0.531735 1.96467
FixedParameters: 0 0 0

#Transform 52
Transform: AffineTransform_float_3_3
Parameters: 0.999938 0.0052009 -0.00981338 -0.0048398 0.999323 0.0364543 0.00999614 -0.0364053 0.999287 -0.210469 -0.608056 1.92762
FixedParameters: 0 0 0

#Transform 53
Transform: AffineTransform_float_3_3
Parameters: 0.999954 0.00492334 -0.00831578 -0.00463373 0.99939 0.034601 0.00848124 -0.0345602 0.999367 -0.217669 -0.562118 1.83888
FixedParameters: 0 0 0

#Transform 54
Transform: AffineTransform_float_3_3
Parameters: 0.99996 0.00451678 -0.00782347 -0.00425743 0.999448 0.0329311 0.00796813 -0.0328969 0.999427 -0.239267 -0.581856 1.85726
FixedParameters: 0 0 0

#Transform 55
Transform: AffineTransform_float_3_3
Parameters: 0.99996 0.00485256 -0.00749267 -0.00461574 0.9995 0.0312702 0.00764111 -0.0312339 0.999483 -0.229181 -0.529398 1.82689
FixedParameters: 0 0 0

#Transform 56
Transform: AffineTransform_float_3_3
Parameters: 0.999955 0.00460583 -0.00832189 -0.00434443 0.999506 0.0311463 0.00846098 -0.0311091 0.99948 -0.195766 -0.470164 1.78453
FixedParameters: 0 0 0

#Transform 57
Transform: AffineTransform_float_3_3
Parameters: 0.999994 0.00317361 -0.00109643 -0.00313622 0.999465 0.0325543 0.0011987 -0.0325512 0.999469 -0.295529 -0.572713 1.41124
FixedParameters: 0 0 0

#Transform 58
Transform: AffineTransform_float_3_3
Parameters: 0.999973 0.00229196 -0.00703343 -0.00203894 0.999357 0.0357948 0.00711082 -0.0357796 0.999334 -0.25481 -0.743716 2.00823
FixedParameters: 0 0 0

#Transform 59
Transform: AffineTransform_float_3_3
Parameters: 0.99997 0.00338515 -0.00691781 -0.0031591 0.999471 0.0323672 0.00702367 -0.0323451 0.999452 -0.25961 -0.540897 1.99525
FixedParameters: 0 0 0

#Transform 60
Transform: AffineTransform_float_3_3
Parameters: 0.999978 0.00333742 -0.00573654 -0.00315952 0.999522 0.0307511 0.00583731 -0.0307326 0.999511 -0.25634 -0.589668 1.95251
FixedParameters: 0 0 0

#Transform 61
Transform: AffineTransform_float_3_3
Parameters: 0.999978 0.00336738 -0.00583383 -0.00319173 0.99955 0.029841 0.00593141 -0.0298226 0.999537 -0.238121 -0.49045 1.85639
FixedParameters: 0 0 0

#Transform 62
Transform: AffineTransform_float_3_3
Parameters: 0.999976 0.00334165 -0.00603824 -0.00316198 0.999558 0.0295742 0.00613394 -0.0295539 0.999544 -0.226226 -0.554161 1.84983
FixedParameters: 0 0 0

#Transform 63
Transform: AffineTransform_float_3_3
Parameters: 0.999979 0.00316804 -0.00570438 -0.00299317 0.999535 0.0303541 0.00579796 -0.0303361 0.999523 -0.250064 -0.551524 1.8342
FixedParameters: 0 0 0

#Transform 64
Transform: AffineTransform_float_3_3
Parameters: 0.999979 0.00296123 -0.00570804 -0.00279091 0.999557 0.0296414 0.00579287 -0.0296252 0.999545 -0.24098 -0.515054 1.85789
FixedParameters: 0 0 0

#Transform 65
Transform: AffineTransform_float_3_3
Parameters: 0.99998 0.00313839 -0.00548566 -0.00297288 0.999552 0.0297716 0.00557685 -0.0297548 0.999542 -0.24132 -0.520879 1.83862
FixedParameters: 0 0 0

#Transform 66
Transform: AffineTransform_float_3_3
Parameters: 0.999982 0.00291367 -0.00524929 -0.00276261 0.999584 0.0286883 0.00533054 -0.0286739 0.999574 -0.259375 -0.505957 1.85119
FixedParameters: 0 0 0

#Transform 67
Transform: AffineTransform_float_3_3
Parameters: 0.999983 0.00277193 -0.00520434 -0.0026236 0.999594 0.0283583 0.00528053 -0.028344 0.999584 -0.27327 -0.48408 1.84127
FixedParameters: 0 0 0

#Transform 68
Transform: AffineTransform_float_3_3
Parameters: 0.999984 0.00273161 -0.00497419 -0.00259139 0.999607 0.0279328 0.00504833 -0.0279197 0.999598 -0.269367 -0.482565 1.84725
FixedParameters: 0 0 0

#Transform 69
Transform: AffineTransform_float_3_3
Parameters: 0.999985 0.0027664 -0.00477859 -0.0026342 0.99962 0.0274304 0.00485302 -0.0274182 0.999612 -0.275526 -0.465908 1.86282
FixedParameters: 0 0 0

#Transform 70
Transform: AffineTransform_float_3_3
Parameters: 0.999985 0.00270562 -0.00476016 -0.00257345 0.999615 0.0276139 0.00483307 -0.0276016 0.999608 -0.274779 -0.482574 1.82673
FixedParameters: 0 0 0

#Transform 71
Transform: AffineTransform_float_3_3
Parameters: 0.999984 0.00281571 -0.00479301 -0.00268631 0.999636 0.0268502 0.00486695 -0.0268368 0.999628 -0.27709 -0.46746 1.82657
FixedParameters: 0 0 0

#Transform 72
Transform: AffineTransform_float_3_3
Parameters: 0.999984 0.00283532 -0.00478944 -0.00270397 0.999624 0.0272626 0.00486422 -0.0272493 0.999617 -0.268524 -0.501027 1.82897
FixedParameters: 0 0 0

#Transform 73
Transform: AffineTransform_float_3_3
Parameters: 0.999986 0.00286936 -0.00437116 -0.00275231 0.999644 0.0265249 0.00444511 -0.0265123 0.999639 -0.272983 -0.45858 1.79221
FixedParameters: 0 0 0

#Transform 74
Transform: AffineTransform_float_3_3
Parameters: 0.999985 0.00287806 -0.00462328 -0.00275387 0.999642 0.0266069 0.00469851 -0.0265942 0.999635 -0.247851 -0.469584 1.78707
FixedParameters: 0 0 0

#Transform 75
Transform: AffineTransform_float_3_3
Parameters: 0.999986 0.002866 -0.00437062 -0.00274711 0.999635 0.0268637 0.00444588 -0.0268518 0.999629 -0.2493 -0.482285 1.76533
FixedParameters: 0 0 0

#Transform 76
Transform: AffineTransform_float_3_3
Parameters: 0.999986 0.00289787 -0.00438019 -0.00278049 0.999641 0.0266552 0.00445548 -0.0266432 0.999635 -0.247241 -0.453638 1.75021
FixedParameters: 0 0 0

#Transform 77
Transform: AffineTransform_float_3_3
Parameters: 0.999986 0.00276533 -0.00433921 -0.00264834 0.999638 0.0267755 0.00441122 -0.0267629 0.999632 -0.254545 -0.471085 1.78116
FixedParameters: 0 0 0

#Transform 78
Transform: AffineTransform_float_3_3
Parameters: 0.999986 0.00289787 -0.00438019 -0.00278049 0.999641 0.0266552 0.00445548 -0.0266432 0.999635 -0.261999 -0.455643 1.81927
FixedParameters: 0 0 0

#Transform 79
Transform: AffineTransform_float_3_3
Parameters: 0.999986 0.00275041 -0.00442382 -0.00263274 0.999648 0.0263934 0.00449477 -0.0263807 0.999642 -0.26007 -0.466457 1.81938
FixedParameters: 0 0 0

#Transform 80
Transform: AffineTransform_float_3_3
Parameters: 0.999985 0.00248612 -0.00470191 -0.00236718 0.999683 0.0250448 0.0047626 -0.0250338 0.999675 -0.289189 -0.431249 2.00611
FixedParameters: 0 0 0

#Transform 81
Transform: AffineTransform_float_3_3
Parameters: 0.999961 0.00324743 -0.00825836 -0.00294566 0.99934 0.0362002 0.00837004 -0.0361746 0.99931 -0.335764 -0.865425 2.93569
FixedParameters: 0 0 0

#Transform 82
Transform: AffineTransform_float_3_3
Parameters: 0.999974 0.00335079 -0.00637343 -0.00310049 0.999239 0.0388891 0.00649845 -0.038868 0.999223 -0.244172 -0.53581 1.97632
FixedParameters: 0 0 0

#Transform 83
Transform: AffineTransform_float_3_3
Parameters: 0.999973 0.00370725 -0.00623197 -0.00350128 0.999456 0.0327681 0.00635037 -0.0327453 0.999443 -0.253046 -0.420654 1.83605
FixedParameters: 0 0 0

#Transform 84
Transform: AffineTransform_float_3_3
Parameters: 0.999971 0.00385924 -0.00657756 -0.00363402 0.999418 0.0339123 0.00670455 -0.0338871 0.999403 -0.24158 -0.626564 1.99011
FixedParameters: 0 0 0

#Transform 85
Transform: AffineTransform_float_3_3
Parameters: 0.999973 0.00326029 -0.00656484 -0.0030463 0.99947 0.0324242 0.00666658 -0.0324039 0.999453 -0.247286 -0.532665 1.93851
FixedParameters: 0 0 0

#Transform 86
Transform: AffineTransform_float_3_3
Parameters: 0.999974 0.00414253 -0.00586593 -0.00391184 0.99924 0.0387848 0.00602278 -0.0387605 0.99923 -0.330235 -0.798057 2.3488
FixedParameters: 0 0 0

#Transform 87
Transform: AffineTransform_float_3_3
Parameters: 0.999994 0.00287666 -0.00207293 -0.00275323 0.998341 0.0575054 0.00223555 -0.0574997 0.998343 -0.393761 -1.14194 2.83741
FixedParameters: 0 0 0

#Transform 88
Transform: AffineTransform_float_3_3
Parameters: 0.999995 0.00206627 -0.00243314 -0.00191643 0.998186 0.0601796 0.00255277 -0.060175 0.998185 -0.354622 -1.20942 2.9648
FixedParameters: 0 0 0

#Transform 89
Transform: AffineTransform_float_3_3
Parameters: 0.999993 0.00221589 -0.00319584 -0.00202063 0.9982 0.0599355 0.00332264 -0.0599281 0.998197 -0.351903 -1.1109 2.75722
FixedParameters: 0 0 0

#Transform 90
Transform: AffineTransform_float_3_3
Parameters: 0.999993 0.0024176 -0.00286079 -0.00224648 0.998285 0.0585058 0.00299754 -0.0584989 0.998283 -0.330352 -1.07962 2.58542
FixedParameters: 0 0 0

#Transform 91
Transform: AffineTransform_float_3_3
Parameters: 0.999985 0.0032582 -0.00427415 -0.0030265 0.998584 0.0531173 0.00444123 -0.0531039 0.998579 -0.270017 -0.800704 2.11411
FixedParameters: 0 0 0

#Transform 92
Transform: AffineTransform_float_3_3
Parameters: 0.999971 0.00380808 -0.00660536 -0.00346291 0.99867 0.0514429 0.00679199 -0.0514187 0.998654 -0.241441 -0.915217 2.33305
FixedParameters: 0 0 0

#Transform 93
Transform: AffineTransform_float_3_3
Parameters: 0.999974 0.00366071 -0.00635063 -0.00335967 0.998903 0.0467088 0.00651398 -0.0466872 0.998888 -0.182967 -0.78868 1.90635
FixedParameters: 0 0 0

#Transform 94
Transform: AffineTransform_float_3_3
Parameters: 0.999976 0.00393631 -0.00575425 -0.00367283 0.998978 0.0450508 0.00592619 -0.0450288 0.998969 -0.244438 -0.767408 1.98889
FixedParameters: 0 0 0

#Transform 95
Transform: AffineTransform_float_3_3
Parameters: 0.99998 0.0036207 -0.00531821 -0.00337929 0.998992 0.0447476 0.00547436 -0.0447291 0.998984 -0.257905 -0.795937 2.1044
FixedParameters: 0 0 0

#Transform 96
Transform: AffineTransform_float_3_3
Parameters: 0.999988 0.00293847 -0.00377886 -0.00276995 0.999037 0.0437934 0.00390347 -0.0437829 0.999034 -0.285924 -0.686179 2.03221
FixedParameters: 0 0 0

#Transform 97
Transform: AffineTransform_float_3_3
Parameters: 0.99998 0.00330938 -0.0053607 -0.00306559 0.998989 0.0448417 0.00550348 -0.0448246 0.99898 -0.226476 -0.804956 1.91131
FixedParameters: 0 0 0

#Transform 98
Transform: AffineTransform_float_3_3
Parameters: 0.999975 0.00347127 -0.00612593 -0.00319279 0.998993 0.0447708 0.00627546 -0.0447505 0.998978 -0.236917 -0.747715 2.02989
FixedParameters: 0 0 0

#Transform 99
Transform: AffineTransform_float_3_3
Parameters: 0.999976 0.00217107 -0.00656262 -0.00187892 0.999022 0.0441752 0.00665169 -0.0441621 0.999002 -0.159394 -0.840992 2.0025
FixedParameters: 0 0 0

#Transform 100
Transform: AffineTransform_float_3_3
Parameters: 0.999896 0.00607861 -0.0131232 -0.00534844 0.99847 0.0550363 0.0134371 -0.0549607 0.998398 -0.26871 -0.645887 1.97532
FixedParameters: 0 0 0

#Transform 101
Transform: AffineTransform_float_3_3
Parameters: 0.999851 0.00743324 -0.0155889 -0.00666963 0.998801 0.0484921 0.01593 -0.0483811 0.998702 -0.0776896 -0.731917 1.52786
FixedParameters: 0 0 0

#Transform 102
Transform: AffineTransform_float_3_3
Parameters: 0.999977 0.0024992 -0.00638865 -0.00228642 0.99945 0.0330664 0.00646741 -0.0330514 0.999432 -0.0812585 -0.481301 1.08111
FixedParameters: 0 0 0

#Transform 103
Transform: AffineTransform_float_3_3
Parameters: 0.999957 0.00381864 -0.00845813 -0.00350222 0.999307 0.0370639 0.00859398 -0.0370332 0.999277 -0.183696 -0.734924 1.9775
FixedParameters: 0 0 0

#Transform 104
Transform: AffineTransform_float_3_3
Parameters: 0.999944 0.00367958 -0.00997138 -0.00332095 0.999355 0.0357704 0.0100963 -0.0357355 0.999311 -0.214707 -0.635479 1.91416
FixedParameters: 0 0 0

#Transform 105
Transform: AffineTransform_float_3_3
Parameters: 0.999957 0.00333542 -0.00861786 -0.0030773 0.99955 0.0298359 0.00871346 -0.0298086 0.999518 -0.195093 -0.494091 1.98392
FixedParameters: 0 0 0

#Transform 106
Transform: AffineTransform_float_3_3
Parameters: 0.999964 0.00321951 -0.00783949 -0.00299473 0.999589 0.028485 0.00792849 -0.0284599 0.999564 -0.174118 -0.500752 1.90321
FixedParameters: 0 0 0

#Transform 107
Transform: AffineTransform_float_3_3
Parameters: 0.999968 0.00296416 -0.00757568 -0.00274701 0.999589 0.0285229 0.00765672 -0.0285018 0.999565 -0.193132 -0.529975 1.92577
FixedParameters: 0 0 0

#Transform 108
Transform: AffineTransform_float_3_3
Parameters: 0.999971 0.00284816 -0.00709723 -0.00265285 0.999621 0.0274107 0.00717237 -0.0273908 0.999599 -0.204657 -0.509481 1.93292
FixedParameters: 0 0 0

#Transform 109
Transform: AffineTransform_float_3_3
Parameters: 0.999971 0.00251727 -0.00717379 -0.00232559 0.999647 0.0264659 0.00723744 -0.0264492 0.999624 -0.199695 -0.484162 1.94031
FixedParameters: 0 0 0

#Transform 110
Transform: AffineTransform_float_3_3
Parameters: 0.999972 0.00264573 -0.0070321 -0.00246155 0.999657 0.0260744 0.00709863 -0.0260565 0.999635 -0.199558 -0.469189 1.85019
FixedParameters: 0 0 0

#Transform 111
Transform: AffineTransform_float_3_3
Parameters: 0.999973 0.00236825 -0.00685606 -0.00219539 0.999683 0.025105 0.00691333 -0.0250894 0.999662 -0.222554 -0.464788 1.94001
FixedParameters: 0 0 0

#Transform 112
Transform: AffineTransform_float_3_3
Parameters: 0.99997 0.00215134 -0.00744036 -0.00198093 0.999735 0.0229415 0.00748781 -0.0229263 0.999709 -0.248668 -0.413083 2.12975
FixedParameters: 0 0 0

#Transform 113
Transform: AffineTransform_float_3_3
Parameters: 0.999968 0.00265785 -0.00760224 -0.00246381 0.999675 0.0253812 0.00766741 -0.0253617 0.999649 -0.228185 -0.494467 2.14806
FixedParameters: 0 0 0

#Transform 114
Transform: AffineTransform_float_3_3
Parameters: 0.99997 0.00256048 -0.00732119 -0.0023754 0.999679 0.0252238 0.00738292 -0.0252053 0.999655 -0.221496 -0.476065 2.12106
FixedParameters: 0 0 0

#Transform 115
Transform: AffineTransform_float_3_3
Parameters: 0.999969 0.00252608 -0.00742369 -0.00234455 0.999697 0.0244886 0.00748325 -0.0244707 0.999672 -0.222748 -0.486237 2.10884
FixedParameters: 0 0 0

#Transform 116
Transform: AffineTransform_float_3_3
Parameters: 0.999967 0.00294239 -0.00762616 -0.00275327 0.999693 0.0246693 0.00769603 -0.0246476 0.999666 -0.19352 -0.480421 1.97865
FixedParameters: 0 0 0

#Transform 117
Transform: AffineTransform_float_3_3
Parameters: 0.999975 0.00250923 -0.00655205 -0.00234987 0.999706 0.0241401 0.00661132 -0.0241236 0.999687 -0.18816 -0.460639 1.84849
FixedParameters: 0 0 0

#Transform 118
Transform: AffineTransform_float_3_3
Parameters: 0.999974 0.00245802 -0.00680003 -0.00229219 0.999705 0.0241525 0.0068577 -0.0241363 0.999685 -0.196584 -0.427328 1.79215
FixedParameters: 0 0 0

#Transform 119
Transform: AffineTransform_float_3_3
Parameters: 0.999974 0.00244032 -0.00679839 -0.00227739 0.99971 0.0239397 0.00685459 -0.0239238 0.99969 -0.189523 -0.445597 1.79569
FixedParameters: 0 0 0
