#Insight Transform File V1.0
#Transform 0
Transform: AffineTransform_float_3_3
Parameters: 0.999999 -0.000610044 -0.00170583 0.000611372 1 0.000646392 0.00170551 -0.000646839 0.999998 -0.0119075 0.00967889 0.176139
FixedParameters: 0 0 0

#Transform 1
Transform: AffineTransform_float_3_3
Parameters: 0.999999 -0.00070435 -0.00168447 0.000706779 0.999999 0.00126062 0.00168352 -0.0012614 0.999998 -0.0288 0.00941102 0.159701
FixedParameters: 0 0 0

#Transform 2
Transform: AffineTransform_float_3_3
Parameters: 0.999999 -0.000835164 -0.00130623 0.000836489 0.999999 0.00102194 0.00130623 -0.00102331 0.999999 -0.0283637 0.0132651 0.163781
FixedParameters: 0 0 0

#Transform 3
Transform: AffineTransform_float_3_3
Parameters: 0.999998 -0.00102058 -0.00139377 0.00102214 0.999999 0.00106038 0.00139334 -0.00106186 0.999998 -0.0114129 0.00680896 0.12421
FixedParameters: 0 0 0

#Transform 4
Transform: AffineTransform_float_3_3
Parameters: 0.999999 -0.000453836 -0.000915534 0.000456314 0.999995 0.00296298 0.000913689 -0.0029631 0.999995 -0.00623626 0.0198592 0.0643764
FixedParameters: 0 0 0

#Transform 5
Transform: AffineTransform_float_3_3
Parameters: 0.999999 -0.000991117 -0.000773448 0.000992668 0.999996 0.0025627 0.000770347 -0.00256291 0.999996 -0.0013476 0.0419073 0.0242663
FixedParameters: 0 0 0

#Transform 6
Transform: AffineTransform_float_3_3
Parameters: 0.999999 -0.000953801 -0.00143005 0.000957218 0.999997 0.00230138 0.00142819 -0.00230337 0.999997 -0.00613092 0.0534492 0.0949636
FixedParameters: 0 0 0

#Transform 7
Transform: AffineTransform_float_3_3
Parameters: 0.999999 -0.000260988 -0.000990576 0.000263884 0.999995 0.00294775 0.00098988 -0.00294756 0.999995 0.0173746 0.0216663 0.0464043
FixedParameters: 0 0 0

#Transform 8
Transform: AffineTransform_float_3_3
Parameters: 0.999998 -0.000630111 -0.00160396 0.000632738 0.999998 0.00195205 0.00160316 -0.00195339 0.999996 0.0432329 -0.0146133 -0.0151668
FixedParameters: 0 0 0

#Transform 9
Transform: AffineTransform_float_3_3
Parameters: 0.999999 -0.000718819 -0.00155623 0.00072055 0.999999 0.00111974 0.00155557 -0.00112121 0.999998 0.00989123 0.0391455 0.0923106
FixedParameters: 0 0 0

#Transform 10
Transform: AffineTransform_float_3_3
Parameters: 0.999999 -0.000160197 -0.00127264 0.000163378 0.999996 0.00291222 0.00127226 -0.002912 0.999995 0.0262625 0.0422498 0.0486192
FixedParameters: 0 0 0

#Transform 11
Transform: AffineTransform_float_3_3
Parameters: 0.999999 -0.000110526 -0.000955489 0.000112567 0.999996 0.00282265 0.000954953 -0.00282304 0.999995 0.0105334 -0.0280727 0.0747244
FixedParameters: 0 0 0

#Transform 12
Transform: AffineTransform_float_3_3
Parameters: 0.999999 -0.0011028 -0.000994818 0.00110501 0.999997 0.0022946 0.000991703 -0.00229602 0.999998 0.026606 0.0356323 0.0281843
FixedParameters: 0 0 0

#Transform 13
Transform: AffineTransform_float_3_3
Parameters: 0.999999 -0.00101322 -0.00074237 0.00101526 0.999996 0.00268181 0.000739784 -0.00268277 0.999996 0.0350655 0.0524201 -0.0193659
FixedParameters: 0 0 0

#Transform 14
Transform: AffineTransform_float_3_3
Parameters: 1 -0.000459598 -0.000403993 0.000460249 0.999996 0.00277629 0.000402834 -0.00277614 0.999996 0.0319058 -0.0663594 0.0893652
FixedParameters: 0 0 0

#Transform 15
Transform: AffineTransform_float_3_3
Parameters: 0.999999 -0.00141279 -0.000233679 0.0014134 0.999996 0.00244891 0.000230125 -0.00244977 0.999997 0.047924 0.0734348 -0.0752229
FixedParameters: 0 0 0

#Transform 16
Transform: AffineTransform_float_3_3
Parameters: 1 4.85177e-05 -0.000389533 -4.78707e-05 0.999997 0.00219426 0.000389876 -0.00219343 0.999998 0.0315172 -0.108479 0.104274
FixedParameters: 0 0 0

#Transform 17
Transform: AffineTransform_float_3_3
Parameters: 1 -0.000271106 -0.00106338 0.000268579 0.999999 -0.00157159 0.00106364 0.00157188 0.999998 0.0241258 -0.0251867 0.0170956
FixedParameters: 0 0 0

#Transform 18
Transform: AffineTransform_float_3_3
Parameters: 1 6.41954e-05 -0.00114242 -6.549e-05 0.999999 -0.00118215 0.00114264 0.00118184 0.999999 0.0154224 -0.0831824 0.0452949
FixedParameters: 0 0 0

#Transform 19
Transform: AffineTransform_float_3_3
Parameters: 0.999999 -8.54736e-05 -0.000742093 8.77047e-05 0.999998 0.00221964 0.00074184 -0.00221982 0.999998 0.0127558 -0.023762 0.013667
FixedParameters: 0 0 0

#Transform 20
Transform: AffineTransform_float_3_3
Parameters: 1 0.000369708 -0.000464716 -0.000371168 0.999997 -0.00200935 0.00046384 0.0020092 0.999998 -0.00551558 -0.00889837 0.00364366
FixedParameters: 0 0 0

#Transform 21
Transform: AffineTransform_float_3_3
Parameters: 0.999999 -0.00125983 -0.000629833 0.00125948 0.999999 -0.000234517 0.000630454 0.000234313 1 0.0179394 -0.0170996 0.0866025
FixedParameters: 0 0 0

#Transform 22
Transform: AffineTransform_float_3_3
Parameters: 1 -0.000664258 -0.000743826 0.000666782 0.999994 0.00340257 0.000741051 -0.00340308 0.999994 -0.00501071 0.333573 -0.0993055
FixedParameters: 0 0 0

#Transform 23
Transform: AffineTransform_float_3_3
Parameters: 1 -0.0010092 -0.000389423 0.00100861 0.999999 0.000357798 0.00038932 -0.000358068 0.999999 3.04709e-05 -0.0498333 0.174375
FixedParameters: 0 0 0

#Transform 24
Transform: AffineTransform_float_3_3
Parameters: 0.999999 -0.000563473 -0.000700418 0.000563799 1 0.000232705 0.000700155 -0.000233495 0.999999 0.0223203 0.00372949 0.134411
FixedParameters: 0 0 0

#Transform 25
Transform: AffineTransform_float_3_3
Parameters: 0.999999 -0.000332568 -0.000712529 0.000333258 1 0.000483825 0.000712207 -0.000484299 0.999999 0.00663245 0.0207698 0.17139
FixedParameters: 0 0 0

#Transform 26
Transform: AffineTransform_float_3_3
Parameters: 0.999999 -0.000717519 -0.0016944 0.000719805 0.999999 0.000933358 0.00169353 -0.000934156 0.999998 0.0167994 -0.0139411 0.216672
FixedParameters: 0 0 0

#Transform 27
Transform: AffineTransform_float_3_3
Parameters: 0.999998 0.000262745 -0.00173419 -0.000255562 0.999991 0.0042761 0.0017347 -0.00427621 0.999989 -0.0124224 0.0803255 0.153419
FixedParameters: 0 0 0

#Transform 28
Transform: AffineTransform_float_3_3
Parameters: 0.999998 0.000332109 -0.00183016 -0.000321957 0.999984 0.0055885 0.00183138 -0.00558763 0.999983 -0.0138063 0.109838 0.159638
FixedParameters: 0 0 0

#Transform 29
Transform: AffineTransform_float_3_3
Parameters: 0.999991 0.00208475 -0.00354626 -0.00202407 0.999853 0.01699 0.0035811 -0.0169827 0.99985 -0.0892383 0.5483 0.27195
FixedParameters: 0 0 0

#Transform 30
Transform: AffineTransform_float_3_3
Parameters: 0.999974 0.00131278 -0.0071807 -0.00108969 0.999522 0.0308958 0.00721817 -0.0308867 0.999497 -0.203242 0.937555 0.270504
FixedParameters: 0 0 0

#Transform 31
Transform: AffineTransform_float_3_3
Parameters: 0.999932 0.00293902 -0.0112733 -0.00224496 0.998129 0.0611119 0.0114318 -0.0610828 0.998067 -0.24924 1.44841 0.503602
FixedParameters: 0 0 0

#Transform 32
Transform: AffineTransform_float_3_3
Parameters: 0.999991 0.00135421 -0.00405792 -0.00128589 0.999858 0.0167928 0.00407991 -0.0167878 0.999851 -0.0804807 0.463012 0.123071
FixedParameters: 0 0 0

#Transform 33
Transform: AffineTransform_float_3_3
Parameters: 0.999993 0.000692975 -0.00368235 -0.000642214 0.999904 0.0138153 0.00369171 -0.013813 0.999897 -0.088115 0.405089 0.29008
FixedParameters: 0 0 0

#Transform 34
Transform: AffineTransform_float_3_3
Parameters: 0.999993 0.000778852 -0.00375704 -0.000728112 0.999908 0.013498 0.00376661 -0.0134955 0.999902 -0.0887741 0.343886 0.293739
FixedParameters: 0 0 0

#Transform 35
Transform: AffineTransform_float_3_3
Parameters: 0.999991 0.000600308 -0.00434643 -0.00053314 0.999881 0.0153722 0.00435522 -0.0153692 0.999873 -0.0923102 0.413482 0.160999
FixedParameters: 0 0 0

#Transform 36
Transform: AffineTransform_float_3_3
Parameters: 0.999983 0.00146112 -0.00565053 -0.00136744 0.999862 0.0165348 0.00567352 -0.0165266 0.999848 -0.135946 0.531208 0.355354
FixedParameters: 0 0 0

#Transform 37
Transform: AffineTransform_float_3_3
Parameters: 0.999989 0.000423752 -0.00449176 -0.000362541 0.999905 0.0137523 0.00449748 -0.0137513 0.999895 -0.0827459 0.324513 0.391827
FixedParameters: 0 0 0

#Transform 38
Transform: AffineTransform_float_3_3
Parameters: 0.999962 0.0028376 -0.00832675 -0.00268412 0.999827 0.0184203 0.00837827 -0.0183968 0.999796 -0.223068 0.433942 0.75423
FixedParameters: 0 0 0

#Transform 39
Transform: AffineTransform_float_3_3
Parameters: 0.999999 -3.60126e-05 -0.000812349 4.38397e-05 0.999946 0.0103233 0.000811772 -0.0103228 0.999947 -0.00875387 0.28881 0.252006
FixedParameters: 0 0 0

#Transform 40
Transform: AffineTransform_float_3_3
Parameters: 0.999999 -0.000323458 -0.000551292 0.000328738 0.999961 0.00884217 0.000547807 -0.00884258 0.999961 -0.0148872 0.267177 0.031873
FixedParameters: 0 0 0

#Transform 41
Transform: AffineTransform_float_3_3
Parameters: 0.999998 -0.000370678 -0.00175815 0.000383231 0.999972 0.00746597 0.0017545 -0.00746624 0.999971 -0.0199071 0.311901 0.0576036
FixedParameters: 0 0 0

#Transform 42
Transform: AffineTransform_float_3_3
Parameters: 0.999987 0.00398958 -0.00321469 -0.00390502 0.999654 0.0260405 0.00331814 -0.0260274 0.999656 -0.136949 0.851662 0.32722
FixedParameters: 0 0 0

#Transform 43
Transform: AffineTransform_float_3_3
Parameters: 0.999976 0.00276066 -0.00644827 -0.00255787 0.99951 0.0311975 0.00653182 -0.0311803 0.999492 -0.14046 0.808127 0.434449
FixedParameters: 0 0 0

#Transform 44
Transform: AffineTransform_float_3_3
Parameters: 0.999953 0.00225145 -0.00934212 -0.00173431 0.998489 0.0549262 0.00945192 -0.0549067 0.998447 -0.130712 1.4763 0.639083
FixedParameters: 0 0 0

#Transform 45
Transform: AffineTransform_float_3_3
Parameters: 0.999942 0.0048481 -0.00968968 -0.00402966 0.996559 0.0827935 0.0100573 -0.08275 0.99652 -0.142711 2.34287 0.375108
FixedParameters: 0 0 0

#Transform 46
Transform: AffineTransform_float_3_3
Parameters: 0.99994 0.00597653 -0.00914956 -0.00514217 0.996044 0.0887098 0.00964378 -0.088657 0.996016 -0.11609 2.0285 0.793971
FixedParameters: 0 0 0

#Transform 47
Transform: AffineTransform_float_3_3
Parameters: 0.999989 0.00258679 -0.00393314 -0.00233686 0.99806 0.062212 0.00408655 -0.0622019 0.998055 0.0284273 1.28752 0.519657
FixedParameters: 0 0 0

#Transform 48
Transform: AffineTransform_float_3_3
Parameters: 0.999999 0.00132503 -0.00122853 -0.00127474 0.999203 0.0399029 0.00128004 -0.0399007 0.999203 0.0798909 1.2058 0.219042
FixedParameters: 0 0 0

#Transform 49
Transform: AffineTransform_float_3_3
Parameters: 0.999996 0.00244123 -7.60432e-05 -0.00243704 0.999487 0.0319444 0.000154624 -0.0319446 0.99949 0.156138 0.858349 0.173096
FixedParameters: 0 0 0

#Transform 50
Transform: AffineTransform_float_3_3
Parameters: 0.999987 -0.000792728 0.00515773 0.000729176 0.999923 0.012463 -0.0051675 -0.0124597 0.999909 0.20738 0.486755 0.229857
FixedParameters: 0 0 0

#Transform 51
Transform: AffineTransform_float_3_3
Parameters: 0.999997 0.000827599 0.00222555 -0.000872906 0.999794 0.0202609 -0.00220788 -0.0202624 0.999792 0.111948 0.846059 0.286306
FixedParameters: 0 0 0

#Transform 52
Transform: AffineTransform_float_3_3
Parameters: 0.999971 -0.00282926 0.00712726 0.00294516 0.999862 -0.0163633 -0.00707982 0.016384 0.999841 0.215181 -0.303351 -0.0122903
FixedParameters: 0 0 0

#Transform 53
Transform: AffineTransform_float_3_3
Parameters: 0.999956 0.00272699 0.00896622 -0.00301571 0.999474 0.0323062 -0.00887366 -0.032332 0.999438 0.39999 1.26244 0.0355014
FixedParameters: 0 0 0

#Transform 54
Transform: AffineTransform_float_3_3
Parameters: 0.999798 0.00831159 0.0183116 -0.00968066 0.997059 0.0760223 -0.0176253 -0.0761845 0.996938 0.546606 1.52671 0.368489
FixedParameters: 0 0 0

#Transform 55
Transform: AffineTransform_float_3_3
Parameters: 0.999783 -0.00442614 0.0203422 0.00514531 0.999357 -0.0354788 -0.0201727 0.0355758 0.999163 0.613593 -0.728743 -0.337411
FixedParameters: 0 0 0

#Transform 56
Transform: AffineTransform_float_3_3
Parameters: 0.999731 -0.00248073 0.0230619 0.00320634 0.999499 -0.031474 -0.0229721 0.0315393 0.999239 0.689875 -0.383446 -0.587964
FixedParameters: 0 0 0

#Transform 57
Transform: AffineTransform_float_3_3
Parameters: 0.999767 -0.00168274 0.0215282 0.00229172 0.999597 -0.0282897 -0.0214716 0.0283326 0.999368 0.633438 -0.405742 -0.542901
FixedParameters: 0 0 0

#Transform 58
Transform: AffineTransform_float_3_3
Parameters: 0.99976 -0.000633564 0.0219132 0.00123873 0.999618 -0.0276137 -0.0218869 0.0276343 0.999379 0.644184 -0.442633 -0.593591
FixedParameters: 0 0 0

#Transform 59
Transform: AffineTransform_float_3_3
Parameters: 0.999792 -0.00223046 0.0202943 0.00263958 0.999793 -0.0201706 -0.0202456 0.0202202 0.99959 0.585618 0.0852475 -0.61846
FixedParameters: 0 0 0

#Transform 60
Transform: AffineTransform_float_3_3
Parameters: 0.999867 -0.00559689 0.0152954 0.00595048 0.999714 -0.0231509 -0.0151614 0.0232391 0.999615 0.540377 -0.457203 -0.575702
FixedParameters: 0 0 0

#Transform 61
Transform: AffineTransform_float_3_3
Parameters: 0.999845 -0.0014058 0.0175462 0.00176324 0.999791 -0.0203539 -0.0175144 0.0203812 0.999639 0.513776 0.119007 -0.551593
FixedParameters: 0 0 0

#Transform 62
Transform: AffineTransform_float_3_3
Parameters: 0.999803 0.000667598 0.019832 -0.000393115 0.999905 -0.0137915 -0.0198396 0.0137812 0.999709 0.544926 -0.0584691 -0.29143
FixedParameters: 0 0 0

#Transform 63
Transform: AffineTransform_float_3_3
Parameters: 0.99994 -0.000116161 0.0110154 0.000118703 1 -0.00024613 -0.0110151 0.000248074 0.999939 0.279905 0.341701 -0.302901
FixedParameters: 0 0 0

#Transform 64
Transform: AffineTransform_float_3_3
Parameters: 0.999965 -0.00176777 0.00819263 0.0017809 0.999997 -0.00161071 -0.00818902 0.00162523 0.999965 0.299214 0.209767 -0.210628
FixedParameters: 0 0 0

#Transform 65
Transform: AffineTransform_float_3_3
Parameters: 0.999933 0.00936302 0.00677217 -0.00931578 0.999933 -0.00697909 -0.00683685 0.00691526 0.999953 0.355632 0.0462512 -0.529119
FixedParameters: 0 0 0

#Transform 66
Transform: AffineTransform_float_3_3
Parameters: 0.99974 0.00695984 0.0217364 -0.00696858 0.999976 0.000334657 -0.0217331 -0.000486033 0.999764 0.552766 0.487986 -0.393001
FixedParameters: 0 0 0

#Transform 67
Transform: AffineTransform_float_3_3
Parameters: 0.999701 -0.00309251 0.0242788 0.00264648 0.999828 0.0183752 -0.0243313 -0.0183049 0.999536 0.813719 0.603208 -0.123155
FixedParameters: 0 0 0

#Transform 68
Transform: AffineTransform_float_3_3
Parameters: 0.999783 -0.000137069 0.0207917 5.77784e-05 0.999992 0.00385235 -0.0207922 -0.00385042 0.999777 0.557093 0.365663 -0.0676849
FixedParameters: 0 0 0

#Transform 69
Transform: AffineTransform_float_3_3
Parameters: 0.999746 -0.00119618 0.0225326 0.000987699 0.999956 0.00927201 -0.0225427 -0.00924721 0.999704 0.67588 0.334395 -0.0847751
FixedParameters: 0 0 0

#Transform 70
Transform: AffineTransform_float_3_3
Parameters: 0.999622 -0.0052009 0.0269966 0.0045354 0.999685 0.0246583 -0.0271168 -0.0245258 0.999332 0.831208 0.845945 -0.0995402
FixedParameters: 0 0 0

#Transform 71
Transform: AffineTransform_float_3_3
Parameters: 0.999535 -0.0170168 0.0253312 0.0162717 0.999437 0.0293421 -0.025816 -0.0289166 0.999248 1.10824 0.875324 0.0776526
FixedParameters: 0 0 0

#Transform 72
Transform: AffineTransform_float_3_3
Parameters: 0.999689 -0.0036644 0.0246799 0.00308902 0.999724 0.0232929 -0.0247587 -0.0232096 0.999425 0.906274 0.64656 0.0779446
FixedParameters: 0 0 0

#Transform 73
Transform: AffineTransform_float_3_3
Parameters: 0.999765 -0.00533382 0.0209873 0.00498646 0.999851 0.0165485 -0.021073 -0.0164405 0.999643 0.7828 0.612991 -0.0235441
FixedParameters: 0 0 0

#Transform 74
Transform: AffineTransform_float_3_3
Parameters: 0.999786 -0.00544509 0.0199297 0.00512616 0.999859 0.015989 -0.0200136 -0.0158837 0.999674 0.753567 0.597178 0.0262384
FixedParameters: 0 0 0

#Transform 75
Transform: AffineTransform_float_3_3
Parameters: 0.999781 -0.00572464 0.020131 0.00545022 0.999892 0.0136784 -0.0202065 -0.0135652 0.999704 0.755896 0.529427 -0.0369836
FixedParameters: 0 0 0

#Transform 76
Transform: AffineTransform_float_3_3
Parameters: 0.999766 -0.0058532 0.0208015 0.0055776 0.999897 0.0132741 -0.0208777 -0.0131548 0.999696 0.761822 0.473688 0.215912
FixedParameters: 0 0 0

#Transform 77
Transform: AffineTransform_float_3_3
Parameters: 0.99979 -0.00517486 0.0198079 0.00493417 0.999914 0.0121655 -0.0198687 -0.0120653 0.99973 0.725814 0.492376 0.095539
FixedParameters: 0 0 0

#Transform 78
Transform: AffineTransform_float_3_3
Parameters: 0.999768 -0.00515581 0.0209273 0.00499597 0.999958 0.00769893 -0.020967 -0.00759192 0.999751 0.766765 0.348805 -0.184939
FixedParameters: 0 0 0

#Transform 79
Transform: AffineTransform_float_3_3
Parameters: 0.999628 -0.00588455 0.0266167 0.00701301 0.999071 -0.0425178 -0.0263421 0.0426881 0.998741 0.750534 -1.06749 -0.892517
FixedParameters: 0 0 0

#Transform 80
Transform: AffineTransform_float_3_3
Parameters: 0.999855 -0.00800728 0.0150513 0.0104124 0.985864 -0.16722 -0.0135001 0.167353 0.985805 0.337809 -3.57192 -1.77054
FixedParameters: 0 0 0

#Transform 81
Transform: AffineTransform_float_3_3
Parameters: 0.999888 -0.00715756 0.0131554 0.00871652 0.99243 -0.122502 -0.012179 0.122603 0.992381 0.373047 -2.2075 -1.44785
FixedParameters: 0 0 0

#Transform 82
Transform: AffineTransform_float_3_3
Parameters: 0.999788 -0.0070159 0.0193594 0.00887405 0.995186 -0.0975953 -0.0185815 0.0977461 0.995038 0.610022 -1.72474 -1.31495
FixedParameters: 0 0 0

#Transform 83
Transform: AffineTransform_float_3_3
Parameters: 0.999809 -0.00545979 0.0187659 0.00702039 0.99643 -0.0841243 -0.0182395 0.0842399 0.996278 0.572073 -1.43391 -1.02434
FixedParameters: 0 0 0

#Transform 84
Transform: AffineTransform_float_3_3
Parameters: 0.999795 -0.00510174 0.019604 0.00663538 0.996855 -0.0789704 -0.0191402 0.079085 0.996684 0.593978 -1.3062 -1.01989
FixedParameters: 0 0 0

#Transform 85
Transform: AffineTransform_float_3_3
Parameters: 0.99981 -0.00418589 0.0190592 0.00565063 0.99698 -0.0774558 -0.018678 0.077549 0.996814 0.56838 -1.29976 -0.937413
FixedParameters: 0 0 0

#Transform 86
Transform: AffineTransform_float_3_3
Parameters: 0.999831 -0.00411597 0.0178893 0.0054877 0.996989 -0.0773451 -0.0175163 0.0774304 0.996844 0.527205 -1.23155 -0.919449
FixedParameters: 0 0 0

#Transform 87
Transform: AffineTransform_float_3_3
Parameters: 0.999835 -0.00354712 0.0178419 0.00488489 0.997136 -0.0754653 -0.017523 0.0755395 0.996989 0.516687 -1.24982 -0.814501
FixedParameters: 0 0 0

#Transform 88
Transform: AffineTransform_float_3_3
Parameters: 0.999841 -0.00387842 0.0173843 0.00516377 0.997203 -0.0745541 -0.0170464 0.0746318 0.997065 0.518743 -1.19652 -0.869964
FixedParameters: 0 0 0

#Transform 89
Transform: AffineTransform_float_3_3
Parameters: 0.999824 -0.00375258 0.0183767 0.0050997 0.997256 -0.0738554 -0.0180494 0.0739357 0.997099 0.526245 -1.11216 -0.86893
FixedParameters: 0 0 0

#Transform 90
Transform: AffineTransform_float_3_3
Parameters: 0.99987 -0.00469458 0.015416 0.00574857 0.997595 -0.0690721 -0.0150547 0.0691518 0.997492 0.419708 -0.950745 -0.8598
FixedParameters: 0 0 0

#Transform 91
Transform: AffineTransform_float_3_3
Parameters: 0.999856 -0.00635904 0.0157176 0.00762596 0.996609 -0.0819329 -0.0151429 0.082041 0.996515 0.427634 -1.45677 -0.98765
FixedParameters: 0 0 0

#Transform 92
Transform: AffineTransform_float_3_3
Parameters: 0.999833 -0.00611453 0.0172261 0.00763119 0.995967 -0.0893966 -0.0166101 0.0895125 0.995847 0.423175 -1.26783 -1.20173
FixedParameters: 0 0 0

#Transform 93
Transform: AffineTransform_float_3_3
Parameters: 0.999857 -0.00258983 0.0166938 0.00371967 0.997678 -0.0680075 -0.0164793 0.0680597 0.997545 0.436916 -0.858555 -0.97596
FixedParameters: 0 0 0

#Transform 94
Transform: AffineTransform_float_3_3
Parameters: 0.999816 -0.00601304 0.0182541 0.00697792 0.998557 -0.0532608 -0.0179067 0.0533789 0.998414 0.368201 -0.343539 -0.748468
FixedParameters: 0 0 0

#Transform 95
Transform: AffineTransform_float_3_3
Parameters: 0.999795 -0.016034 0.0122866 0.0164124 0.999374 -0.0313561 -0.0117767 0.031551 0.999432 0.312303 -0.10475 -0.359494
FixedParameters: 0 0 0

#Transform 96
Transform: AffineTransform_float_3_3
Parameters: 0.999851 -0.0103669 0.0138357 0.0107641 0.999523 -0.0289224 -0.0135295 0.0290665 0.999486 0.386568 -0.386405 -0.281752
FixedParameters: 0 0 0

#Transform 97
Transform: AffineTransform_float_3_3
Parameters: 0.999911 -0.00821598 0.0104599 0.00906767 0.996417 -0.0840862 -0.00973156 0.0841735 0.996404 0.250473 -0.642647 -1.20079
FixedParameters: 0 0 0

#Transform 98
Transform: AffineTransform_float_3_3
Parameters: 0.999919 -0.00589626 0.0112559 0.00651256 0.998436 -0.0555226 -0.0109116 0.055591 0.998394 0.299099 -0.260672 -0.742581
FixedParameters: 0 0 0

#Transform 99
Transform: AffineTransform_float_3_3
Parameters: 0.999913 -0.00546856 0.0120126 0.00610128 0.998561 -0.0532958 -0.0117033 0.0533646 0.998506 0.334276 -0.363832 -0.617353
FixedParameters: 0 0 0

#Transform 100
Transform: AffineTransform_float_3_3
Parameters: 0.999914 -0.00539316 0.0119354 0.00599377 0.998684 -0.0509295 -0.0116454 0.0509966 0.998631 0.28904 -0.396982 -0.535247
FixedParameters: 0 0 0

#Transform 101
Transform: AffineTransform_float_3_3
Parameters: 0.999905 -0.00575675 0.0125463 0.00639813 0.998644 -0.0516576 -0.0122322 0.0517336 0.998586 0.324935 -0.52464 -0.544732
FixedParameters: 0 0 0

#Transform 102
Transform: AffineTransform_float_3_3
Parameters: 0.999905 -0.00537058 0.0127012 0.00601066 0.998684 -0.0509281 -0.0124107 0.0509989 0.998621 0.326165 -0.555698 -0.540282
FixedParameters: 0 0 0

#Transform 103
Transform: AffineTransform_float_3_3
Parameters: 0.999912 -0.0047233 0.012388 0.00535179 0.998674 -0.0512055 -0.0121299 0.0512678 0.998612 0.3166 -0.523732 -0.580239
FixedParameters: 0 0 0

#Transform 104
Transform: AffineTransform_float_3_3
Parameters: 0.999906 -0.00520942 0.0126735 0.00584986 0.998677 -0.0510724 -0.0123907 0.0511421 0.998615 0.334932 -0.530625 -0.609124
FixedParameters: 0 0 0

#Transform 105
Transform: AffineTransform_float_3_3
Parameters: 0.999903 -0.00514156 0.0129744 0.00580815 0.998636 -0.0518898 -0.0126897 0.0519599 0.998568 0.350991 -0.564159 -0.600884
FixedParameters: 0 0 0

#Transform 106
Transform: AffineTransform_float_3_3
Parameters: 0.999881 -0.00472164 0.0146717 0.005498 0.998563 -0.0533074 -0.0143998 0.0533808 0.99847 0.374149 -0.594503 -0.620863
FixedParameters: 0 0 0

#Transform 107
Transform: AffineTransform_float_3_3
Parameters: 0.999879 -0.00467388 0.0148602 0.00544182 0.998628 -0.0520741 -0.0145972 0.052149 0.998533 0.373094 -0.531268 -0.570484
FixedParameters: 0 0 0

#Transform 108
Transform: AffineTransform_float_3_3
Parameters: 0.999883 -0.00481274 0.0145148 0.00556345 0.998623 -0.0521606 -0.0142435 0.0522354 0.998533 0.363372 -0.532501 -0.596303
FixedParameters: 0 0 0

#Transform 109
Transform: AffineTransform_float_3_3
Parameters: 0.999886 -0.00483473 0.0143338 0.00557516 0.998629 -0.0520475 -0.014063 0.0521204 0.998542 0.358468 -0.521356 -0.505037
FixedParameters: 0 0 0

#Transform 110
Transform: AffineTransform_float_3_3
Parameters: 0.999895 -0.00494594 0.0136234 0.00564339 0.99865 -0.0516293 -0.0133497 0.0517005 0.998573 0.340007 -0.36605 -0.58019
FixedParameters: 0 0 0

#Transform 111
Transform: AffineTransform_float_3_3
Parameters: 0.999888 -0.00466154 0.0142214 0.00538484 0.998673 -0.0512157 -0.0139643 0.0512869 0.998586 0.358651 -0.529626 -0.526888
FixedParameters: 0 0 0

#Transform 112
Transform: AffineTransform_float_3_3
Parameters: 0.999887 -0.00467322 0.0143408 0.00540898 0.998649 -0.0516847 -0.0140803 0.0517566 0.998561 0.362954 -0.512914 -0.55818
FixedParameters: 0 0 0

#Transform 113
Transform: AffineTransform_float_3_3
Parameters: 0.999887 -0.00480035 0.0142216 0.00553232 0.998634 -0.0519459 -0.0139529 0.0520189 0.998549 0.356087 -0.528131 -0.528565
FixedParameters: 0 0 0

#Transform 114
Transform: AffineTransform_float_3_3
Parameters: 0.999893 -0.00464644 0.0138799 0.00536121 0.99864 -0.0518617 -0.0136201 0.051931 0.998557 0.352351 -0.491088 -0.570082
FixedParameters: 0 0 0

#Transform 115
Transform: AffineTransform_float_3_3
Parameters: 0.99989 -0.00484761 0.0139991 0.00555857 0.99867 -0.0512565 -0.0137321 0.0513288 0.998588 0.350643 -0.531721 -0.525792
FixedParameters: 0 0 0

#Transform 116
Transform: AffineTransform_float_3_3
Parameters: 0.999896 -0.00599763 0.0131555 0.00665931 0.998686 -0.0508237 -0.0128339 0.0509059 0.998621 0.301983 -0.288708 -0.644537
FixedParameters: 0 0 0

#Transform 117
Transform: AffineTransform_float_3_3
Parameters: 0.999941 -0.00570642 0.00928673 0.00620151 0.998511 -0.0541894 -0.00896333 0.0542432 0.998488 0.0887346 -0.445999 -0.338409
FixedParameters: 0 0 0

#Transform 118
Transform: AffineTransform_float_3_3
Parameters: 0.999916 -0.00486625 0.0119961 0.00553022 0.998418 -0.0559604 -0.0117055 0.0560218 0.998361 0.238958 -0.671071 0.105884
FixedParameters: 0 0 0

#Transform 119
Transform: AffineTransform_float_3_3
Parameters: 0.999873 -0.00459163 0.0152983 0.0057016 0.997291 -0.0733317 -0.0149199 0.0734096 0.99719 0.312661 -1.0475 -0.783401
FixedParameters: 0 0 0
