# transform file /out/sourcedata/freesurfer/sub-v1s19x0051304_ses-1/mri/transforms/cc_up.lta
# created by oesteban on Thu Mar 12 14:33:16 2026

type      = 0 # LINEAR_VOX_TO_VOX
nxforms   = 1
mean      = 122.0000 114.0000 130.0000
sigma     = 10000.0000
1 4 4
9.816409945487976e-01 -1.854194253683090e-01 -4.473055526614189e-02 3.044915580749512e+01 
1.852272301912308e-01 9.826595783233643e-01 -8.440272882580757e-03 1.208761405944824e+01 
4.551989585161209e-02 0.000000000000000e+00 9.989635348320007e-01 5.708071589469910e-01 
0.000000000000000e+00 0.000000000000000e+00 0.000000000000000e+00 1.000000000000000e+00 
src volume info
valid = 1  # volume info valid
filename = /out/sourcedata/freesurfer/sub-v1s19x0051304_ses-1/mri/norm.mgz
volume = 256 256 256
voxelsize = 1.000000000000000e+00 1.000000000000000e+00 1.000000000000000e+00
xras   = -1.000000000000000e+00 0.000000000000000e+00 0.000000000000000e+00
yras   = 0.000000000000000e+00 0.000000000000000e+00 -1.000000000000000e+00
zras   = 0.000000000000000e+00 1.000000000000000e+00 0.000000000000000e+00
cras   = 5.027465820312500e+00 5.837303161621094e+00 3.884185791015625e+00
dst volume info
valid = 1  # volume info valid
filename = /out/sourcedata/freesurfer/sub-v1s19x0051304_ses-1/mri/norm.mgz
volume = 256 256 256
voxelsize = 1.000000000000000e+00 1.000000000000000e+00 1.000000000000000e+00
xras   = -1.000000000000000e+00 0.000000000000000e+00 0.000000000000000e+00
yras   = 0.000000000000000e+00 0.000000000000000e+00 -1.000000000000000e+00
zras   = 0.000000000000000e+00 1.000000000000000e+00 0.000000000000000e+00
cras   = 5.027465820312500e+00 5.837303161621094e+00 3.884185791015625e+00
